Params: 	17
Performance: 	0.755039558056873
Term	Coefficient	Standard Error	p-value	95% CI lower	95% CI upper
Intercept	8.491837070105657
1	-0.005959665345451719	0.0016254368469095799	0.0002460865188746026	-0.010793603368328882	-0.0011257273225745556
2	0.05110797129887656	0.0016254368491807963	2.143133272527275e-215	0.04627403326924495	0.05594190932850816
3	0.47382612559206766	0.001625436837064987	0.0	0.46899218759846767	0.47866006358566765
4	-0.008698939130056427	0.0016254368582696267	8.739734807231351e-08	-0.013532877186717591	-0.003865001073395261
5	0.2436074815039946	0.0016254368582695972	0.0	0.23877354344733354	0.24844141956065569
6	0.013479958176312423	0.0016254368408513	1.1237345911590466e-16	0.00864602017145217	0.018313896181172677
7	0.1479132277513756	0.0016254368582698628	0.0	0.14307928969471373	0.1527471658080375
8	0.2436000490797381	0.0016254368582698728	0.0	0.23876611102307618	0.2484339871364
9	0.015526397561469403	0.0016254368590273253	1.3123460909928667e-21	0.010692459502554895	0.02036033562038391
10	0.16383355697767227	0.0016254368590273205	0.0	0.15899961891875777	0.16866749503658676
11	0.35516926074820426	0.0016254368438800158	0.0	0.3503353227343368	0.3600031987620717
12	0.01006276270903844	0.0016254368559971237	6.021144870826068e-10	0.005228824659135543	0.014896700758941337
13	0.02766786129672717	0.001625436855240496	7.80762768670794e-65	0.02283392324907443	0.032501799344379904
14	0.006305822838124239	0.001625436858269587	0.00010478943160530929	0.0014718847814631916	0.011139760894785286
15	-0.039798239347465916	0.0016254368559987882	8.453700356280062e-132	-0.04463217739737376	-0.03496430129755807
16	0.09897331268091736	0.001625436855997121	0.0	0.09413937463101447	0.10380725073082024
