Params: 	137
Performance: 	0.9564756248884515
Term	Coefficient	Standard Error	p-value	95% CI lower	95% CI upper
Intercept	8.420230510849937
1	-0.03998566653322022	0.0027431413740829653	4.7089962078565796e-48	-0.04976329134185592	-0.030208041724584522
2	0.07820419546318981	0.0027431676348960124	1.1247730762969579e-177	0.06842647705078306	0.08798191387559656
3	0.8612949204672136	0.0027431465772267505	0.0	0.8515172771125459	0.8710725638218813
4	-0.18073126287213181	0.0027431361660168845	0.0	-0.1905088691171905	-0.17095365662707313
5	0.06912769213995572	0.002743199117625739	1.8780177902698975e-139	0.059349861510831985	0.07890552276907946
6	0.014278722877582861	0.002743130898413842	1.943040790467019e-07	0.0045011354083140925	0.024056310346851628
7	0.26505618930448677	0.0027432096459390305	0.0	0.25527832114835175	0.2748340574606218
8	0.31119538815442427	0.0027431257002214337	0.0	0.3014178192135389	0.32097295709530965
9	0.019124051583057702	0.002743120456011339	3.1622167875184512e-12	0.009346501334580665	0.02890160183153474
10	0.18730362723806437	0.002743120456011336	0.0	0.17752607698958733	0.19708117748654141
11	0.5063474442158655	0.002743141374721288	0.0	0.4965698194049546	0.5161250690267765
12	0.016354599243804904	0.0027431623965458105	2.5051784547290984e-09	0.006576899502919561	0.026132298984690248
13	0.043971036131517816	0.0027431047550879072	1.0222169549324102e-57	0.03419354184725025	0.05374853041578538
14	0.014188013324462224	0.0027431361660168263	2.3205028668309962e-07	0.00441040707940373	0.023965619569520716
15	-0.12759670880848673	0.002743110002693718	0.0	-0.1373742217972663	-0.11781919581970715
16	0.04493907887403967	0.002743172872745031	3.3824560632624973e-60	0.03516134179189792	0.054716815956181414
1,2	0.04197266765622719	0.0013715654501678038	3.209113592872049e-204	0.037083873918167844	0.046861461394286534
1,3	0.0028631586160844658	0.0013715654937822147	0.03684579183966315	-0.0020256352774336364	0.007751952509602568
1,4	0.011444340205912507	0.0013715654527218875	7.32008928934482e-17	0.0065555464587494115	0.0163331339530756
1,5	0.005578644598045735	0.0013715654527218894	4.760529726227546e-05	0.0006898508508826331	0.010467438345208836
1,6	0.001985833666231958	0.0013715654610569382	0.14766122736233492	-0.002902960110640506	0.0068746274431044216
1,7	-0.0004236077150823747	0.0013715654527274572	0.7574367691002587	-0.005312401462265323	0.004465186032100573
1,8	0.0007741019365679752	0.0013715654527274588	0.5724886394705908	-0.004114691810614978	0.0056628956837509285
1,9	0.00034237837618340816	0.0013715654559377849	0.8028773865646485	-0.004546415382442399	0.005231172134809215
1,10	0.0012002430427818372	0.001371565455937786	0.38152822001118314	-0.003688550715843973	0.006089036801407648
1,11	0.006329157742599914	0.0013715654123389223	3.946936558465488e-06	0.0014403641393774431	0.011217951345822385
1,12	-0.0011313623659279792	0.0013715654585034762	0.40944875397712976	-0.00602015613369891	0.0037574314018429516
1,13	-0.001110045715875009	0.0013715654373343304	0.4183296993768727	-0.005998839408190854	0.003778747976440836
1,14	0.000616084183778759	0.0013715654527218875	0.6533009812106212	-0.004272709563384336	0.005504877930941854
1,15	0.0005226700028242159	0.001371565443099134	0.7031484558532222	-0.004366123710039636	0.005411463715688068
1,16	-0.0029296429741297314	0.0013715654585034762	0.03268435515116733	-0.007818436741900662	0.0019591507936411994
2,3	-0.031000240323515976	0.0013715654405463068	1.1196613633465784e-112	-0.03588903402728056	-0.026111446619751396
2,4	-0.00396623481087937	0.0013715654713242532	0.0038321965820127166	-0.008855028624348546	0.0009225590025898059
2,5	-0.026480196281901243	0.0013715654713242545	8.054503109869086e-83	-0.03136899009537042	-0.021591402468432063
2,6	0.00036490675630240776	0.0013715654373343304	0.7902005457105163	-0.004523886936013437	0.005253700448618253
2,7	-0.00039372772659833355	0.0013715654841555305	0.7740638617340528	-0.005282521585803181	0.004495066132606514
2,8	-0.005151446756971989	0.001371565484155532	0.00017287739121714764	-0.010040240616176843	-0.0002626528977671353
2,9	0.0018751709982296333	0.0013715654835081445	0.17157493989376965	-0.0030136228586676783	0.006763964855126945
2,10	-0.019501292335055598	0.001371565483508144	8.260836661639822e-46	-0.02439008619195291	-0.014612498478158287
2,11	-0.023937315006192263	0.0013715654578693635	4.699268498209903e-68	-0.02882610877170297	-0.019048521240681557
2,12	0.005907564388524043	0.0013715654989136716	1.6559799614382207e-05	0.0010187704767154297	0.010796358300332657
2,13	-0.0006064236581323768	0.0013715654610569384	0.6583895184107305	-0.005495217435004841	0.004282370118740088
2,14	-0.00020961819702837448	0.001371565471324252	0.8785317491610912	-0.005098412010497546	0.004679175616440797
2,15	0.005257615928220362	0.0013715654706794593	0.00012655615388712816	0.0003688221170494834	0.010146409739391241
2,16	0.001675604047980131	0.001371565498913672	0.22183584964932607	-0.0032131898638284844	0.006564397959788746
3,4	-0.12774770064934193	0.0013715654559377866	0.0	-0.13263649440796774	-0.12285890689071612
3,5	-0.1755030917597993	0.001371565455937786	0.0	-0.1803918855184251	-0.1706142980011735
3,6	-0.01183791338161383	0.0013715654424757652	6.218301031768072e-18	-0.016726707092255752	-0.006949119670971907
3,7	-0.03246816889852309	0.001371565453364095	2.302836323079511e-123	-0.037356962647975264	-0.027579375149070915
3,8	-0.11293254755565305	0.0013715654533640953	0.0	-0.11782134130510521	-0.10804375380620088
3,9	0.0037763398131357116	0.0013715654527218886	0.0059012947783314215	-0.0011124539340273878	0.008665133560298811
3,10	-0.11414779029261123	0.0013715654527218894	0.0	-0.11903658403977432	-0.10925899654544813
3,11	-0.2144314902551813	0.0013715654296436116	0.0	-0.21932028392008443	-0.20954269659027816
3,12	0.027697920376643356	0.0013715654347787548	2.0724318239722095e-90	0.022809126693436578	0.032586714059850135
3,13	-0.006541695152007414	0.0013715654200256485	1.850717548752367e-06	-0.011430488782628371	-0.0016529015213864557
3,14	0.0014842435623577538	0.0013715654559377849	0.2791885749202808	-0.003404550196268053	0.006373037320983561
3,15	0.02970403367254415	0.0013715654296429865	1.209411321331581e-103	0.02481524000764325	0.03459282733744505
3,16	-0.013880701166736682	0.001371565434778755	4.675905327947542e-24	-0.01876949484994346	-0.008991907483529904
4,5	0.6252917883730642	0.0013715654867202816	0.0	0.6204029945047176	0.6301805822414108
4,6	0.0025970138931537545	0.0013715654270816085	0.05830020101644721	-0.0022917797626173944	0.0074858075489249035
4,7	-0.013575741945622895	0.0013715654841569467	4.4091018271597704e-23	-0.01846453580483279	-0.008686948086412998
4,8	-0.03979673525387127	0.001371565484156948	6.188715512983912e-184	-0.04468552911308117	-0.03490794139466137
4,9	-0.002359307029024038	0.001371565493782211	0.08540876478477644	-0.007248100922542126	0.00252948686449405
4,10	-0.06019137389992153	0.0013715654937822145	0.0	-0.06508016779343963	-0.05530258000640343
4,11	-0.026281849161515734	0.001371565470679459	1.2896663900516087e-81	-0.031170642972686614	-0.021393055350344855
4,12	-0.0065967663012826815	0.0013715654681087442	1.5152163776557326e-06	-0.011485560103290531	-0.0017079724992748327
4,13	-0.0024879990885408043	0.0013715654764697627	0.0696846287720182	-0.0073767929203505805	0.002400794743268972
4,14	-0.0017407262360338883	0.0013715654867202838	0.2043910736049379	-0.006629520104380516	0.0031480676323127395
4,15	-0.003965981224487727	0.001371565457869364	0.003834451566177233	-0.008854774989998435	0.0009228125410229802
4,16	-0.006553604811864136	0.0013715654681087442	1.7726056338192178e-06	-0.011442398613871984	-0.0016648110098562872
5,6	-0.006136412292451713	0.0013715654270816074	7.68914657418963e-06	-0.011025205948222858	-0.0012476186366805675
5,7	-0.0013639721011149408	0.001371565484156946	0.3200008438163002	-0.006252765960324834	0.0035248217580949523
5,8	-0.05608504225308497	0.0013715654841569456	0.0	-0.060973836112294864	-0.05119624839387508
5,9	-0.007724268442352869	0.0013715654937822123	1.7915463716111965e-08	-0.012613062335870963	-0.0028354745488347755
5,10	0.017674613992172076	0.001371565493782212	5.968585342245367e-38	0.012785820098653984	0.022563407885690168
5,11	-0.04670059573509699	0.0013715654706794585	6.773634340598675e-252	-0.051589389546267864	-0.04181180192392611
5,12	0.008417411924844187	0.0013715654681087438	8.453111825612249e-10	0.00352861812283634	0.013306205726852035
5,13	-0.001071737770406242	0.0013715654764697629	0.43457159736903017	-0.005960531602216019	0.003817056061403535
5,14	0.0016992992669935432	0.0013715654867202823	0.2153689463019683	-0.0031894946013530795	0.006588093135340166
5,15	0.012400485156210728	0.0013715654578693645	1.5918538098539122e-19	0.007511691390700018	0.017289278921721437
5,16	-0.0010418225226448002	0.0013715654681087433	0.44750456894412605	-0.005930616324652646	0.003846971279363045
6,7	-0.0019137100541408644	0.001371565429643614	0.1629378641078308	-0.006802503719043999	0.0029750836107622705
6,8	-0.0009434820381653275	0.0013715654296436125	0.49152637922990916	-0.005832275703068457	0.003945311626737802
6,9	-0.00011473625018565414	0.0013715654302830743	0.9333321843281298	-0.005003529917368075	0.004774057416996767
6,10	0.01696860532780374	0.0013715654302830728	4.070919824333775e-35	0.012079811660621324	0.021857398994986156
6,11	5.8878856925459466e-05	0.0013715654533640966	0.9657588880759287	-0.0048299148925267195	0.004947672606377638
6,12	-0.0011796873439362254	0.0013715654430991344	0.38973550459091555	-0.006068481056800078	0.0037091063689276274
6,13	0.0004331412937498072	0.001371565450167803	0.7521548142522707	-0.004455652444309535	0.00532193503180915
6,14	0.000562720441716763	0.0013715654270816087	0.6816048051173397	-0.004326073214054387	0.005451514097487913
6,15	0.00012228190551549778	0.0013715654585034751	0.9289590082225675	-0.004766511862255429	0.005011075673286424
6,16	-0.002567574865763783	0.0013715654430991354	0.061210623983374	-0.00745636857862764	0.002321218847100074
7,8	-0.00968443668002704	0.0013715654867202814	1.6711328602950844e-12	-0.014573230548373658	-0.004795642811680419
7,9	-0.003999718734929353	0.0013715654989136712	0.0035447724681915396	-0.008888512646737965	0.0008890751768792591
7,10	-0.019728509249621485	0.0013715654989136705	7.697585741119222e-47	-0.024617303161430095	-0.014839715337812875
7,11	-0.10889788930883351	0.0013715654424757663	0.0	-0.11378668301947543	-0.10400909559819159
7,12	-0.020576646220299324	0.0013715654835081438	8.617336212876384e-51	-0.025465440077196633	-0.015687852363402015
7,13	-0.00485287157674287	0.0013715654739015596	0.0004031454071982936	-0.00974166539939857	3.5922245912829893e-05
7,14	0.00030111796043864186	0.0013715654841569471	0.8262275687955417	-0.004587675898771256	0.005189911819648539
7,15	-0.02098979409568638	0.0013715654706833037	8.942894360688903e-53	-0.025878587906870962	-0.0161010002845018
7,16	0.004291689687943492	0.001371565483508145	0.0017545269035907785	-0.0005971041689538216	0.009180483544840804
8,9	-0.020234440105217383	0.0013715654989136707	3.5417024200122794e-49	-0.025123234017025993	-0.015345646193408773
8,10	0.04784579594346351	0.001371565498913672	3.510254011943814e-264	0.042957002031654895	0.05273458985527213
8,11	0.05676725448836907	0.001371565442475764	0.0	0.051878460777727155	0.061656048199010986
8,12	0.006286753318560413	0.0013715654835081443	4.57809075666543e-06	0.0013979594616631017	0.011175547175457726
8,13	-0.014267167918840432	0.001371565473901559	2.538139839188123e-25	-0.019155961741496128	-0.009378374096184734
8,14	0.00033014075973717555	0.001371565484156946	0.8097855974996233	-0.004558653099472718	0.005218934618947069
8,15	0.011521136308381377	0.0013715654706833033	4.553344073239903e-17	0.006632342497196797	0.016409930119565957
8,16	0.0003695012100050632	0.001371565483508143	0.7876219121857425	-0.004519292646892243	0.0052582950669023696
9,10	0.025621728037336228	0.0013715654867202819	1.1345610233539812e-77	0.02073293416898961	0.030510521905682847
9,11	0.011318160376308728	0.0013715654482353865	1.5862917875095672e-16	0.006429366645137271	0.016206954107480187
9,12	-0.015385636043380599	0.0013715654841555318	3.5549526947804973e-29	-0.02027442990258545	-0.010496842184175747
9,13	-4.8648506968090865e-05	0.0013715654706833048	0.971705611127992	-0.004937442318152676	0.004840145304216495
9,14	-0.0031465443175231894	0.0013715654937822134	0.021786405877897177	-0.008035338211041286	0.0017422495759949076
9,15	-0.005168925452380291	0.0013715654739015596	0.00016428876950618412	-0.01005771927503599	-0.0002801316297245905
9,16	0.008018119242640651	0.0013715654841555324	5.060337406232876e-09	0.0031293253834357966	0.012906913101845507
10,11	0.03594758052177781	0.0013715654482353888	1.2598084824233764e-150	0.031058786790606342	0.040836374252949274
10,12	0.012862524687947303	0.0013715654841555311	6.93061314201109e-21	0.007973730828742453	0.017751318547152152
10,13	-0.006667748136294616	0.0013715654706833043	1.1681982215588354e-06	-0.0115565419474792	-0.001778954325110032
10,14	0.0010195431534024899	0.0013715654937822136	0.457276915826366	-0.003869250740115608	0.005908337046920588
10,15	0.012600002141057345	0.0013715654739015607	4.169633424129225e-20	0.007711208318401642	0.01748879596371305
10,16	0.0015209165500188263	0.0013715654841555311	0.26748130736582176	-0.003367877309186024	0.0064097104092236765
11,12	-0.015912408317346798	0.0013715654764697627	4.3365256241951305e-31	-0.020801202149156574	-0.011023614485537021
11,13	-0.01115321915803004	0.0013715654681087433	4.3050233990389516e-16	-0.016042012960037884	-0.006264425356022194
11,14	0.005945626540411544	0.0013715654706794585	1.4603069639616465e-05	0.0010568327292406685	0.01083442035158242
11,15	0.016049390501431768	0.0013715654713242528	1.3463206648095926e-31	0.011160596687962595	0.02093818431490094
11,16	0.0125440081337195	0.0013715654764697627	6.085470243883582e-20	0.007655214301909723	0.017432801965529276
12,13	0.001932146431482068	0.0013715654706794593	0.15892387166364977	-0.0029566473796888105	0.0068209402426529465
12,14	0.0001306285611324537	0.0013715654681087453	0.9241241051369078	-0.004758165240875399	0.005019422363140306
12,15	-0.024351811690441927	0.0013715654610569395	2.3180959470032562e-70	-0.029240605467314395	-0.01946301791356946
12,16	0.009290094984215583	0.001371565486720283	1.2689306762781945e-11	0.0044013011158689575	0.014178888852562209
13,14	-0.004315578701466732	0.0013715654764697635	0.0016533282055376972	-0.009204372533276512	0.0005732151303430473
13,15	0.02504498666665223	0.0013715654989136694	2.631284871458601e-74	0.020156192754843625	0.02993378057846084
13,16	-0.0069129574876272415	0.0013715654706794582	4.6629532325925584e-07	-0.011801751298798117	-0.0020241636764563664
14,15	-0.002925408830214124	0.0013715654578693637	0.03293683069077454	-0.00781420259572483	0.001963384935296582
14,16	-0.015511434544773203	0.001371565468108743	1.2576777970919741e-29	-0.020400228346781048	-0.010622640742765359
15,16	0.11978187267051753	0.0013715654610569389	0.0	0.11489307889364506	0.12467066644739
