Params: 	697
Performance: 	0.9799682865222638
Term	Coefficient	Standard Error	p-value	95% CI lower	95% CI upper
Intercept	8.560588492825143
1	-0.03522208734691329	0.005178369887786444	1.0423346725759008e-11	-0.05578389245117815	-0.014660282242648422
2	0.09126718470429218	0.005178409486078263	2.3182538089889748e-69	0.07070522236669395	0.11182914704189041
3	0.796860432831487	0.005178425260580588	0.0	0.7762984078579146	0.8174224578050594
4	-0.258072575940525	0.005178425275913271	0.0	-0.27863460097497905	-0.237510550906071
5	-0.18886018376378053	0.005178583790732963	2.8576797368514463e-288	-0.20942283821461447	-0.1682975293129466
6	0.0027325942140628	0.005178433322819707	0.5977180992509522	-0.017829462772323085	0.023294651200448685
7	0.23136550822355698	0.0051786312862501785	0.0	0.2108026651817978	0.25192835126531615
8	0.190333652702389	0.005178377807708022	9.939226499560954e-293	0.1697718161504123	0.2108954892543657
9	0.054858093321086765	0.005178385723543632	3.3498857652048154e-26	0.03429622533762245	0.07541996130455109
10	0.11300407917858868	0.005178385723543629	3.4177161154875787e-105	0.09244221119512437	0.13356594716205297
11	0.4009672878677848	0.005178559978658313	0.0	0.38040472796779384	0.42152984776777574
12	-0.045061519277698636	0.005178417423368864	3.34170742426332e-18	-0.06562351313197604	-0.024499525423421233
13	0.02454298470363009	0.00517839363821025	2.147024219262078e-06	0.003981085293319878	0.0451048841139403
14	0.015002385855060155	0.0051784252759132544	0.003767626327577937	-0.005559639179393797	0.035564410889514106
15	-0.17524041827842243	0.005178385718962028	7.422594079506499e-249	-0.19580228624369453	-0.15467855031315034
16	-0.008247558442518566	0.0051785916152843735	0.11124904464497098	-0.028810243962377042	0.012315127077339911
1,2	0.045039383640621745	0.003646684313780016	5.282668757166234e-35	0.030559457764029588	0.0595193095172139
1,3	-0.014161350407288942	0.00364663966898954	0.00010310917302100835	-0.02864109901236505	0.00031839819778716437
1,4	0.014067557376219134	0.003646624479339989	0.00011457297574291053	-0.0004121309151635822	0.028547245667601848
1,5	-0.00710258998126978	0.0036467143190994982	0.051458972533797186	-0.021582635000284102	0.007377455037744542
1,6	-0.0020005409083264647	0.0036466097479714668	0.5832798419016993	-0.016480170705716855	0.012479088889063926
1,7	0.005106876338501057	0.0036467144115132862	0.16139692135365827	-0.009373169047461617	0.019586921724463732
1,8	-1.32019524645699e-06	0.0036466245347858556	0.9997111412733861	-0.014481008706788631	0.014478368316295717
1,9	-0.00020026163941827546	0.003646609525709322	0.9562045861894165	-0.014679890554270145	0.014279367275433594
1,10	0.0018356993269783711	0.0036466095257093266	0.6146855352455851	-0.012643929587873517	0.01631532824183026
1,11	0.014050731472000116	0.003646624547843031	0.00011675410562510617	-0.0004289570913883142	0.028530420035388547
1,12	-0.0014461508379131072	0.0036466693234111385	0.6916876670504055	-0.015926017192097637	0.013033715516271424
1,13	-0.003538505890547994	0.003646579578562699	0.33186920595876057	-0.018018015893965254	0.010941004112869268
1,14	-0.00041612544405178475	0.003646624479339987	0.9091489649657327	-0.014895813735434494	0.014063562847330924
1,15	0.0001960563932936754	0.0036465945747938397	0.9571231646769656	-0.01428351315580856	0.01467562594239591
1,16	-0.0027004903194719487	0.003646669467418921	0.45897745764546527	-0.017180357245469624	0.011779376606525725
2,3	-0.04250051579137948	0.0036466692827021884	2.336161505761746e-31	-0.056980381983920574	-0.028020649598838383
2,4	-0.010717846937232156	0.0036466545908939137	0.0032929323885015015	-0.0251976547928632	0.0037619609183988864
2,5	-0.0070822017777139035	0.003646759683745766	0.05213497021647201	-0.02156242692658287	0.007398023371155062
2,6	-0.006859967268763756	0.00364665447258878	0.05995363720968713	-0.02133977465463942	0.00761984011711191
2,7	-0.010238295114451956	0.0036467599096464305	0.004994187791665439	-0.02471852116030695	0.004241930931403038
2,8	-0.0004191389684645719	0.003646654735333931	0.9084946717237529	-0.014898947397625035	0.01406066946069589
2,9	-0.008732910837524845	0.003646639757866145	0.016633025774253282	-0.023212659795504173	0.005746838120454486
2,10	-0.028946558165637293	0.003646639757866149	2.089518552064164e-15	-0.04342630712361664	-0.014466809207657947
2,11	-0.036388465128815356	0.003646654755533228	1.9665273804591828e-23	-0.050868273638181374	-0.02190865661944934
2,12	0.0037036991077976367	0.003646714746596373	0.30981120482698704	-0.0107763476086828	0.018183745824278074
2,13	-0.0009380506782194209	0.003646609747971493	0.7969950037060909	-0.015417680475609917	0.013541579119171076
2,14	-0.001142168705336566	0.0036466545908939016	0.754122124663207	-0.01562197656096756	0.013337639150294428
2,15	0.007198758327943561	0.0036466247125940005	0.04837596800049269	-0.0072809308896231925	0.021678447545510314
2,16	-0.0057593993986646	0.0036466996172543373	0.114261660983165	-0.020239386040915304	0.008720587243586103
3,4	-0.2153849906160894	0.0036466395465925418	0.0	-0.22986473873516253	-0.20090524249701627
3,5	-0.013077476470554933	0.00364671441151327	0.00033590905843797257	-0.027557521856517542	0.0014025689154076766
3,6	-0.022678177137804872	0.003646624716361552	5.035348906295967e-10	-0.03715786637033148	-0.008198487905278266
3,7	0.04026900332593286	0.003646744344739363	2.5272126433762715e-28	0.025788839083810033	0.05474916756805569
3,8	-0.026055665256459803	0.003646609455460595	9.08237280442582e-13	-0.04053529389237435	-0.011576036620545257
3,9	-0.03443535632065314	0.003646609455460584	3.733667861578e-21	-0.048914984956567646	-0.01995572768473864
3,10	-0.14943852750050698	0.0036466094554605945	0.0	-0.16391815613642152	-0.13495889886459245
3,11	-0.2170404282061249	0.00364663950228348	0.0	-0.2315201761492596	-0.2025606802629902
3,12	0.0861906298199604	0.0036466692827021746	5.5369327778876086e-123	0.07171076362741935	0.10067049601250144
3,13	-0.0014711214790804478	0.0036465945415778147	0.6866381237524447	-0.015950690896291482	0.013008447938130585
3,14	0.001001518960631255	0.003646639546592546	0.7835924691092058	-0.013478229158441882	0.015481267079704392
3,15	0.05745623517513694	0.0036465945415778086	7.915466494388316e-56	0.042976665757925935	0.07193580459234795
3,16	0.05545171024829157	0.0036466844485717083	3.96675464567628e-52	0.04097178383648069	0.06993163666010245
4,5	0.9020773255506487	0.0036466846445974282	0.0	0.8875973983604765	0.9165572527408209
4,6	0.007113227880704287	0.003646609551772705	0.05110401073077376	-0.007366401137637719	0.021592856899046293
4,7	0.014684872746061117	0.003646714700262284	5.658676383075253e-05	0.00020482621355991104	0.029164919278562323
4,8	-0.026810055488031337	0.0036466095997669742	1.9748186569638946e-13	-0.04128968469694467	-0.012330426279118007
4,9	-0.0038524068140282364	0.003646594569314878	0.29077137026655236	-0.0183319763413751	0.01062716271331863
4,10	-0.040209444422681484	0.0036465945693148717	3.0144621608795096e-28	-0.05468901395002833	-0.025729874895334643
4,11	0.022586167931827744	0.00364662464396213	5.911255389225531e-10	0.008106478986778246	0.037065856876877246
4,12	-0.009817078936375151	0.0036466395986230306	0.007102418903411987	-0.024296827262046253	0.004662669389295953
4,13	-0.00032705113881728587	0.003646579641470036	0.9285361474600399	-0.01480656139202134	0.014152459114386768
4,14	0.0017222017254874544	0.0036466395946270283	0.6367350354910051	-0.012757546584316683	0.016201950035291592
4,15	-0.003951496556693801	0.0036465946784679957	0.27854055666698896	-0.018431066517456046	0.010528073404068443
4,16	-0.00325466125027013	0.003646684518778771	0.3721289932714701	-0.017734587940852895	0.011225265440312635
5,6	0.0037413577607429	0.0036466994216190736	0.3049155564660341	-0.010738628104696904	0.018221343626182704
5,7	0.09880819057052215	0.0036468197820671753	9.080362917312682e-161	0.08432772678864729	0.113288654352397
5,8	0.11624922208984789	0.003646684670715246	2.7901336602047966e-221	0.10176929479596944	0.13072914938372635
5,9	-0.015995409659743425	0.003646684670715246	1.1548285034351867e-05	-0.03047533695362187	-0.0015154823658649792
5,10	0.05867390398825112	0.003646684670715243	3.9092387325698184e-58	0.04419397669437268	0.07315383128212956
5,11	0.1615039091910151	0.003646714715020297	0.0	0.1470238625999141	0.1759839557821161
5,12	0.03493469398985087	0.003646759683745746	1.0065280943039633e-21	0.020454468840981982	0.04941491913871976
5,13	0.00769532988175381	0.0036466547555332176	0.03484119846243606	-0.006784478627612164	0.022175138391119783
5,14	0.0010432393941024465	0.003646684644597424	0.7748186348060502	-0.013436687796069702	0.015523166584274595
5,15	0.01760362473132071	0.0036466547555332207	1.3868664004948918e-06	0.003123816221954725	0.032083433240686694
5,16	0.02825868499589422	0.003646744551885818	9.39456469548012e-15	0.01377851993125289	0.04273885006053555
6,7	0.007735113884217548	0.00364671437300319	0.033915602667406806	-0.0067449313488327015	0.022215159117267798
6,8	0.009334032629475672	0.0036465945657560904	0.010479787923183992	-0.0051455368837402815	0.023813602142691626
6,9	0.005681324164730175	0.003646594565756098	0.11924269069012568	-0.00879824534848581	0.02016089367794616
6,10	0.027449651217490587	0.003646594565756099	5.239748013906962e-14	0.012970081704274598	0.041929220730706575
6,11	0.010570003190132599	0.0036466245663181415	0.0037499208064779156	-0.0039096854466151385	0.025049691826880334
6,12	0.0011132461007189159	0.003646654472588774	0.7601548428553104	-0.013366561285156725	0.015593053486594557
6,13	0.003003251810216462	0.0036465795639530657	0.4101809907245173	-0.011476258135190183	0.017482761755623105
6,14	0.0019296624322264755	0.003646609551772696	0.5966919898482689	-0.012549966586115494	0.016409291450568443
6,15	-0.0012736843699338724	0.003646579563953063	0.7268787928659527	-0.01575319431534051	0.013205825575472762
6,16	0.0004276855664059609	0.0036466545925491127	0.9066372511314769	-0.014052122295797397	0.014907493428609319
7,8	-0.06891062499453915	0.0036466846445974274	1.98378707799349e-79	-0.08339055218471131	-0.05443069780436699
7,9	0.0002477403777833079	0.0036466846445974343	0.9458369630834402	-0.014232186812388883	0.014727667567955498
7,10	-0.0352187674283118	0.003646684644597424	4.71635961344188e-22	-0.049698694618483946	-0.020738840238139652
7,11	-0.20797291649621585	0.0036467296857761646	0.0	-0.2224530225318469	-0.1934928104605848
7,12	0.02982942766253352	0.0036467599096464227	2.896340426308477e-16	0.015349201616678557	0.044309653708388484
7,13	-0.005292969825140215	0.003646669715348471	0.14665858959003242	-0.019772837735594233	0.009186898085313804
7,14	0.004817335894471919	0.003646714700262286	0.18650366982464403	-0.009662710638029296	0.019297382426973132
7,15	0.01322195174337637	0.0036466697153484688	0.0002883326543194391	-0.0012579161670776395	0.02770181965383038
7,16	0.03131463175515986	0.0036467747475104487	9.125953899853193e-18	0.01683434679244981	0.04579491671786991
8,9	-0.05327734944092305	0.0036465945802962416	2.8876185583211025e-48	-0.06775691901187372	-0.038797779869972376
8,10	0.21892307871834596	0.003646594580296247	0.0	0.20444350914739526	0.23340264828929666
8,11	0.1722184466339518	0.003646609671896512	0.0	0.157738817138633	0.1866980761292706
8,12	0.0046661658863436095	0.003646639757866131	0.20069760302213155	-0.009813583071635665	0.019145914844322882
8,13	-0.007828980697491016	0.003646564660829342	0.03180120668959212	-0.02230843146691524	0.006650470071933206
8,14	0.004143250522872545	0.0036466095997669747	0.2558802032862397	-0.010336378686040787	0.018622879731785877
8,15	0.006474474951911557	0.003646579663633281	0.07582128790260988	-0.008005035389296316	0.020953985293119433
8,16	0.009492690173731971	0.003646654629631833	0.009239986587924782	-0.004987117835716114	0.023972498183180056
9,10	0.010855062423417217	0.0036465945802962433	0.00291412855788683	-0.003624507147533467	0.0253346319943679
9,11	-0.042287161708380205	0.0036466096718965136	4.618152408807447e-31	-0.05676679120369902	-0.02780753221306139
9,12	-0.019478393072089734	0.0036466397578661385	9.250904427339185e-08	-0.03395814203006904	-0.0049986441141104294
9,13	0.0006901864034168509	0.003646564660829345	0.8498815607735344	-0.013789264366007383	0.015169637172841085
9,14	-0.004059647502535235	0.003646594569314876	0.2655962414722182	-0.018539217029882094	0.010419922024811623
9,15	0.006532785402737107	0.00364656466082934	0.07321930401726	-0.007946665366687108	0.021012236172161323
9,16	0.012875621413450666	0.003646639618794441	0.0004145636543103249	-0.0016041269923152586	0.02735536981921659
10,11	0.13174602825008724	0.003646609671896518	5.373092579126501e-283	0.11726639875476841	0.14622565774540608
10,12	0.047856773536209735	0.0036466397578661307	2.7099276929042386e-39	0.03337702457823046	0.06233652249418901
10,13	-0.005124771911386328	0.0036465646608293436	0.15991612877940736	-0.019604222680810558	0.009354678858037901
10,14	-0.007217137431012544	0.0036465945693148717	0.04780396800000831	-0.021696706958359385	0.007262432096334297
10,15	0.02522961961181258	0.0036465646608293406	4.599003533232602e-12	0.010750168842388365	0.0397090703812368
10,16	-0.006859497900161771	0.0036466396187944355	0.05997010076174197	-0.02133924630592767	0.007620250505604132
11,12	0.05557881609288989	0.003646654755533223	2.3281316075904606e-52	0.0410990075835239	0.07005862460225588
11,13	-0.011110423685102122	0.003646594591485063	0.0023138888434341897	-0.025589993300480365	0.0033691459302761205
11,14	0.012186189406880377	0.0036466246439621204	0.000832923323173095	-0.002293499538169083	0.026665878351929836
11,15	0.02168286706553245	0.0036465945914850623	2.7607602660585713e-09	0.00720329745015421	0.03616243668091069
11,16	0.05013073182899594	0.0036466846111991576	6.105131111537935e-43	0.03565080477143862	0.06461065888655326
12,13	0.008886002170657298	0.0036466097479714884	0.014821178283104603	-0.0055936276267331796	0.023365631968047775
12,14	-0.005619947891904786	0.0036466395986230293	0.123289882982037	-0.020099696217575885	0.008859800433766312
12,15	-0.01506200528484436	0.003646609747971482	3.625650078195735e-05	-0.029541635082234813	-0.0005823754874539084
12,16	0.01860272254618145	0.0036466846445974274	3.383308661084364e-07	0.0041227953560092866	0.03308264973635361
13,14	-0.005045834960446083	0.0036465796414700364	0.16644982951702963	-0.01952534521365014	0.009433675292757973
13,15	0.06488860170450861	0.0036465496274046155	1.1485098190227116e-70	0.0504092106284543	0.07936799278056292
13,16	0.001556808566485851	0.0036466246439621204	0.6694406984891033	-0.012922880378563609	0.01603649751153531
14,15	0.0036328225147528315	0.0036465946784680005	0.31914538821547944	-0.010846747446009431	0.018112392475515094
14,16	-0.024989827388104235	0.0036466845187787646	7.308679433394031e-12	-0.039469754078686976	-0.010509900697521496
15,16	0.16326559242575095	0.0036466396613454065	0.0	0.14878584385102747	0.17774534100047443
1,2,3	0.008953237319866636	0.0018831128195665617	1.993764432076348e-06	0.0014759424134918138	0.016430532226241457
1,2,4	0.005960089407614296	0.0018831126690612167	0.0015514392245608176	-0.0015172049011474478	0.013437383716376039
1,2,5	0.004067432621932585	0.0018831126690612215	0.030780053481737676	-0.003409861686829178	0.011544726930694346
1,2,6	0.0017063958238103319	0.0018831127469761417	0.3648561192309262	-0.005770898794328984	0.009183690441949648
1,2,7	-0.004243897079922857	0.0018831126690890265	0.024220845396782806	-0.011721191388795026	0.0032333972289493107
1,2,8	-0.0014654393717804526	0.0018831126690890265	0.43645361472085686	-0.00894273368065262	0.0060118549370917155
1,2,9	-0.0007288993790199941	0.0018831126466990105	0.6987044905612351	-0.008206193598987901	0.006748394840947913
1,2,10	-0.002508863467875544	0.0018831126466990126	0.18276762019617057	-0.00998615768784346	0.004968430752092372
1,2,11	-0.015099557507979464	0.0018831126108492786	1.0890181715168945e-15	-0.02257685158559848	-0.007622263430360445
1,2,12	0.0002578898766037417	0.0018831126860305767	0.8910717518965499	-0.007219404499538409	0.007735184252745893
1,2,13	-0.002032915630683585	0.0018831126189381027	0.280346301163043	-0.009510209740420978	0.0054443784790538085
1,2,14	0.001765347402867684	0.001883112669061221	0.3485242261494359	-0.005711946905894077	0.009242641711629446
1,2,15	-0.0008702068509644154	0.0018831126287714047	0.6440033525208619	-0.008347500999747	0.006607087297818169
1,2,16	-0.0009722654974660128	0.001883112686030579	0.605641310588543	-0.008449559873608174	0.006505028878676148
1,3,4	-0.0027704491520634082	0.0018831128052348093	0.14123993910646784	-0.010247744001530997	0.004706845697404182
1,3,5	0.01754850639754476	0.0018831128052348184	1.21119090466776e-20	0.010071211548077134	0.025025801247012383
1,3,6	-0.002683845864855039	0.0018831126072724	0.15409902699321232	-0.01016113992827131	0.004793448198561232
1,3,7	-0.0013057301629977591	0.0018831128267419828	0.48806779988373206	-0.008783025097864099	0.0061715647718685795
1,3,8	0.008476381961619317	0.0018831128267419828	6.76689376305264e-06	0.0009990870267529784	0.015953676896485657
1,3,9	-0.0005334891845468481	0.0018831127792013351	0.7769464246861215	-0.008010783930643061	0.006943805561549365
1,3,10	0.00046668059430626796	0.0018831127792013356	0.8042713478379556	-0.007010614151789947	0.007943975340402483
1,3,11	0.0029661919696871014	0.0018831127828534792	0.11522586262018325	-0.004511102790910717	0.01044348673028492
1,3,12	0.0014171488108468966	0.0018831128151198322	0.45171919130945803	-0.006060146077871253	0.008894443699565047
1,3,13	0.00029856322953877856	0.0018831127479102807	0.874025716161568	-0.007178731392309732	0.007775857851387289
1,3,14	-0.0012850281353546933	0.0018831128052348145	0.4949911937531404	-0.008762322984822303	0.006192266714112917
1,3,15	0.0029907662129311577	0.0018831127828942162	0.11224521828077688	-0.0044865285478284155	0.01046806097369073
1,3,16	-0.0006528918917772172	0.001883112815119838	0.7288111807942246	-0.00813018678049539	0.006824402996940955
1,4,5	0.007630274977537058	0.0018831126905450193	5.085204566054745e-05	0.00015298058346936445	0.015107569371604752
1,4,6	0.00398911605459757	0.0018831127183019116	0.03414814158625717	-0.003488178449684693	0.011466410558879835
1,4,7	-0.003516107785303174	0.0018831126690594556	0.0618811523232656	-0.010993402094057924	0.003961186523451577
1,4,8	-0.0015959982806871276	0.0018831126690594564	0.3967017770903155	-0.009073292589441881	0.005881296028067627
1,4,9	-0.00015076247659163988	0.0018831127039909312	0.9361895830810298	-0.00762805692404915	0.00732653197086587
1,4,10	-0.0020206633346390307	0.0018831127039909312	0.2832552386294383	-0.009497957782096542	0.005456631112818479
1,4,11	-0.005438506368737772	0.001883112628771407	0.0038777762444576033	-0.012915800517520365	0.0020387877800448215
1,4,12	-0.0012178651864207524	0.0018831126861171194	0.5178090895481474	-0.008695159562906538	0.006259429190065034
1,4,13	-0.0040206503144860906	0.0018831126332240402	0.03275586318163872	-0.011497944480948798	0.0034566438519766174
1,4,14	-0.0022781535706376667	0.0018831126905450159	0.2263674279501147	-0.009755447964705346	0.005199140823430013
1,4,15	-0.00018589955296290182	0.0018831126108492782	0.9213614521772492	-0.007663193630581919	0.007291394524656115
1,4,16	0.00031327514964371583	0.0018831126861171214	0.8678739507807384	-0.007164019226842079	0.00779056952612951
1,5,6	-0.0008524211402977655	0.0018831127183019122	0.6507907656650422	-0.008329715644580031	0.0066248733639845
1,5,7	0.0012968753168216829	0.0018831126690594569	0.49102268897343926	-0.006180418991933073	0.00877416962557644
1,5,8	-0.0010381171898158556	0.0018831126690594562	0.5814455252802189	-0.008515411498570609	0.006439177118938898
1,5,9	-0.0011430408113001916	0.0018831127039909295	0.5438560685677796	-0.008620335258757696	0.0063342536361573115
1,5,10	0.0016004065648779209	0.0018831127039909293	0.39539885964282073	-0.005876887882579581	0.009077701012335423
1,5,11	0.0006573004145208894	0.0018831126287714073	0.7270529256564077	-0.006819993734261705	0.008134594563303484
1,5,12	-0.0025173977246708	0.0018831126861171194	0.18128348517245804	-0.009994692101156586	0.004959896651814987
1,5,13	0.002311921626104746	0.0018831126332240426	0.21955922867021818	-0.005165372540357972	0.009789215792567463
1,5,14	-0.0005190621585756347	0.0018831126905450148	0.7828250639273079	-0.00799635655264331	0.006958232235492041
1,5,15	-0.0008900577466555322	0.0018831126108492789	0.6364627630423239	-0.008367351824274552	0.006587236330963487
1,5,16	-0.0026181466304179557	0.0018831126861171212	0.16443369528674182	-0.010095441006903749	0.004859147746067838
1,6,7	0.003387172433485703	0.001883112782853481	0.0720693298552063	-0.004090122327112122	0.010864467194083528
1,6,8	0.0009805625235145832	0.0018831127828534792	0.6025680449186916	-0.006496732237083235	0.008457857284112401
1,6,9	0.0009047982478781191	0.001883112805295957	0.6308876641171335	-0.00657249660183227	0.008382093097588509
1,6,10	-0.0034301668583120067	0.0018831128052959542	0.0685292921914231	-0.010907461708022384	0.004047127991398372
1,6,11	0.001365112945082167	0.0018831128267419767	0.46850151295491993	-0.006112181989784147	0.008842407879948482
1,6,12	0.00034279072921004905	0.0018831127263246956	0.8555565346072794	-0.007134503806928363	0.007820085265348461
1,6,13	0.0015579565213830263	0.0018831128186944548	0.40805285073140896	-0.005919338381528912	0.009035251424294965
1,6,14	-0.0005759850206447648	0.0018831127183019125	0.759705688717075	-0.008053279524927032	0.006901309483637502
1,6,15	0.0007783338364555914	0.0018831127836952714	0.6793713434863692	-0.0066989609274847395	0.008255628600395921
1,6,16	0.0006147181259057166	0.0018831127263246989	0.7440946175673866	-0.0068625764102327085	0.00809201266204414
1,7,8	-0.004369240906867647	0.0018831126905450185	0.02033191850344488	-0.011846535300935337	0.003108053487200043
1,7,9	-0.0005006080423291606	0.0018831126860305784	0.7903627223931846	-0.007977902418471319	0.006976686333812997
1,7,10	-0.0013805443812373863	0.0018831126860305784	0.46348892695764243	-0.008857838757379544	0.006096749994904772
1,7,11	-0.0019291852550222602	0.001883112607272399	0.30561894046967947	-0.009406479318438528	0.005548108808394007
1,7,12	0.00043399021548394534	0.0018831126466990105	0.8177317377720235	-0.007043304004483962	0.007911284435451853
1,7,13	0.0009266538977211365	0.0018831126546910233	0.6226600183119442	-0.006550640353980736	0.00840394814942301
1,7,14	-0.0008748958496087762	0.0018831126690594577	0.6422188444894577	-0.008352190158363536	0.006602398459145983
1,7,15	-0.00020768756135718103	0.001883112646648751	0.9121801217825196	-0.007684981781125522	0.00726960665841116
1,7,16	0.001160591632094976	0.0018831126466990116	0.5376884327883009	-0.006316702587872936	0.008637885852062887
1,8,9	-0.0007846214076578373	0.0018831126860305778	0.6769270673942033	-0.008261915783799992	0.006692672968484318
1,8,10	0.0026691146824672496	0.0018831126860305778	0.15637225186042975	-0.004808179693674906	0.010146409058609404
1,8,11	-0.00012958703198087673	0.001883112607272398	0.9451368206947417	-0.00760688109539714	0.007347707031435387
1,8,12	-0.0009597618274150288	0.0018831126466990118	0.6102859697315797	-0.008437056047382941	0.006517532392552884
1,8,13	-0.0009324120059992424	0.0018831126546910236	0.6205001272076951	-0.008409706257701117	0.006544882245702631
1,8,14	0.00040727367612700127	0.0018831126690594566	0.8287726335565182	-0.007070020632627754	0.007884567984881756
1,8,15	-0.0005119137359686499	0.0018831126466487536	0.7857424853718172	-0.007989207955737002	0.006965380483799702
1,8,16	0.0008023124199566523	0.0018831126466990133	0.6700680766939371	-0.006674981800011266	0.00827960663992457
1,9,10	0.0011387881249988463	0.0018831126905450156	0.5453558032546024	-0.006338506269068832	0.008616082519066525
1,9,11	0.001141967508524494	0.001883112611771586	0.5442343624437821	-0.00633532657275674	0.008619261589805728
1,9,12	-0.0006533599919790467	0.0018831126690890302	0.7286244026069112	-0.00813065430085123	0.006823934316893136
1,9,13	0.0011845561191530206	0.00188311264664875	0.5293240636708934	-0.006292738100615316	0.008661850338921358
1,9,14	0.001228013194256715	0.0018831127039909297	0.5143268496986226	-0.006249281253200789	0.008705307641714219
1,9,15	0.0012733744793553409	0.001883112654691024	0.4989114655547664	-0.006203919772346534	0.008750668731057216
1,9,16	-0.0012854924773114673	0.0018831126690890274	0.49483529899624257	-0.008762786786183639	0.006191801831560704
1,10,11	0.0010817940881328592	0.001883112611771586	0.5656509318370935	-0.006395499993148375	0.008559088169414093
1,10,12	0.0005396111425114702	0.0018831126690890296	0.7744557017627256	-0.00693768316636071	0.00801690545138365
1,10,13	-0.00038441218130205734	0.0018831126466487492	0.8382474077626982	-0.007861706401070392	0.007092882038466277
1,10,14	0.0003671837891141977	0.0018831127039909278	0.8454031985437424	-0.0071101106583432985	0.007844478236571695
1,10,15	-0.0007050877488497809	0.0018831126546910218	0.7080880698210996	-0.008182382000551647	0.006772206502852086
1,10,16	0.001408683954953388	0.0018831126690890283	0.45442581897030465	-0.006068610353918787	0.008885978263825563
1,11,12	-0.0004416973616419573	0.00188311263322404	0.8145532821388884	-0.007918991528104664	0.00703559680482075
1,11,13	0.0025186152368460515	0.0018831126861171197	0.18107248575454923	-0.004958679139639736	0.00999590961333184
1,11,14	-0.0002000079608009686	0.0018831126287714062	0.9154149834153454	-0.007677302109583559	0.007277286187981622
1,11,15	-0.0024293474999297765	0.0018831126690612228	0.19703089370249294	-0.009906641808691545	0.005047946808831991
1,11,16	0.000463661314216407	0.0018831126332240439	0.8055121704872865	-0.007013632852246316	0.00794095548067913
1,12,13	0.0020062721697581484	0.0018831126287714064	0.28669796957225385	-0.005471021979024443	0.00948356631854074
1,12,14	0.0017847035278258927	0.0018831126861171188	0.3432647398006391	-0.0056925908486598915	0.009261997904311677
1,12,15	4.321373117066596e-05	0.0018831126189381017	0.9816917960238414	-0.007434080378566723	0.007520507840908055
1,12,16	-0.00037672558351287133	0.0018831126905450167	0.8414384124866248	-0.007854019977580555	0.0071005688105548114
1,13,14	0.00037371666140056936	0.0018831126332240424	0.8426882392962332	-0.007103577505062147	0.007851010827863287
1,13,15	0.0003800958804036636	0.0018831126860305793	0.8400389489108018	-0.007097198495738498	0.007857390256545825
1,13,16	0.000634382166075198	0.001883112628771407	0.7362087798947028	-0.006842911982707396	0.00811167631485779
1,14,15	0.0015086452305944353	0.0018831126108492817	0.4230509575182668	-0.0059686488470245954	0.008985939308213467
1,14,16	0.00036234520232370296	0.0018831126861171184	0.8474152195759027	-0.0071149491741620795	0.007839639578809485
1,15,16	-0.000387310692244236	0.0018831126189381014	0.8370448098565256	-0.007864604801981624	0.007089983417493152
2,3,4	0.014059865464358445	0.0018831126466990094	8.351674826624047e-14	0.006582571244390542	0.02153715968432635
2,3,5	-0.028801616814357223	0.0018831126466990155	1.0258166006567075e-52	-0.03627891103432515	-0.021324322594389294
2,3,6	0.008287043830583672	0.0018831127479102794	1.0806638016648807e-05	0.0008097492087351665	0.015764338452432178
2,3,7	0.011923763823414396	0.0018831126861171212	2.436707583904046e-10	0.004446469446928602	0.01940105819990019
2,3,8	-0.005807187561736982	0.0018831126861171214	0.0020444450143966486	-0.013284481938222776	0.0016701068147488129
2,3,9	0.0023021962008253904	0.001883112669061224	0.22150479292166392	-0.0051750981079363816	0.009779490509587162
2,3,10	-0.008675483429356173	0.0018831126690612232	4.093133086035296e-06	-0.016152777738117942	-0.001198189120594404
2,3,11	0.011238117943671506	0.001883112654691022	2.4165659768424514e-09	0.0037608236919696387	0.018715412195373374
2,3,12	0.003463391226214252	0.001883112669059456	0.06589265546426457	-0.0040139030825405006	0.010940685534969005
2,3,13	-0.0014582607833893424	0.001883112607272398	0.4387038948248755	-0.008935554846805607	0.006019033280026921
2,3,14	0.0006722940176436265	0.0018831126466990118	0.7210839025337186	-0.006805000202324286	0.008149588237611539
2,3,15	0.004233343057161457	0.0018831126117715852	0.024575949902715045	-0.003243951024119774	0.011710637138442687
2,3,16	0.0006952159951695153	0.0018831126690594551	0.7119914195137562	-0.006782078313585234	0.008172510303924265
2,4,5	-0.01372183754007112	0.0018831128186944555	3.210380096398844e-13	-0.021199132442983062	-0.006244542637159179
2,4,6	0.0022961163314211483	0.0018831126332240428	0.22272731023430012	-0.00518117783504157	0.009773410497883866
2,4,7	0.0029907220304639937	0.0018831128151198348	0.11225052828715491	-0.004486572858254166	0.010468016919182154
2,4,8	0.0025815772648234425	0.0018831128151198355	0.17040791226070282	-0.00489571762389472	0.010058872153541605
2,4,9	-0.0011381439081010608	0.0018831128195665602	0.5455831969484849	-0.008615438814475877	0.006339150998273755
2,4,10	0.00022780614536103971	0.0018831128195665593	0.9037126536053031	-0.007249488761013773	0.007705101051735852
2,4,11	-0.00039432270880751345	0.0018831127263247015	0.8341371050312518	-0.00787161724494595	0.007082971827330922
2,4,12	0.0009296635391504576	0.0018831128267419817	0.6215307140806168	-0.006547631395715877	0.008406958474016792
2,4,13	0.0002944686744922667	0.0018831127183019114	0.8757392165644032	-0.007182825829789996	0.007771763178774529
2,4,14	-0.0012688895895798524	0.0018831128186944533	0.5004246114283153	-0.008746184492491784	0.00620840531333208
2,4,15	-0.0005123563793295871	0.0018831127264119017	0.785561753986201	-0.007989650915814269	0.006964938157155095
2,4,16	0.001280868731734816	0.0018831128267419778	0.4963885360334326	-0.006196426203131503	0.008758163666601135
2,5,6	7.658677192989849e-05	0.0018831126332240406	0.9675588575373333	-0.007400707394532811	0.007553880938392608
2,5,7	0.009315910042029099	0.001883112815119835	7.55231437987913e-07	0.0018386151533109386	0.01679320493074726
2,5,8	-0.0047651962661023894	0.0018831128151198364	0.011392711250156822	-0.012242491154820555	0.0027120986226157762
2,5,9	0.0034106477554467747	0.001883112819566559	0.0701183192756768	-0.004066647150928037	0.010887942661821587
2,5,10	-0.005822018737483142	0.0018831128195665608	0.001990986767285135	-0.01329931364385796	0.0016552761688916765
2,5,11	-0.00417989530164483	0.0018831127263247013	0.026444389279314875	-0.011657189837783265	0.0032973992344936046
2,5,12	0.0014118163274201984	0.0018831128267419806	0.45342320749796006	-0.006065478607446132	0.008889111262286527
2,5,13	-0.0017964731359721986	0.001883112718301911	0.34009160682469963	-0.00927376764025446	0.005680821368310062
2,5,14	-0.0015610636647923198	0.0018831128186944553	0.4071185358806436	-0.00903835856770426	0.0059162312381196205
2,5,15	-8.450314809738124e-05	0.0018831127264118998	0.964207732021853	-0.007561797684582055	0.007392791388387293
2,5,16	0.0027394307784350726	0.001883112826741979	0.1457473861977424	-0.004737864156431251	0.010216725713301397
2,6,7	-0.001383452118773637	0.0018831126546910218	0.4625477637363732	-0.008860746370475504	0.0060938421329282295
2,6,8	-0.003300057324498308	0.0018831126546910233	0.0797015015619801	-0.01077735157620018	0.004177236927203565
2,6,9	-0.0008871949706382998	0.0018831126466487516	0.6375479297749458	-0.008364489190406645	0.006590099249130044
2,6,10	0.0025910600170276077	0.0018831126466487482	0.16884331828370341	-0.004886234202740722	0.010068354236795939
2,6,11	0.0017257142239459344	0.0018831126861171212	0.35945225863583363	-0.005751580152539859	0.009203008600431727
2,6,12	0.0016556747012250253	0.0018831126287714055	0.37928398981334066	-0.005821619447557562	0.009132968850007613
2,6,13	-0.0012755519469902915	0.0018831126905450182	0.4981777192041196	-0.00875284634105798	0.006201742447077397
2,6,14	0.00013611608451358226	0.00188311263322404	0.9423773160677246	-0.007341178081949125	0.007613410250976289
2,6,15	0.00020553227486819203	0.0018831126860305784	0.9130878459641834	-0.007271762101273966	0.00768282665101035
2,6,16	0.002530122189136728	0.001883112628771406	0.17908727218526926	-0.004947171959645861	0.010007416337919317
2,7,8	-0.0002941652675554629	0.0018831128186944548	0.8758662171112466	-0.0077714601704674015	0.007183129635356476
2,7,9	-0.0015914805369396379	0.0018831127836952714	0.39803976901880667	-0.009068775300879968	0.005885814227000693
2,7,10	0.006892973214055992	0.0018831127836952688	0.0002520074247311226	-0.0005843215498843287	0.014370267977996311
2,7,11	0.01139824619702861	0.0018831127479102853	1.4306125267141381e-09	0.00392095157518008	0.01887554081887714
2,7,12	-0.005932766482302232	0.0018831128052348145	0.0016305952007607297	-0.013410061331769842	0.0015445283671653787
2,7,13	-0.00037133630776028936	0.0018831127828534827	0.8436772723693086	-0.007848631068358121	0.0071059584528375425
2,7,14	-0.00025426620193270966	0.0018831128151198364	0.8925929916916329	-0.007731561090650875	0.007223028686785456
2,7,15	-0.00708403002173022	0.0018831128052959564	0.0001687943880134991	-0.014561324871440608	0.000393264827980167
2,7,16	-0.0019192904738895046	0.0018831128052348145	0.30810630915633114	-0.009396585323357114	0.005558004375578106
2,8,9	0.0002531912652447843	0.0018831127836952714	0.8930443286936192	-0.007224103498695547	0.007730486029185115
2,8,10	0.003930806546208705	0.001883112783695273	0.03685603432759252	-0.0035464882177316318	0.011408101310149042
2,8,11	-0.0011203205151457084	0.0018831127479102853	0.5518922512420594	-0.008597615136994238	0.006356974106702821
2,8,12	-0.000146667925915403	0.001883112805234816	0.9379190599679622	-0.00762396277538302	0.007330626923552214
2,8,13	-2.491362203871361e-06	0.0018831127828534795	0.9989444014129688	-0.00747978612280169	0.0074748033983939475
2,8,14	-0.0006869994118622515	0.001883112815119837	0.7152460946521817	-0.00816429430058042	0.006790295476855917
2,8,15	-0.0001878739624792125	0.0018831128052959525	0.9205290058007677	-0.007665168812189584	0.007289420887231159
2,8,16	0.001348484966023883	0.0018831128052348156	0.4739361548053991	-0.006128809883443732	0.008825779815491498
2,9,10	0.011225225398131866	0.0018831128186944548	2.519986088421771e-09	0.0037479304952199276	0.018702520301043805
2,9,11	0.005688828000593851	0.0018831127828942158	0.002520641507080945	-0.0017884667601657201	0.013166122761353424
2,9,12	0.002224415776190758	0.0018831127971400817	0.23751012206643873	-0.005252879041135016	0.009701710593516532
2,9,13	0.0016110876721940892	0.001883112805295955	0.3922526864176109	-0.0058662071775162925	0.00908838252190447
2,9,14	0.0010135560982999503	0.0018831128195665582	0.5904170815790194	-0.006463738808074858	0.008490851004674758
2,9,15	-0.0020736264419539963	0.0018831127828534836	0.27082696295572206	-0.009550921202551832	0.005403668318643839
2,9,16	-0.0001295447154034783	0.0018831127971400826	0.9451547135095999	-0.0076068395327292555	0.007347750101922299
2,10,11	0.006480292879090677	0.001883112782894215	0.0005793627833784409	-0.0009970018816688915	0.013957587639850246
2,10,12	0.0006314023088283549	0.0018831127971400846	0.7374020463506858	-0.00684589250849743	0.00810869712615414
2,10,13	0.0023368928464858538	0.001883112805295956	0.21462007636894856	-0.005140402003224531	0.009814187696196238
2,10,14	0.00036864374083415367	0.0018831128195665602	0.8447963156981857	-0.0071086511655406625	0.00784593864720897
2,10,15	0.0007563080361548957	0.0018831127828534823	0.6879602323036653	-0.0067209867244429344	0.008233602796752726
2,10,16	0.0002321487067460104	0.0018831127971400848	0.9018863648914497	-0.007245146110579775	0.007709443524071796
2,11,12	-0.0003189739485835452	0.0018831127183019107	0.8654931381823481	-0.007796268452865805	0.007158320555698715
2,11,13	0.0024098772487330666	0.001883112826741982	0.20064445182692117	-0.005067417686133269	0.009887172183599403
2,11,14	0.0008082001943769401	0.001883112726324697	0.667791392653891	-0.006669094341761477	0.008285494730515357
2,11,15	0.0022859638764183843	0.001883112779201339	0.2247795307227869	-0.005191330869677845	0.009763258622514613
2,11,16	0.003464550822025736	0.0018831127183019122	0.06580217085586913	-0.00401274368225653	0.010941845326308002
2,12,13	0.0004807311154530619	0.0018831127263247015	0.798503514125153	-0.006996563420685374	0.007958025651591497
2,12,14	0.00029485081891864745	0.0018831128267419788	0.8755792778842363	-0.007182444115947676	0.0077721457537849705
2,12,15	-0.002409597219447987	0.001883112746976141	0.2006967544113133	-0.0098868918375873	0.005067697398691326
2,12,16	0.001738829784290647	0.0018831128186944548	0.35581235105285847	-0.0057384651186212915	0.009216124687202586
2,13,14	0.00011295790417905835	0.0018831127183019114	0.9521680252651881	-0.007364336600103204	0.007590252408461321
2,13,15	0.00017552024147880763	0.001883112783695272	0.9257390013762544	-0.007301774522461526	0.007652815005419141
2,13,16	0.00027172084256611717	0.0018831127263246995	0.8852691943991123	-0.0072055736935723105	0.007749015378704545
2,14,15	-0.0006228550719505344	0.001883112726411896	0.7408281671891157	-0.008100149608435194	0.006854439464534125
2,14,16	0.0011748510445014348	0.0018831128267419804	0.5327034938710855	-0.006302443890364894	0.008652145979367764
2,15,16	0.0022668108981446916	0.0018831127469761426	0.22868775567487634	-0.005210483719994627	0.009744105516284012
3,4,5	-0.09347901383580305	0.0018831127039909265	0.0	-0.10095630828326055	-0.08600171938834555
3,4,6	0.015162834325921012	0.0018831128052959525	8.281953412575499e-16	0.007685539476210641	0.022640129175631383
3,4,7	0.004898382723818956	0.0018831126860305778	0.009291505872347339	-0.0025789116523231995	0.01237567709996111
3,4,8	0.08937402152594669	0.001883112686030578	0.0	0.08189672714980453	0.09685131590208884
3,4,9	0.01326739610190783	0.00188311269054502	1.8668370010422395e-12	0.005790101707840134	0.020744690495975528
3,4,10	0.04084817032032416	0.0018831126905450187	5.75114761045025e-104	0.03337087592625647	0.04832546471439185
3,4,11	0.07487307736588962	0.0018831126117715828	0.0	0.0673957832846084	0.08235037144717085
3,4,12	-0.0005593721768255011	0.0018831126690890278	0.7664318996170522	-0.008036666485697674	0.006917922132046672
3,4,13	0.0009569105943868783	0.0018831126466487503	0.6113473109239955	-0.00652038362538146	0.008434204814155216
3,4,14	0.0011129403776760638	0.00188311270399093	0.5545150912696915	-0.006364354069781441	0.008590234825133568
3,4,15	0.0046014581132795	0.001883112654691026	0.014546668649988818	-0.0028758361384223835	0.012078752364981384
3,4,16	0.011261421905670185	0.0018831126690890283	2.2400329868764432e-09	0.0037841275967980103	0.01873871621454236
3,5,6	-0.0006378964282958838	0.0018831128052959516	0.7348023821120665	-0.00811519127800625	0.006839398421414484
3,5,7	-0.008706049378631439	0.0018831126860305776	3.785510198136793e-06	-0.016183343754773594	-0.0012287550024892846
3,5,8	-0.03965752617757862	0.0018831126860305806	3.990186131590701e-98	-0.047134820553720785	-0.03218023180143645
3,5,9	0.015061669555381171	0.0018831126905450163	1.2823364820337695e-15	0.00758437516131349	0.02253896394944885
3,5,10	-0.11326690625573528	0.0018831126905450156	0.0	-0.12074420064980296	-0.1057896118616676
3,5,11	-0.06617988377429199	0.0018831126117715867	4.848256283252435e-268	-0.07365717785557323	-0.05870258969301075
3,5,12	-0.0013287006482016611	0.0018831126690890263	0.480447272152733	-0.008805994957073827	0.006148593660670506
3,5,13	-0.010783587437670772	0.0018831126466487523	1.0299374881235327e-08	-0.018260881657439117	-0.0033062932179024253
3,5,14	0.0013770650051880273	0.0018831127039909312	0.46461651175284835	-0.006100229442269483	0.008854359452645538
3,5,15	0.014619423878401316	0.001883112654691025	8.38630175257809e-15	0.007142129626699437	0.022096718130103197
3,5,16	-0.016826024239910684	0.001883112669089028	4.167307257186762e-19	-0.024303318548782857	-0.00934872993103851
3,6,7	-0.004309279809966898	0.0018831127264118976	0.022118532132914086	-0.011786574346451563	0.003168014726517767
3,6,8	0.002861550836701303	0.0018831127264118995	0.12862005513290609	-0.00461574369978337	0.010338845373185976
3,6,9	-0.004305115195552406	0.00188311271830191	0.022247544046586444	-0.011782409699834663	0.0031721793087298514
3,6,10	0.012918584373228771	0.00188311271830191	6.9364620578786196e-12	0.005441289868946514	0.02039587887751103
3,6,11	0.006239164971912566	0.001883112797140083	0.0009227922641130092	-0.0012381298454132127	0.013716459789238345
3,6,12	-0.0026976026532373396	0.0018831127828942127	0.15199897944521878	-0.010174897413996898	0.00477969210752222
3,6,13	-0.00016370106018265967	0.0018831128195665608	0.9307265509762812	-0.007640995966557478	0.007313593846192159
3,6,14	-0.0019305740138676059	0.0018831128052959557	0.3052709583428498	-0.00940786886357799	0.0055467208358427784
3,6,15	-0.005045949956701767	0.001883112815119837	0.007373337130730384	-0.012523244845419935	0.002431344932016401
3,6,16	-0.0021720969229165887	0.0018831127828942138	0.24872551887040487	-0.009649391683676152	0.005305197837842975
3,7,8	-0.04808251261808332	0.0018831127039909295	4.284193969286975e-143	-0.055559807065540825	-0.04060521817062582
3,7,9	-0.04034011311372654	0.0018831126690594564	1.8749956898223915e-101	-0.04781740742248129	-0.032862818804971786
3,7,10	0.03658946504934649	0.0018831126690594558	7.417120594209567e-84	0.029112170740591733	0.04406675935810124
3,7,11	0.029987199769036077	0.0018831126189381008	5.517002934973433e-57	0.022509905659298692	0.037464493878773465
3,7,12	-0.053866103556223024	0.0018831126690612226	7.618906576387988e-179	-0.06134339786498479	-0.046388809247461256
3,7,13	7.206110366608787e-05	0.0018831126108492782	0.9694749053760631	-0.007405232973952929	0.007549355181285105
3,7,14	-0.0023477004708514215	0.0018831126860305782	0.2125073704552137	-0.00982499484699358	0.005129593905290736
3,7,15	-0.033068022055289734	0.001883112633224041	7.167364717478114e-69	-0.04054531622175245	-0.025590727888827023
3,7,16	-0.039234492780835795	0.0018831126690612228	4.320376231887256e-96	-0.04671178708959756	-0.031757198472074026
3,8,9	0.03152562570326299	0.0018831126690594566	8.894347323957099e-63	0.024048331394508238	0.039002920012017744
3,8,10	-0.12204481701520344	0.0018831126690594538	0.0	-0.1295221113239582	-0.1145675227064487
3,8,11	-0.06757562644273385	0.0018831126189381027	2.903885938993459e-279	-0.07505292055247124	-0.060098332332996454
3,8,12	-0.01280312581366816	0.0018831126690612243	1.0631810400789387e-11	-0.020280420122429935	-0.005325831504906385
3,8,13	0.001335045302937883	0.0018831126108492806	0.47835389655676375	-0.006142248774681143	0.00881233938055691
3,8,14	-0.0011625704811571436	0.0018831126860305776	0.5369952537471052	-0.008639864857299298	0.006314723894985011
3,8,15	0.003966323783554548	0.0018831126332240406	0.035185654661920085	-0.0035109703829081613	0.011443617950017259
3,8,16	-0.017198337331239294	0.0018831126690612215	6.852462519170264e-20	-0.024675631640001056	-0.009721043022477532
3,9,10	0.0814224524524089	0.0018831127039909306	0.0	0.07394515800495138	0.0888997468998664
3,9,11	-0.0023880796023230226	0.0018831126287714055	0.20474698546355183	-0.00986537375110561	0.005089214546459565
3,9,12	-0.003088699400432826	0.0018831126861171207	0.10096645681797906	-0.010565993776918619	0.004388594976052966
3,9,13	0.0031948846173400908	0.0018831126332240391	0.08977753979478559	-0.004282409549122613	0.010672178783802794
3,9,14	0.00010834588405156387	0.0018831126905450189	0.954118782557551	-0.007368948510016128	0.007585640278119255
3,9,15	-0.011760406062948744	0.001883112610849279	4.258866575496501e-10	-0.019237700140567766	-0.004283111985329724
3,9,16	-0.008881118739180065	0.001883112686117119	2.4080046233444116e-06	-0.01635841311566585	-0.0014038243626942797
3,10,11	0.08496698170789752	0.0018831126287714066	0.0	0.07748968755911492	0.09244427585668011
3,10,12	0.027919957355534382	0.0018831126861171186	1.191388441290382e-49	0.0204426629790486	0.035397251732020164
3,10,13	-0.00560313376186744	0.0018831126332240413	0.002926535679243213	-0.013080427928330153	0.001874160404595272
3,10,14	0.0022183206029405544	0.0018831126905450148	0.23879799727556245	-0.0052589737911271205	0.00969561499700823
3,10,15	0.025792371941549878	0.0018831126108492795	1.2188060297350562e-42	0.018315077863930856	0.0332696660191689
3,10,16	0.005218262745345731	0.0018831126861171207	0.0055885988393582	-0.002259031631140061	0.012695557121831524
3,11,12	-0.03638759039588085	0.0018831126466487488	5.882295814692295e-83	-0.043864884615649184	-0.028910296176112522
3,11,13	0.002716962340799184	0.0018831126690890283	0.14908054569573273	-0.004760331968072991	0.010194256649671359
3,11,14	-0.0020659898188731124	0.0018831126117715873	0.27259549443379644	-0.009543283900154352	0.005411304262408127
3,11,15	-0.006464348771224981	0.0018831126466990116	0.0005977558680509093	-0.013941642991192892	0.0010129454487429303
3,11,16	-0.0323980416308674	0.0018831126466487501	3.4477039129562273e-66	-0.03987533585063574	-0.024920747411099065
3,12,13	0.0016195489418513176	0.0018831126117715878	0.38977111870419334	-0.0058577451394299235	0.009096843023132559
3,12,14	0.0017668821964335005	0.0018831126690890259	0.3481053287477299	-0.005710412112438665	0.009244176505305665
3,12,15	-0.022785863556837004	0.0018831126072723992	1.1467761973259673e-33	-0.03026315762025327	-0.015308569493420736
3,12,16	-0.020047235448006743	0.0018831127039909293	1.9183463435581464e-26	-0.027524529895464243	-0.01256994100054924
3,13,14	-0.0019156650407222975	0.0018831126466487492	0.30902096125681083	-0.009392959260490632	0.005561629179046037
3,13,15	-0.005586232533410198	0.0018831126690594558	0.0030133121031689033	-0.01306352684216495	0.0018910617753445536
3,13,16	0.0048714674361683	0.001883112611771586	0.00968587781012815	-0.002605826645112934	0.012348761517449534
3,14,15	0.001145495041842054	0.001883112654691024	0.5429914922160276	-0.006331799209859821	0.00862278929354393
3,14,16	0.0032134900539491917	0.001883112669089028	0.08792393636074396	-0.004263804254922982	0.010690784362821365
3,15,16	-0.027912676942877204	0.0018831126072723975	1.2617356160497557e-49	-0.035389971006293465	-0.020435382879460944
4,5,6	-0.0182069954663483	0.0018831126189381023	4.244352048832451e-22	-0.025684289576085692	-0.010729701356610909
4,5,7	-0.09194573271270579	0.00188311279714008	0.0	-0.09942302753003156	-0.08446843789538001
4,5,8	-0.14197993487564162	0.0018831127971400791	0.0	-0.14945722969296737	-0.13450264005831586
4,5,9	-0.020808923859735075	0.0018831128052348165	2.3166537350382685e-28	-0.02828621870920269	-0.013331629010267456
4,5,10	-0.029127351237579535	0.0018831128052348137	7.16105730499387e-54	-0.036604646087047145	-0.02165005638811193
4,5,11	-0.13148442056853546	0.0018831127264118978	0.0	-0.13896171510502012	-0.12400712603205079
4,5,12	-0.0022050402847461903	0.0018831127836952733	0.24162117892865626	-0.009682335048686529	0.005272254479194148
4,5,13	-0.00035923521002065306	0.001883112746976139	0.8487089740810377	-0.007836529828159959	0.007118059408118652
4,5,14	0.0029611375693956027	0.0018831127792013347	0.11584656735131908	-0.004516157176700609	0.010438432315491814
4,5,15	-0.0068865200512920055	0.0018831127263246959	0.0002553984039999033	-0.01436381458743042	0.0005907744848464075
4,5,16	-0.001003641575039127	0.0018831127836952686	0.59405655843405	-0.008480936338979447	0.006473653188901193
4,6,7	-0.0036411213748682135	0.001883112611771586	0.05317093352569786	-0.011118415456149448	0.0038361727064130206
4,6,8	0.004203212967532732	0.0018831126117715854	0.025614658804355733	-0.003274081113748499	0.011680507048813963
4,6,9	-0.0011881000040001172	0.0018831126072723994	0.5280927671053322	-0.008665394067416385	0.006289194059416151
4,6,10	-0.004068775668658778	0.0018831126072724005	0.030724870430405542	-0.01154606973207505	0.003408518394757495
4,6,11	-0.0055526768073379945	0.00188311268603058	0.0031925898055941994	-0.01302997118348016	0.0019246175688041696
4,6,12	-0.0011707276926193194	0.0018831126108492813	0.5341425312343024	-0.008648021770238348	0.00630656638499971
4,6,13	-0.0009810330380162213	0.001883112669061224	0.6023939513015668	-0.008458327346777993	0.006496261270745551
4,6,14	-0.0001553628349323377	0.0018831126189381017	0.9342468209132163	-0.007632656944669727	0.007321931274805051
4,6,15	0.0021559501370587847	0.0018831126861171197	0.25226043751317534	-0.005321344239427003	0.009633244513544572
4,6,16	-0.0019012552200571436	0.0018831126108492758	0.3126742630900329	-0.009378549297676151	0.005576038857561864
4,7,8	0.012648684765965423	0.0018831127792013351	1.8715473712206923e-11	0.00517139001986921	0.02012597951206164
4,7,9	-0.001344068122616296	0.0018831128267419793	0.4753855530419001	-0.008821363057482622	0.006133226812250029
4,7,10	0.005769232165063665	0.0018831128267419808	0.002187312107615053	-0.0017080627698026658	0.013246527099929996
4,7,11	0.0020733138823460714	0.0018831128052959562	0.27089920003107093	-0.005403980967364315	0.009550608732056457
4,7,12	0.0035476078207859474	0.001883112819566563	0.059582142171618425	-0.00392968708558888	0.011024902727160776
4,7,13	5.8209192509109386e-05	0.0018831127828942158	0.9753404883303887	-0.007419085568250462	0.007535503953268681
4,7,14	0.0012276951468930164	0.001883112797140081	0.5144358219154395	-0.006249599670432754	0.008704989964218788
4,7,15	0.004389658148484271	0.0018831127479102823	0.019752983537738078	-0.0030876364733642457	0.011866952770332787
4,7,16	0.005878981502223178	0.0018831128195665602	0.0017973723679593962	-0.001598313404151638	0.013356276408597994
4,8,9	0.019452181166438886	0.0018831128267419802	5.402814761775288e-25	0.011974886231572557	0.026929476101305215
4,8,10	-0.023772499537097036	0.001883112826741981	1.718139878876715e-36	-0.03124979447196337	-0.016295204602230703
4,8,11	-0.005222085285929351	0.0018831128052959538	0.00555386316203198	-0.012699380135639728	0.0022552095637810255
4,8,12	0.003286084441840094	0.0018831128195665593	0.08098474733787814	-0.004191210464534719	0.010763379348214907
4,8,13	0.0033712655907280897	0.0018831127828942158	0.07341643812050955	-0.004106029170031482	0.010848560351487662
4,8,14	-0.0014997297386294406	0.0018831127971400804	0.4257967222339937	-0.008977024555955209	0.005977565078696328
4,8,15	0.0033176670863424296	0.0018831127479102833	0.07810789255370543	-0.004159627535506092	0.01079496170819095
4,8,16	0.009430153829888495	0.0018831128195665606	5.521485486019813e-07	0.001952858923513677	0.016907448736263313
4,9,10	-0.004337763172273454	0.0018831127792013364	0.021253490596018304	-0.011815057918369672	0.0031395315738227646
4,9,11	0.002333341715624049	0.001883112782853482	0.2153175409411427	-0.0051439530449737805	0.009810636476221879
4,9,12	0.001807888366647109	0.0018831128151198346	0.3370320523465392	-0.00566940652207105	0.009285183255365268
4,9,13	0.00020621028623263316	0.0018831127479102814	0.9128022846744637	-0.00727108433561588	0.007683504908081147
4,9,14	-0.0007353976543655744	0.0018831128052348139	0.6961516084425513	-0.008212692503833182	0.006741897195102034
4,9,15	-0.001977413241818461	0.0018831127828942168	0.29368667036155266	-0.009454708002578038	0.005499881518941115
4,9,16	-0.0024241173521727805	0.0018831128151198355	0.1979968876686002	-0.009901412240890943	0.005053177536545382
4,10,11	-0.023667549456954942	0.0018831127828534805	3.476053084303398e-36	-0.031144844217552765	-0.01619025469635712
4,10,12	-0.0035174369974606545	0.001883112815119835	0.061782697460512875	-0.010994731886178815	0.003959857891257506
4,10,13	0.004957698446371936	0.0018831127479102827	0.008472556908998272	-0.0025195961754765827	0.012434993068220455
4,10,14	0.0017720436338986012	0.0018831128052348143	0.3466989810129911	-0.0057052512155690085	0.009249338483366211
4,10,15	0.000817636233332546	0.0018831127828942136	0.6641490294289384	-0.006659658527427017	0.00829493099409211
4,10,16	-0.005192437243000669	0.001883112815119834	0.0058284826360042825	-0.012669732131718826	0.002284857645717487
4,11,12	0.008720460766283245	0.001883112746976144	3.648281575443473e-06	0.0012431661481439194	0.01619775538442257
4,11,13	-0.0038374014105978602	0.0018831127836952688	0.04157429845676489	-0.011314696174538182	0.0036398933533424603
4,11,14	-0.0028235690935128344	0.0018831127264118972	0.13377065006655575	-0.010300863629997499	0.004653725442971829
4,11,15	0.002579257592850215	0.0018831128186944535	0.17079228344413575	-0.0048980373100617185	0.010056552495762148
4,11,16	-0.010510349047917922	0.0018831127469761436	2.3958249911315166e-08	-0.017987643666057245	-0.0030330544297785984
4,12,13	-0.001055245851351	0.0018831127264118978	0.5752268632617691	-0.008532540387835666	0.0064220486851336665
4,12,14	-0.0013633334394898347	0.0018831127836952705	0.4690814585159754	-0.008840628203430161	0.006113961324450493
4,12,15	0.003560294360550109	0.0018831127183019122	0.05867643688551386	-0.003917000143732157	0.011037588864832375
4,12,16	-0.00449337565229764	0.001883112779201338	0.017028998563766943	-0.011970670398393866	0.002983919093798584
4,13,14	-0.002255327714140276	0.0018831127469761421	0.23105401322326755	-0.009732622332279593	0.005221966903999041
4,13,15	-0.0021262161026757986	0.00188311282674198	0.258861305112987	-0.009603511037542126	0.005351078832190529
4,13,16	0.0004286732495153156	0.0018831127264118974	0.8199262322785476	-0.007048621286969349	0.00790596778599998
4,14,15	-0.0008822399176422607	0.0018831127263246976	0.6394280366012919	-0.008359534453780681	0.006595054618496159
4,14,16	-0.000797724857122234	0.0018831127836952705	0.6718441323261506	-0.00827501962106256	0.0066795699068180935
4,15,16	-0.00904167745211884	0.0018831127183019114	1.5786907103957717e-06	-0.016518971956401104	-0.001564382947836578
5,6,7	0.0008480277459226582	0.001883112611771585	0.652471855680259	-0.006629266335358572	0.008325321827203889
5,6,8	0.0021129148218724525	0.0018831126117715856	0.2618524903049247	-0.00536437925940878	0.009590208903153685
5,6,9	-0.00021417182541219604	0.0018831126072723977	0.9094498971181133	-0.007691465888828458	0.007263122238004066
5,6,10	-0.002173392570567083	0.0018831126072723975	0.24844333336171592	-0.009650686633983344	0.005303901492849178
5,6,11	0.0012890759640565297	0.0018831126860305784	0.49363333288675015	-0.006188218412085628	0.008766370340198688
5,6,12	-0.0009873713789461946	0.0018831126108492784	0.6000512170347225	-0.008464665456565212	0.006489922698672823
5,6,13	0.0007842416181569889	0.0018831126690612215	0.6770746096244631	-0.006693052690604774	0.00826153592691875
5,6,14	-0.0008631086469865351	0.0018831126189381025	0.646708655426381	-0.008340402756723927	0.0066141854627508575
5,6,15	0.00017414862158798665	0.0018831126861171205	0.926317658295731	-0.0073031457548978045	0.007651442998073778
5,6,16	-0.0012427106081184663	0.001883112610849278	0.5093051501190372	-0.008720004685737482	0.00623458346950055
5,7,8	-0.04590708787803059	0.0018831127792013366	1.1301862509810395e-130	-0.053384382624126814	-0.03842979313193437
5,7,9	-0.010661705928167148	0.0018831128267419793	1.5047219115497352e-08	-0.018139000863033473	-0.003184410993300823
5,7,10	0.032272536928980494	0.0018831128267419784	1.0813657831809168e-65	0.024795241994114172	0.03974983186384681
5,7,11	-0.03849498187349293	0.0018831128052959536	1.3824302265913455e-92	-0.0459722767232033	-0.031017687023782554
5,7,12	-0.017234646274023775	0.0018831128195665606	5.734509373925296e-20	-0.024711941180398593	-0.009757351367648957
5,7,13	0.0014914100216035092	0.0018831127828942134	0.42836831216756677	-0.005985884739156053	0.008968704782363071
5,7,14	-0.00035091716532875683	0.0018831127971400826	0.8521712594113448	-0.007828211982654534	0.00712637765199702
5,7,15	-0.019835176239489244	0.0018831127479102836	6.374684141240356e-26	-0.027312470861337767	-0.012357881617640721
5,7,16	-0.013494663145658753	0.00188311281956656	7.795659724605112e-13	-0.020971958052033567	-0.006017368239283938
5,8,9	0.0031074236982719106	0.0018831128267419808	0.09891655420451233	-0.00436987123659442	0.010584718633138241
5,8,10	0.00030741263513677994	0.0018831128267419784	0.870324422389375	-0.007169882299729541	0.007784707570003101
5,8,11	-0.10276004184232079	0.0018831128052959546	0.0	-0.11023733669203117	-0.09528274699261041
5,8,12	-0.0071072062803582345	0.001883112819566559	0.00016067787361749805	-0.014584501186733045	0.0003700886260165773
5,8,13	-0.0044994054455223115	0.0018831127828942158	0.016881300698444793	-0.011976700206281884	0.00297788931523726
5,8,14	-0.001554512078282222	0.0018831127971400828	0.40909007751450266	-0.009031806895608	0.005922782739043556
5,8,15	0.005574021919006161	0.0018831127479102823	0.0030774597153551174	-0.0019032727028423556	0.013051316540854677
5,8,16	-0.007828233939320618	0.001883112819566561	3.227671760878506e-05	-0.015305528845695438	-0.00035093903294579863
5,9,10	0.03488779232984354	0.0018831127792013362	1.9843961259350024e-76	0.027410497583747324	0.04236508707593976
5,9,11	-0.007064842251320522	0.001883112782853479	0.0001758043282227849	-0.014542137011918338	0.00041245250927729547
5,9,12	0.0018580753004041328	0.0018831128151198355	0.32379135882478816	-0.005619219588314029	0.009335370189122295
5,9,13	0.0012468237454695136	0.0018831127479102827	0.5079044543517213	-0.006230470876379005	0.008724118367318033
5,9,14	0.0003164257727207853	0.0018831128052348152	0.8665575585082042	-0.007160869076746828	0.0077937206221883985
5,9,15	-0.002476887573817317	0.0018831127828942147	0.18840851727283708	-0.009954182334576884	0.00500040718694225
5,9,16	-0.0017324831090881655	0.001883112815119835	0.3575708210986652	-0.009209777997806326	0.005744811779629995
5,10,11	-0.02769264811171035	0.001883112782853482	7.096776317073738e-49	-0.03516994287230818	-0.02021535335111252
5,10,12	0.011375571548862165	0.0018831128151198342	1.541517282298903e-09	0.003898276660144008	0.018852866437580322
5,10,13	-0.0037615385970412307	0.0018831127479102827	0.04577386211194882	-0.01123883321888975	0.003715756024807288
5,10,14	0.002478584984359808	0.001883112805234814	0.18810589110103046	-0.004998709865107801	0.009955879833827418
5,10,15	0.01304479707298348	0.001883112782894214	4.330773437938646e-12	0.005567502312223916	0.020522091833743046
5,10,16	0.004945435244646079	0.0018831128151198338	0.008636376690035147	-0.002531859644072076	0.012422730133364234
5,11,12	-0.021496180286748087	0.0018831127469761423	3.750312439755722e-30	-0.028973474904887407	-0.014018885668608769
5,11,13	-0.0016046420743075634	0.0018831127836952703	0.3941494586444141	-0.00908193683824789	0.005872652689632763
5,11,14	-2.1490055850947876e-06	0.0018831127264118976	0.9990894589742918	-0.00747944354206976	0.007475145530899571
5,11,15	-0.002481420155910158	0.001883112818694454	0.1876012115045135	-0.009958715058822093	0.004995874747001777
5,11,16	-0.016699517829724203	0.001883112746976144	7.62862684207609e-19	-0.02417681244786353	-0.009222223211584878
5,12,13	0.002084203664896367	0.001883112726411897	0.26839037089253354	-0.005393090871588296	0.00956149820138103
5,12,14	0.0008839992713590775	0.0018831127836952686	0.6387602303015957	-0.006593295492581242	0.008361294035299397
5,12,15	-0.009590280900580575	0.0018831127183019112	3.538349032664216e-07	-0.017067575404862836	-0.0021129863962983135
5,12,16	-0.008371823896279579	0.0018831127792013375	8.773625608722088e-06	-0.0158491186423758	-0.000894529150183356
5,13,14	-0.002185909592451518	0.0018831127469761428	0.24572917690005006	-0.009663204210590838	0.005291385025687802
5,13,15	-0.00042936714264214457	0.00188311282674198	0.8196397687728014	-0.007906662077508472	0.007047927792224183
5,13,16	-0.0001382348641302822	0.0018831127264118993	0.9414819633371511	-0.007615529400614955	0.00733905967235439
5,14,15	-0.0018945056672989152	0.0018831127263246972	0.31439524565055726	-0.009371800203437333	0.005582788868839503
5,14,16	0.0022180676874233585	0.0018831127836952688	0.23885156748534886	-0.005259227076516962	0.009695362451363678
5,15,16	0.0008043861168183578	0.0018831127183019133	0.6692658798207918	-0.0066729083874639125	0.008281680621100629
6,7,8	-0.0010445000559760609	0.001883112618938102	0.5791245001871741	-0.008521794165713453	0.00643279405376133
6,7,9	-0.0008599158483841296	0.0018831126287714062	0.6479270403821569	-0.008337209997166719	0.006617378300398461
6,7,10	-0.008159185307622524	0.0018831126287714053	1.4743355113487604e-05	-0.01563647945640511	-0.0006818911588399373
6,7,11	-0.004129824177640611	0.00188311270399093	0.028304872983455288	-0.011607118625098115	0.0033474702698168936
6,7,12	0.0002942200047670873	0.0018831126466487482	0.8758432948219569	-0.007183074215001243	0.007771514224535417
6,7,13	-0.00015632552400815514	0.0018831126690890267	0.9338403223781296	-0.007633619832880324	0.007320968784864014
6,7,14	-0.0017910649116211902	0.0018831126117715865	0.34154732020770484	-0.009268358992902426	0.005686229169660046
6,7,15	0.0016550456092294663	0.0018831126466990111	0.3794651186360146	-0.005822248610738444	0.009132339829197377
6,7,16	-0.00019227750137668087	0.0018831126466487492	0.9186726851468604	-0.007669571721145015	0.0072850167183916535
6,8,9	-0.0010948602170530453	0.0018831126287714049	0.5609662867317184	-0.008572154365835631	0.00638243393172954
6,8,10	-0.008389765106972015	0.0018831126287714064	8.392976000767358e-06	-0.015867059255754608	-0.0009124709581894239
6,8,11	-0.010576500272924116	0.0018831127039909302	1.9566148471882967e-08	-0.01805379472038162	-0.0030992058254666107
6,8,12	-0.0025045855399151093	0.0018831126466487492	0.18351495082556754	-0.009981879759683444	0.004972708679853225
6,8,13	-0.002471053269267727	0.001883112669089026	0.1894514277892626	-0.009948347578139893	0.005006241039604439
6,8,14	0.0004573751191761701	0.001883112611771586	0.80809718270996	-0.007019918962105064	0.007934669200457404
6,8,15	0.0002208770826768458	0.0018831126466990135	0.9066277509213629	-0.007256417137291074	0.007698171302644765
6,8,16	-0.0020153630859842814	0.0018831126466487501	0.284519912398965	-0.00949265730575262	0.0054619311337840565
6,9,10	-0.0007849736728564351	0.001883112618938103	0.6767902155937153	-0.00826226778259383	0.006692320436880959
6,9,11	0.0007923705565789085	0.0018831126690594553	0.673919300763678	-0.006684923752175841	0.008269664865333658
6,9,12	-0.0029238005163728584	0.001883112654691023	0.12051347581862837	-0.010401094768074728	0.0045534937353290126
6,9,13	0.0002676268624720174	0.0018831126466990137	0.8869861266927583	-0.007209667357495903	0.007744921082439938
6,9,14	-0.0019292338961467426	0.0018831126072724	0.30560674620782513	-0.009406527959563014	0.005548060167269529
6,9,15	0.0006699309273694443	0.001883112669089028	0.7220235470050662	-0.00680736338150273	0.008147225236241618
6,9,16	-9.136359664438376e-05	0.001883112654691024	0.9613041034245915	-0.007568657848346259	0.0073859306550574915
6,10,11	-0.004802843912412674	0.001883112669059456	0.010759703085184829	-0.012280138221167428	0.002674450396342078
6,10,12	-0.0009561828691544427	0.0018831126546910233	0.6116183313629273	-0.008433477120856316	0.00652111138254743
6,10,13	-0.00019417261791856988	0.0018831126466990126	0.9178739336609762	-0.007671466837886486	0.007283121602049346
6,10,14	0.0006689024896048557	0.0018831126072723996	0.7224326095791369	-0.006808391573811414	0.008146196553021125
6,10,15	-0.001635934523643745	0.0018831126690890252	0.38499279896676886	-0.009113228832515908	0.005841359785228418
6,10,16	-0.0022138319992869894	0.0018831126546910233	0.23974956952835275	-0.009691126250988863	0.005263462252414883
6,11,12	-0.0004169090054675917	0.0018831126690612222	0.8247867087006349	-0.007894203314229357	0.007060385303294173
6,11,13	-0.0029269039113502754	0.0018831126108492789	0.12012003616951748	-0.010404197988969296	0.004550390166268744
6,11,14	-0.0019153857449096534	0.0018831126860305771	0.3090915117955119	-0.009392680121051806	0.005561908631232499
6,11,15	-0.0011800444896702192	0.0018831126332240408	0.5308936919732472	-0.00865733865613293	0.006297249676792491
6,11,16	-0.0009454283290159168	0.0018831126690612237	0.6156297171115653	-0.008422722637777689	0.006531865979745854
6,12,13	0.0007184673973493205	0.0018831126860305782	0.7028099200622889	-0.006758826978792837	0.008195761773491479
6,12,14	1.790562395077855e-05	0.0018831126108492789	0.9924134380230064	-0.007459388453668241	0.007495199701569798
6,12,15	0.003495164183455697	0.0018831126905450163	0.06344999121325963	-0.003982130210611984	0.010972458577523377
6,12,16	0.0005760359035292817	0.0018831126189381034	0.7596851025397456	-0.006901258206208114	0.008053330013266677
6,13,14	0.0013839466089678176	0.0018831126690612217	0.46238782021992086	-0.006093347699793946	0.008861240917729581
6,13,15	-0.00012696136453133056	0.0018831126287714058	0.9462467477134745	-0.007604255513313919	0.007350332784251258
6,13,16	-0.0014907722583443195	0.001883112686030577	0.428565790871396	-0.00896806663448647	0.0059865221177978324
6,14,15	0.001422226683856942	0.0018831126861171194	0.4500998802311037	-0.006055067692628845	0.008899521060342728
6,14,16	0.0023996294702005594	0.0018831126108492789	0.2025656214882966	-0.00507766460741846	0.009876923547819579
6,15,16	4.538891674310888e-06	0.0018831126905450187	0.9980768574621703	-0.00747275550239338	0.0074818332857420015
7,8,9	0.03789805034614588	0.0018831128052348154	8.35910526928492e-90	0.030420755496678265	0.045375345195613495
7,8,10	0.03486717725118449	0.001883112805234814	2.4292791093039368e-76	0.02738988240171688	0.0423444721006521
7,8,11	0.16087463276626082	0.0018831127264118993	0.0	0.15339733822977614	0.1683519273027455
7,8,12	-0.007218586140453292	0.0018831127836952686	0.0001265412919000837	-0.014695880904393612	0.0002587086234870275
7,8,13	-0.0031269621907593914	0.0018831127469761452	0.09681303581766691	-0.010604256808898722	0.004350332427379938
7,8,14	-0.0028478696043900548	0.0018831127792013362	0.1304572840559269	-0.010325164350486273	0.004629425141706163
7,8,15	-0.018861253654894133	0.0018831127263246978	1.3487506215666435e-23	-0.026338548191032554	-0.011383959118755713
7,8,16	0.001957570244686818	0.0018831127836952692	0.2985577437547858	-0.005519724519253504	0.009434865008627141
7,9,10	-0.03249330062623372	0.0018831127971400826	1.4437098011120302e-66	-0.0399705954435595	-0.02501600580890794
7,9,11	0.03704953738024863	0.0018831127183019114	6.3449535064632635e-86	0.029572242875966367	0.044526831884530896
7,9,12	-0.005295158345722972	0.0018831128186944535	0.004926188293413292	-0.012772453248634906	0.002182136557188961
7,9,13	-0.0006401598897679758	0.0018831127263246987	0.7338969954980015	-0.0081174544259064	0.006837134646370448
7,9,14	-0.0017942531741105272	0.0018831128267419808	0.34068870358000436	-0.009271548108976858	0.005683041760755804
7,9,15	0.011226371908756479	0.0018831127469761415	2.5106144205409365e-09	0.003749077290617164	0.01870366652689579
7,9,16	0.0003346178671415831	0.0018831128186944548	0.8589638452229097	-0.0071426770357703555	0.007811912770053522
7,10,11	0.022864260748600013	0.0018831127183019112	6.90808902680103e-34	0.015386966244317752	0.030341555252882273
7,10,12	-0.03855900449782114	0.0018831128186944533	6.91485297088887e-93	-0.046036299400733074	-0.031081709594909208
7,10,13	0.0076422535315787965	0.0018831127263246995	4.94871917483984e-05	0.0001649589954403688	0.015119548067717224
7,10,14	-0.0050871033564504065	0.0018831128267419784	0.006905931103091673	-0.012564398291316729	0.002390191578415915
7,10,15	-0.027401534379040693	0.0018831127469761436	6.831142283694219e-48	-0.03487882899718002	-0.01992423976090137
7,10,16	-0.0039260252725598355	0.0018831128186944546	0.037085976939976464	-0.011403320175471774	0.0035512696303521022
7,11,12	-0.004809354994456082	0.0018831127828942136	0.010653460743927905	-0.012286649755215644	0.002667939766303481
7,11,13	0.00464991874790209	0.0018831128195665617	0.01354136369258559	-0.002827376158472732	0.012127213654276912
7,11,14	0.0013462920578370396	0.0018831128052959546	0.4746554568461715	-0.00613100279187334	0.00882358690754742
7,11,15	-0.021365749782883747	0.0018831128151198355	8.28555319824188e-30	-0.02884304467160191	-0.013888454894165585
7,11,16	-0.004976544537781152	0.001883112782894214	0.008226216875416156	-0.012453839298540718	0.002500750222978412
7,12,13	-0.007173084868956431	0.0018831128052959557	0.00013956614350047543	-0.014650379718666815	0.0003042099807539535
7,12,14	0.004803477694520886	0.0018831128195665615	0.010749326163170996	-0.0026738172118539356	0.012280772600895707
7,12,15	0.028232415773684294	0.00188311278285348	1.0013023287872676e-50	0.020755121013086474	0.03570971053428212
7,12,16	0.0006618826096619068	0.001883112797140081	0.7252269772405586	-0.006815412207663864	0.008139177426987679
7,13,14	-0.0017270117322851775	0.0018831127828942145	0.3590911485499432	-0.009204306493044743	0.005750283028474389
7,13,15	0.0035936850523514974	0.0018831128052348139	0.056347201306135714	-0.0038836097971161106	0.011070979901819105
7,13,16	-0.004346580781923237	0.0018831128052959555	0.020991742591751374	-0.011823875631633621	0.0031307140677871463
7,14,15	0.0032126328307744423	0.001883112747910281	0.08800866886032768	-0.004264661791074069	0.010689927452622955
7,14,16	-0.002528480125215074	0.001883112819566561	0.17936961383497352	-0.010005775031589894	0.0049488147811597456
7,15,16	0.005918275417963387	0.0018831127828534805	0.0016740682650391162	-0.0015590193426344365	0.01339557017856121
8,9,10	-0.05908217620137317	0.0018831127971400802	1.8218411916866584e-214	-0.06655947101869894	-0.0516048813840474
8,9,11	0.025218628367241966	0.0018831127183019096	7.633214822196697e-41	0.01774133386295971	0.03269592287152422
8,9,12	0.018374123044674416	0.0018831128186944544	1.7786980892256343e-22	0.01089682814176248	0.02585141794758635
8,9,13	-0.0025432663075862366	0.0018831127263246995	0.17683950411098184	-0.010020560843724664	0.004934028228552191
8,9,14	-0.00419350049180961	0.0018831128267419793	0.025957501501100107	-0.011670795426675935	0.003283794443056715
8,9,15	0.005542554414141655	0.001883112746976145	0.003248549430652323	-0.0019347402039976737	0.013019849032280983
8,9,16	-0.008669608911515941	0.0018831128186944548	4.1549459345055616e-06	-0.01614690381442788	-0.0011923140086040028
8,10,11	-0.21420905586986427	0.0018831127183019116	0.0	-0.22168635037414652	-0.20673176136558202
8,10,12	0.034030866186121875	0.0018831128186944548	8.056977883094518e-73	0.026553571283209936	0.04150816108903381
8,10,13	-0.014203991451236034	0.001883112726324698	4.658705856329829e-14	-0.021681285987374455	-0.006726696915097612
8,10,14	0.0005731355629571997	0.0018831128267419795	0.7608581172929816	-0.006904159371909126	0.008050430497823526
8,10,15	0.007659209023074209	0.0018831127469761443	4.761449522040013e-05	0.0001819144049348834	0.015136503641213536
8,10,16	0.017576889498995885	0.0018831128186944544	1.0508952825610523e-20	0.010099594596083948	0.02505418440190782
8,11,12	-0.019306405042597154	0.0018831127828942145	1.2057056504697353e-24	-0.02678369980335672	-0.011829110281837588
8,11,13	-0.002710127727966416	0.001883112819566559	0.15010594956566944	-0.010187422634341227	0.004767167178408396
8,11,14	0.00022679801074089456	0.001883112805295955	0.9041367025493918	-0.007250496838969487	0.007704092860451276
8,11,15	0.017872945280313052	0.001883112815119835	2.358714920772886e-21	0.010395650391594891	0.025350240169031212
8,11,16	-0.012489681941628483	0.0018831127828942138	3.327070259486222e-11	-0.019966976702388048	-0.005012387180868919
8,12,13	0.0016289253538323174	0.0018831128052959549	0.3870324359801818	-0.005848369495878063	0.009106220203542698
8,12,14	0.0033442073704477715	0.0018831128195665593	0.07575520083134224	-0.004133087535927041	0.010821502276822584
8,12,15	-0.00444629832266602	0.0018831127828534827	0.018221651358658608	-0.011923593083263852	0.0030309964379318117
8,12,16	-0.002628401471318542	0.0018831127971400817	0.16278708766195374	-0.010105696288644316	0.0048488933460072315
8,13,14	0.0038727227272407627	0.001883112782894214	0.03973316007015577	-0.0036045720335188018	0.011350017488000328
8,13,15	-0.0017152127330509748	0.0018831128052348165	0.36238355494906915	-0.009192507582518593	0.005762082116416644
8,13,16	0.008781667055157157	0.0018831128052959531	3.1167949209530647e-06	0.0013043722054467827	0.01625896190486753
8,14,15	-0.0021324703090565694	0.0018831127479102827	0.2574630321357437	-0.009609764930905089	0.005344824312791949
8,14,16	-0.0022744871548661706	0.001883112819566561	0.2271156356255584	-0.00975178206124099	0.005202807751508649
8,15,16	-0.005252886262619438	0.0018831127828534803	0.005280981825576507	-0.012730181023217262	0.002224408497978384
9,10,11	0.04035415771426737	0.0018831127264118958	1.5993580605925462e-101	0.03287686317778271	0.04783145225075203
9,10,12	-0.023142284400098023	0.0018831127836952699	1.1291072936459608e-34	-0.030619579164038346	-0.0156649896361577
9,10,13	-0.0013115640850419608	0.0018831127469761426	0.4861262141417392	-0.00878885870318128	0.006165730533097358
9,10,14	-0.0011890751132810906	0.0018831127792013373	0.5277542688694452	-0.008666369859377313	0.006288219632815131
9,10,15	-0.015730492526722817	0.001883112726324698	6.758788462427877e-17	-0.023207787062861238	-0.008253197990584396
9,10,16	0.00037806784791457465	0.0018831127836952703	0.8408810056097303	-0.007099226916025752	0.007855362611854901
9,11,12	0.005292335943502445	0.0018831127479102823	0.0049491860902149895	-0.002184958678346072	0.012769630565350961
9,11,13	-0.0005723945962473609	0.001883112815119836	0.7611578744357401	-0.008049689484965525	0.006904900292470803
9,11,14	0.0014279749893850724	0.0018831127828534816	0.44827080546561426	-0.006049319771212755	0.008905269749982899
9,11,15	-0.009686139610140143	0.0018831128195665587	2.7018304029260755e-07	-0.017163434516514954	-0.002208844703765333
9,11,16	0.006967982437721065	0.0018831127479102823	0.00021556763612118004	-0.0005093121841274516	0.014445277059569581
9,12,13	-0.006691708258494855	0.0018831127828534808	0.0003803596969844509	-0.014169003019092678	0.000785586502102969
9,12,14	0.0035413781690187274	0.0018831128151198355	0.060031104423602745	-0.003935916719699435	0.01101867305773689
9,12,15	0.0064868474704904006	0.0018831128052959544	0.000571955262231752	-0.0009904473792199785	0.01396414232020078
9,12,16	0.009459082273021419	0.001883112805234816	5.097617441630104e-07	0.001981787423553802	0.016936377122489035
9,13,14	0.0016270205341329946	0.0018831127479102836	0.38758784311519745	-0.0058502740877155275	0.009104315155981518
9,13,15	-0.0009761593578909156	0.0018831127971400826	0.6041981408199468	-0.008453454175216693	0.006501135459434862
9,13,16	0.0018528959637680448	0.0018831127828534805	0.3251419049063815	-0.0056243987968297784	0.009330190724365868
9,14,15	0.0017571167616042271	0.0018831127828942166	0.35077613916444395	-0.005720177999155348	0.009234411522363803
9,14,16	0.0007051124293464134	0.0018831128151198357	0.7080783442950633	-0.00677218245937175	0.008182407318064577
9,15,16	-0.006391755032462976	0.0018831128052959549	0.000688581120089231	-0.013869049882173357	0.0010855398172474051
10,11,12	-0.060932759544355064	0.001883112747910282	7.192912668006412e-228	-0.06841005416620358	-0.05345546492250655
10,11,13	-0.009131271856710962	0.0018831128151198353	1.2435311992127686e-06	-0.016608566745429123	-0.001653976967992801
10,11,14	-0.0023629965338472225	0.0018831127828534797	0.209543051476036	-0.009840291294445042	0.005114298226750597
10,11,15	0.008263350132665704	0.0018831128195665608	1.145079192830137e-05	0.0007860552262908852	0.015740645039040522
10,11,16	-0.012241044925500696	0.0018831127479102823	8.06692001108918e-11	-0.019718339547349212	-0.0047637503036521795
10,12,13	-0.0016900055097878175	0.0018831127828534827	0.3694804916428752	-0.00916730027038565	0.005787289250810014
10,12,14	0.00825718970285022	0.001883112815119837	1.1624181154971875e-05	0.0007798948141320523	0.015734484591568388
10,12,15	-0.023653061242262574	0.001883112805295955	3.8302721126730095e-36	-0.031130356091972955	-0.016175766392552193
10,12,16	0.0011328160339245871	0.0018831128052348132	0.5474653835495451	-0.006344478815543018	0.008610110883392193
10,13,14	0.0045546302515518874	0.0018831127479102818	0.01558005632437131	-0.0029226643702966277	0.012031924873400403
10,13,15	0.0014801677989257295	0.001883112797140083	0.4318575608510751	-0.005997127018400049	0.008957462616251508
10,13,16	0.011954052103274437	0.001883112782853481	2.195296814258565e-10	0.004476757342676612	0.01943134686387226
10,14,15	-0.0030228778501339704	0.0018831127828942127	0.10844237690988007	-0.010500172610893529	0.004454416910625589
10,14,16	0.006909055149441883	0.0018831128151198348	0.00024373938930516745	-0.0005682397392762764	0.014386350038160044
10,15,16	-0.009446251433618286	0.001883112805295954	5.281595645961737e-07	-0.016923546283328664	-0.001968956583907909
11,12,13	-0.0044099082085935215	0.0018831127792013375	0.019193058743660292	-0.011887202954689743	0.0030673865375027013
11,12,14	-0.0071410301273615445	0.0018831127469761436	0.00014948906430568815	-0.014618324745500868	0.00033626449077777884
11,12,15	0.0019956200930763557	0.0018831128267419786	0.28926440565212863	-0.0054816748417899665	0.009472915027942678
11,12,16	-0.004352710270474143	0.0018831127264118987	0.020811443219761493	-0.011830004806958814	0.0031245842660105267
11,13,14	0.005271995766666107	0.0018831127836952688	0.005117829148460718	-0.0022052989972742134	0.012749290530606427
11,13,15	-0.0020385908343728	0.0018831127183019116	0.27900583182708055	-0.009515885338655064	0.005438703669909463
11,13,16	0.00917651677920131	0.0018831127792013358	1.1014323449103586e-06	0.0016992220331050944	0.016653811525297525
11,14,15	-0.000757355602502563	0.0018831128186944548	0.6875508190520949	-0.008234650505414502	0.006719939300409376
11,14,16	-0.004281664345703526	0.0018831127469761423	0.022986297738330802	-0.011758958963842844	0.0031956302724357923
11,15,16	0.0029051999650241203	0.0018831128267419788	0.12289276176733101	-0.004572094969842203	0.010382494899890442
12,13,14	0.002398766653139168	0.001883112726411897	0.2027280171227357	-0.005078527883345495	0.00987606118962383
12,13,15	-0.003501226972074223	0.001883112818694453	0.06299251614208734	-0.010978521874986154	0.003976067930837709
12,13,16	-0.0001650529136935988	0.0018831127469761417	0.9301559413091497	-0.007642347531832914	0.007312241704445717
12,14,15	-0.006301045430381985	0.0018831127183019107	0.0008200932826917922	-0.013778339934664246	0.0011762490739002747
12,14,16	-0.000699819041349331	0.0018831127792013388	0.7101704184923987	-0.00817711378744556	0.006777475704746897
12,15,16	0.008988515702985223	0.0018831127263246989	1.81696043732645e-06	0.0015112211668467978	0.01646581023912365
13,14,15	-0.014720385811970327	0.0018831128267419784	5.488533254384958e-15	-0.02219768074683665	-0.0072430908771040055
13,14,16	0.004504311920897369	0.0018831127264118976	0.016761945618319413	-0.0029729826155872963	0.011981606457382034
13,15,16	-0.05368699358637748	0.001883112818694454	1.1176802654869556e-177	-0.06116428848928941	-0.04620969868346554
14,15,16	0.007730052368026406	0.0018831127183019118	4.0492584432330314e-05	0.00025275786374414147	0.01520734687230867
