Params: 	137
Performance: 	0.956338196335881
Term	Coefficient	Standard Error	p-value	95% CI lower	95% CI upper
Intercept	8.410044953357149
1	-0.04016364800718669	0.0027682290048872083	1.2642013865788943e-47	-0.05003069490819394	-0.030296601106179447
2	0.07928796622029757	0.0027682555058710155	2.6136561367597033e-179	0.0694208248594571	0.08915510758113805
3	0.8698872537644553	0.0027682342556169842	0.0	0.860020188147801	0.8797543193811096
4	-0.18307320142728656	0.002768223749190328	0.0	-0.1929402295949421	-0.17320617325963103
5	0.0705757531588827	0.002768287276528453	1.1378037447620906e-142	0.06070849855503868	0.08044300776272673
6	0.014488609606905234	0.0027682184334120513	1.664711984606965e-07	0.0046216003867549545	0.024355618827055513
7	0.27135485013579136	0.0027682979011293377	0.0	0.2614875576617296	0.2812221426098531
8	0.3144448710531117	0.002768213187679118	0.0	0.30457788053079776	0.32431186157542563
9	0.020807120832836173	0.002768207895507653	5.699476453445039e-14	0.010940149173883596	0.03067409249178875
10	0.18662188078735414	0.002768207895507658	0.0	0.17675490912840155	0.19648885244630673
11	0.5127420740394253	0.00276822900553144	0.0	0.5028750271361218	0.5226091209427288
12	0.018511724300912448	0.00276825021961283	2.293705639199759e-11	0.0086446017823561	0.028378846819468798
13	0.044399588750384744	0.0027681920509901154	8.772155342122863e-58	0.03453267356746699	0.0542665039333025
14	0.014519198785458654	0.0027682237491903263	1.568089116152847e-07	0.004652170617803143	0.024386226953114164
15	-0.12781338060750647	0.002768197346588342	0.0	-0.1376803146659999	-0.11794644654901304
16	0.046865454615426225	0.0027682607916230174	3.7334761681065324e-64	0.03699829441410585	0.0567326148167466
1,2	0.0424286717142207	0.0013841092176756905	6.640270900438361e-205	0.03749516710068929	0.0473621763277521
1,3	0.0027911600496014627	0.0013841092616889775	0.043743970296153664	-0.002142344720810446	0.0077246648200133715
1,4	0.011403301847276929	0.0013841092202531316	1.7723047739563228e-16	0.006469797224558521	0.016336806469995337
1,5	0.005677752589901414	0.0013841092202531336	4.0991464619286113e-05	0.0007442479671829995	0.010611257212619827
1,6	0.002040009804639413	0.0013841092286644124	0.14051893224144008	-0.002893494848060077	0.006973514457338903
1,7	-0.0004320989988867152	0.0013841092202587515	0.7549004532393935	-0.005365603621625154	0.004501405623851724
1,8	0.0007506251303732482	0.001384109220258753	0.5876024073113005	-0.004182879492365196	0.005684129753111692
1,9	0.00033097465973806403	0.001384109223498439	0.8110096629715995	-0.0046025299745478835	0.005264479294024012
1,10	0.0012425861589997894	0.0013841092234984412	0.36932134124632354	-0.003690918475286166	0.006176090793285745
1,11	0.0063196188245872795	0.0013841091795008416	4.984071025050513e-06	0.0013861143471259139	0.011253123302048645
1,12	-0.001113674559340798	0.0013841092260875962	0.4210450111721906	-0.006047179202855511	0.003819830084173915
1,13	-0.0011318593931521903	0.0013841092047248464	0.4135012451189368	-0.0060653639605217375	0.003801645174217357
1,14	0.0006028172380213633	0.0013841092202531333	0.6631812246067273	-0.00433068738469705	0.005536321860739777
1,15	0.0005770344191412813	0.001384109210542373	0.6767532976234121	-0.004356470168964198	0.0055105390072467605
1,16	-0.0029699917379386598	0.001384109226087596	0.03189432921131986	-0.007903496381453372	0.0019635129055760522
2,3	-0.03194525951690719	0.0013841092079661971	2.171281926560464e-117	-0.03687876409583017	-0.027011754937984203
2,4	-0.003935331792924837	0.0013841092390256243	0.004467359093429723	-0.008868836482555723	0.0009981728967060491
2,5	-0.02692729334591972	0.0013841092390256252	4.6103988308423405e-84	-0.031860798035550614	-0.021993788656288833
2,6	0.0003175604844548336	0.0013841092047248472	0.8185330190752261	-0.004615944082914717	0.005251065051824384
2,7	-0.0004953050041487453	0.0013841092519742545	0.7204559097266645	-0.005428809739933596	0.004438199731636105
2,8	-0.005269833134171009	0.0013841092519742526	0.0001405736135781665	-0.010203337869955854	-0.0003363283983861655
2,9	0.0018456493422728953	0.001384109251320944	0.18238671852074953	-0.0030878553911833015	0.006779154075729092
2,10	-0.01962452999117688	0.0013841092513209466	1.4554694159868344e-45	-0.024558034724633086	-0.014691025257720671
2,11	-0.02418678759490667	0.001384109225447683	3.1978138292877543e-68	-0.02912029223614048	-0.01925328295367286
2,12	0.005844292346584453	0.0013841092668673653	2.4201806886007832e-05	0.0009107875577147517	0.010777797135454154
2,13	-0.000561655454570778	0.001384109228664409	0.6848994181277098	-0.005495160107270256	0.0043718491981287
2,14	-0.00017609560978852287	0.0013841092390256247	0.8987613882556157	-0.005109600299419411	0.004757409079842365
2,15	0.005228298731855083	0.0013841092383749351	0.00015863073050365598	0.00029479404454350617	0.01016180341916666
2,16	0.001601304347580365	0.001384109266867365	0.24730907953000889	-0.0033322004412893345	0.006534809136450065
3,4	-0.1285955444413994	0.0013841092234984417	0.0	-0.13352904907568536	-0.12366203980711343
3,5	-0.17859337089498176	0.001384109223498441	0.0	-0.18352687552926772	-0.1736598662606958
3,6	-0.011936767970871183	0.0013841092099133017	6.598568959597387e-18	-0.016870272556734407	-0.007003263385007959
3,7	-0.03362041287494094	0.0013841092209012122	9.363843865243736e-130	-0.03855391749996936	-0.028686908249912522
3,8	-0.11445719195794084	0.001384109220901212	0.0	-0.11939069658296926	-0.10952368733291241
3,9	0.0033443129751993435	0.0013841092202531327	0.01568528501704323	-0.001589191647519068	0.008277817597917755
3,10	-0.11506617947252247	0.0013841092202531333	0.0	-0.11999968409524088	-0.11013267484980406
3,11	-0.2172892808664534	0.0013841091969637924	0.0	-0.22222278540615953	-0.2123557763267473
3,12	0.027506287615603718	0.0013841092021458984	1.2683561636666862e-87	0.022572783057426545	0.03243979217378089
3,13	-0.006716645778727201	0.0013841091872578643	1.220811822092667e-06	-0.011650150283837618	-0.001783141273616784
3,14	0.0014407959175237912	0.0013841092234984401	0.2979001142998501	-0.0034927087167621607	0.006374300551809743
3,15	0.029804076250068492	0.0013841091969631627	1.7365007116277883e-102	0.02487057171036461	0.034737580789772377
3,16	-0.014584159002221413	0.0013841092021458997	6.128691432294057e-26	-0.01951766356039859	-0.009650654444044237
4,5	0.6317764007001767	0.0013841092545624617	0.0	0.6268428959551665	0.6367099054451869
4,6	0.002586264403016049	0.0013841091943783564	0.061691206243549325	-0.0023472401274745765	0.007519768933506674
4,7	-0.013798932192353244	0.0013841092519756828	2.1531556686013345e-23	-0.018732436928143185	-0.008865427456563303
4,8	-0.040011221397330377	0.0013841092519756822	1.3625421657502931e-182	-0.04494472613312032	-0.035077716661540435
4,9	-0.0023617534869203177	0.0013841092616889777	0.08795055259669876	-0.007295258257332227	0.002571751283491592
4,10	-0.06085589986981589	0.0013841092616889783	0.0	-0.0657894046402278	-0.05592239509940398
4,11	-0.026579872540608396	0.0013841092383749347	5.813361713343392e-82	-0.03151337722791997	-0.021646367853296822
4,12	-0.006684620742231934	0.0013841092357807089	1.3715285523148758e-06	-0.011618125420296678	-0.0017511160641671911
4,13	-0.002508248999813452	0.0013841092442181944	0.06996365247791385	-0.0074417537079526815	0.0024252557083257777
4,14	-0.0017784466004234986	0.0013841092545624602	0.19883061571130692	-0.006711951345433723	0.003155058144586726
4,15	-0.0040550139017110215	0.0013841092254476845	0.0033941518613714375	-0.00898851854294484	0.0008784907395227963
4,16	-0.006637920452917959	0.001384109235780709	1.6237740864374506e-06	-0.011571425130982704	-0.0017044157748532145
5,6	-0.006207624167430495	0.0013841091943783553	7.306394358802905e-06	-0.011141128697921117	-0.001274119636939873
5,7	-0.0018933760696261542	0.0013841092519756811	0.17133608768265293	-0.006826880805416089	0.003040128666163781
5,8	-0.05675005598943759	0.0013841092519756815	0.0	-0.06168356072522752	-0.051816551253647654
5,9	-0.008111497664917328	0.0013841092616889783	4.638314840282417e-09	-0.013045002435329241	-0.003177992894505416
5,10	0.018198755483513802	0.0013841092616889786	1.9519441846815253e-39	0.01326525071310189	0.023132260253925715
5,11	-0.04760288839772102	0.0013841092383749338	6.515882228117805e-257	-0.05253639308503259	-0.042669383710409445
5,12	0.008324546021913112	0.0013841092357807087	1.8154174795965136e-09	0.00339104134384837	0.013258050699977854
5,13	-0.0011242054725405983	0.0013841092442181948	0.4166665953807921	-0.00605771018067983	0.003809299235598633
5,14	0.0017029580344865465	0.0013841092545624615	0.21856529825901172	-0.0032305467105236824	0.006636462779496775
5,15	0.012435971054875594	0.0013841092254476852	2.6585563182162414e-19	0.007502466413641774	0.017369475696109415
5,16	-0.0013677378221607084	0.0013841092357807087	0.32307213483026875	-0.006301242500225451	0.003565766855904034
6,7	-0.0020190470108738395	0.0013841091969637902	0.1446431639713147	-0.006952551550579959	0.0029144575288322797
6,8	-0.0009331426544150088	0.0013841091969637918	0.5001974678829524	-0.005866647194121133	0.004000361885291116
6,9	-0.0001357127075629766	0.001384109197609101	0.9218924314855093	-0.005069217249569235	0.004797791834443282
6,10	0.017139276805815506	0.0013841091976091009	3.5425284174985486e-35	0.012205772263809249	0.022072781347821764
6,11	5.761373334647879e-05	0.0013841092209012126	0.9667976627525255	-0.004875890891681942	0.004991118358374899
6,12	-0.0011776954205383883	0.0013841092105423734	0.394845322500862	-0.006111200008643869	0.0037558091675670927
6,13	0.0004612480591791035	0.001384109217675689	0.7389501028885056	-0.004472256554352294	0.005394752672710501
6,14	0.0005948016052577769	0.0013841091943783562	0.6673890791184097	-0.004338702925232848	0.005528306135748401
6,15	0.00012581460158993252	0.0013841092260875952	0.9275728608171998	-0.004807690041924777	0.005059319245104642
6,16	-0.0026298609391021688	0.0013841092105423745	0.057432447442605256	-0.007563365527207653	0.0023036436490033157
7,8	-0.01065596398110863	0.0013841092545624604	1.392814419317599e-14	-0.015589468726118855	-0.005722459236098405
7,9	-0.004258615974840292	0.001384109266867366	0.002093278534664211	-0.009192120763709996	0.0006748888140294109
7,10	-0.020273430184153056	0.001384109266867365	1.674149948317555e-48	-0.025206934973022756	-0.015339925395283355
7,11	-0.11072418508167381	0.001384109209913302	0.0	-0.11565768966753703	-0.10579068049581059
7,12	-0.02121655893036251	0.0013841092513209457	6.083136895332935e-53	-0.026150063663818713	-0.016283054196906305
7,13	-0.004856718450967759	0.0013841092416265047	0.00045024479432848253	-0.009790223149869198	7.678624793367849e-05
7,14	0.0003090698336393888	0.0013841092519756826	0.8233037156541456	-0.004624434902150552	0.00524257456942933
7,15	-0.021577890710534772	0.0013841092383788157	1.0729108335317792e-54	-0.026511395397860182	-0.016644386023209362
7,16	0.003949845154789258	0.0013841092513209472	0.0043225649764421755	-0.0009836595786669507	0.008883349888245467
8,9	-0.02077521391694264	0.0013841092668673656	7.699151651900293e-51	-0.025708718705812345	-0.015841709128072937
8,10	0.0488794951103099	0.0013841092668673653	1.2482718488460434e-270	0.0439459903214402	0.053812999899179606
8,11	0.05628538190913018	0.0013841092099133013	0.0	0.05135187732326696	0.06121888649499341
8,12	0.006426180975004701	0.0013841092513209464	3.443393857659686e-06	0.0014926762415484957	0.011359685708460906
8,13	-0.01442651517758528	0.0013841092416265052	2.0394349413670448e-25	-0.01936001987648672	-0.009493010478683842
8,14	0.0004094707511362577	0.0013841092519756822	0.7673554921433707	-0.004524033984653682	0.005342975486926197
8,15	0.011999477733274306	0.001384109238378815	4.439045071207579e-18	0.007065973045948899	0.016932982420599714
8,16	0.00027429805946735386	0.0013841092513209464	0.8429075143012292	-0.004659206673988852	0.005207802792923559
9,10	0.026514796973452236	0.001384109254562461	1.4286542213299759e-81	0.02158129222844201	0.03144830171846246
9,11	0.011002865843312143	0.0013841092157255996	1.903584998408027e-15	0.006069361236731624	0.015936370449892663
9,12	-0.015873350058890068	0.0013841092519742545	2.0361329150101206e-30	-0.02080685479467492	-0.010939845323105216
9,13	-7.9728966537497e-05	0.0013841092383788162	0.9540649657311325	-0.005013233653862907	0.004853775720787913
9,14	-0.003108416346466525	0.0013841092616889775	0.024720898143878657	-0.008041921116878435	0.0018250884239453839
9,15	-0.005515442788528724	0.0013841092416265047	6.760103544911084e-05	-0.010448947487430162	-0.0005819380896272862
9,16	0.00794128355823133	0.0013841092519742554	9.652482261792482e-09	0.0030077788224464764	0.012874788294016183
10,11	0.03624355505459356	0.001384109215725599	2.3302481837029944e-150	0.03131005044801305	0.041177059661174076
10,12	0.013555588442838662	0.0013841092519742556	1.2417138592247283e-22	0.008622083707053807	0.018489093178623517
10,13	-0.006799811475569923	0.0013841092383788153	9.001472222657457e-07	-0.01173331616289533	-0.0018663067882445155
10,14	0.0010451705004324227	0.0013841092616889777	0.4501788735282476	-0.003888334269979487	0.005978675270844332
10,15	0.013349033630777423	0.0013841092416265065	5.364673592495105e-22	0.008415528931875978	0.01828253832967887
10,16	0.0015279370076927527	0.0013841092519742552	0.2696346869028755	-0.0034055677280921005	0.006461441743477606
11,12	-0.01642337404129061	0.001384109244218195	1.9272002759130234e-32	-0.021356878749429844	-0.011489869333151378
11,13	-0.011351758122232644	0.0013841092357807087	2.4168862665745173e-16	-0.016285262800297386	-0.006418253444167902
11,14	0.005961420040059472	0.0013841092383749354	1.6569118508619632e-05	0.0010279153527478942	0.010894924727371049
11,15	0.016442835749849546	0.0013841092390256252	1.6295787765908704e-32	0.011509331060218658	0.021376340439480435
11,16	0.012171835001319936	0.0013841092442181953	1.477702274805837e-18	0.007238330293180703	0.01710533970945917
12,13	0.002001669287096247	0.0013841092383749354	0.1481318814529309	-0.0029318354002153303	0.006935173974407825
12,14	0.0001717757901658493	0.001384109235780709	0.9012319982530466	-0.004761728887898895	0.005105280468230593
12,15	-0.025006374914908064	0.0013841092286644122	8.760682149988754e-73	-0.029939879567607554	-0.020072870262208574
12,16	0.009321424046234896	0.0013841092545624624	1.6573412154646433e-11	0.004387919301224665	0.014254928791245128
13,14	-0.004398311449612426	0.0013841092442181953	0.001485071214085551	-0.009331816157751659	0.0005351932585268074
13,15	0.025249926261366545	0.001384109266867366	3.613758179861407e-74	0.02031642147249684	0.03018343105023625
13,16	-0.00710949063721986	0.001384109238374935	2.8068921547150615e-07	-0.012042995324531435	-0.002175985949908284
14,15	-0.0031542776894181446	0.0013841092254476832	0.022674879508292292	-0.008087782330651959	0.0017792269518156689
14,16	-0.015670114674297096	0.001384109235780709	1.095248652180268e-29	-0.02060361935236184	-0.010736609996232351
15,16	0.12151642487054529	0.0013841092286644104	0.0	0.1165829202178458	0.12644992952324477
