Params: 	17
Performance: 	0.7533823063774339
Term	Coefficient	Standard Error	p-value	95% CI lower	95% CI upper
Intercept	8.4852866564271
1	-0.005896542412723749	0.0016432494604212413	0.00033302905986922735	-0.010783453930021532	-0.0010096308954259652
2	0.05135998071425038	0.001643249462717529	7.051208256661737e-213	0.046473069190123596	0.056246892238377165
3	0.47594236479917135	0.0016432494504688864	0.0	0.4710554533114712	0.4808292762868715
4	-0.009093874834009245	0.0016432494719057843	3.1405921506318e-08	-0.013980786385461274	-0.0042069632825572165
5	0.2453471738617041	0.0016432494719057728	0.0	0.2404602623102521	0.2502340854131561
6	0.013631273068281186	0.0016432494542966264	1.1032794643671288e-16	0.008744361569197587	0.018518184567364784
7	0.15056817485652868	0.0016432494719060527	0.0	0.14568126330507586	0.1554550864079815
8	0.2453226318242297	0.0016432494719060694	0.0	0.24043572027277682	0.2502095433756826
9	0.01620473960666405	0.0016432494726718167	6.348361283211093e-23	0.011317828052933895	0.021091651160394208
10	0.16417759592847447	0.0016432494726718201	0.0	0.1592906843747443	0.16906450748220464
11	0.3579047318591253	0.0016432494573585259	0.0	0.3530178203509358	0.3627916433673148
12	0.011352631974855362	0.001643249469608418	4.93742939377783e-12	0.006465720430235543	0.01623954351947518
13	0.027733300001239577	0.001643249468843497	9.049319782919086e-64	0.02284638845889458	0.032620211543584576
14	0.006493253783064944	0.0016432494719057836	7.775341369437216e-05	0.0016063422316129165	0.01138016533451697
15	-0.03910634783439043	0.0016432494696100959	1.182935368875917e-124	-0.04399325937901524	-0.03421943628976562
16	0.1005201432604292	0.0016432494696084132	0.0	0.0956332317158094	0.105407054805049
