Params: 	697
Performance: 	0.9800126107570517
Term	Coefficient	Standard Error	p-value	95% CI lower	95% CI upper
Intercept	8.568096082226369
1	-0.035001535952781826	0.00513384548617026	9.325083956234282e-12	-0.05538654757024397	-0.01461652433531968
2	0.09046860107583854	0.005133884743989427	2.430989063071605e-69	0.0700834335769612	0.11085376857471588
3	0.7889608125385511	0.00513390038286055	0.0	0.7685755829422518	0.8093460421348504
4	-0.2546159061057859	0.0051339003980616785	0.0	-0.2750011357624445	-0.2342306764491273
5	-0.18626542225186365	0.005134057549947146	2.4319730805312694e-285	-0.2066512759130856	-0.1658795685906417
6	0.002792929354897944	0.005133908375779571	0.5864321918426986	-0.017592331978964877	0.023178190688760765
7	0.22592092605297476	0.005134104637090725	0.0	0.20553488542236087	0.24630696668358865
8	0.18879161396974592	0.005133853337995078	5.120411859505544e-293	0.16840657117496444	0.2091766567645274
9	0.053545791430237716	0.0051338611857692	1.896301853327765e-25	0.033160717474221044	0.07393086538625439
10	0.1156585922619125	0.005133861185769177	5.8744836604860305e-112	0.09527351830589592	0.13604366621792907
11	0.3953231248110557	0.0051340339426122145	0.0	0.3749373648877147	0.4157088847343967
12	-0.04628116735192561	0.005133892613034546	2.0238432007535992e-19	-0.06666636609649912	-0.02589596860735211
13	0.023940047948571186	0.005133869032384272	3.1201146285281544e-06	0.00355494283592157	0.0443251530612208
14	0.014548662482540442	0.005133900398061582	0.004600627075712323	-0.00583656717411777	0.034933892139198654
15	-0.17356727615837098	0.005133861181226942	2.181893623988894e-248	-0.19395235009635167	-0.15318220222039028
16	-0.008306963268928491	0.005134065307221829	0.10566554806894174	-0.028692847732038614	0.012078921194181632
1,2	0.044198084491568125	0.0036153295746491946	2.4881892106117204e-34	0.029842659191233297	0.05855350979190295
1,3	-0.01404404164881945	0.0036152853137213226	0.00010258802760633424	-0.028399291201845304	0.0003112079042064068
1,4	0.014123502532786492	0.0036152702546746593	9.368939494408986e-05	-0.00023168722513216763	0.02847869229070515
1,5	-0.00720624960596597	0.003615359321978448	0.046240240748240284	-0.021561793024318578	0.00714929381238664
1,6	-0.001956565978158298	0.0036152556499686717	0.5883735757179243	-0.016311697745024827	0.01239856578870823
1,7	0.004958191896204306	0.0036153594135976356	0.17024746064802873	-0.009397351885941528	0.01931373567835014
1,8	0.00010637205704705499	0.003615270309643818	0.9765273290660375	-0.014248817919138193	0.014461562033232303
1,9	-0.0001531181234334933	0.00361525542961756	0.9662171588376816	-0.014508249015349656	0.01420201276848267
1,10	0.001883821194480384	0.0036152554296175667	0.602315925543824	-0.012471309697435807	0.016238952086396575
1,11	0.013877364543235765	0.003615270322588699	0.00012388479586555905	-0.0004778254843498513	0.028232554570821383
1,12	-0.0013726898899650564	0.00361531471316978	0.7041786263151085	-0.01572805617967494	0.012982676399744824
1,13	-0.003353826711776156	0.003615225739960992	0.3535692751706139	-0.017708839714676048	0.011001186291123736
1,14	-0.000435143425059098	0.003615270254674657	0.9041962684523034	-0.014790333182977749	0.013920046332859553
1,15	0.00018767510713524338	0.003615240607252297	0.9585988101065541	-0.014167396929466928	0.014542747143737414
1,16	-0.0027369897739604465	0.0036153148559393334	0.44902006354112034	-0.017092356630566824	0.01161837708264593
2,3	-0.04172783619263058	0.0036153146728108362	8.687346369041378e-31	-0.0560832023220868	-0.027372470063174364
2,4	-0.010627461963351292	0.0036153001073249303	0.0032877389452166867	-0.02498277025748695	0.003727846330784367
2,5	-0.006713482604128462	0.003615404296572657	0.06332840470442308	-0.021069204603552105	0.007642239395295181
2,6	-0.006760637468683051	0.003615299990037019	0.061487303408813546	-0.021115945297102427	0.007594670359736325
2,7	-0.010275505919240868	0.0036154045205309933	0.004482501187818644	-0.024631228807938117	0.004080216969456381
2,8	-0.0004912047226653393	0.00361530025052302	0.8919258126410216	-0.014846513585399086	0.013864104140068407
2,9	-0.008729362463872237	0.0036152854018337522	0.01575651236452081	-0.023084612366767	0.005625887439022526
2,10	-0.02886662341504631	0.0036152854018337544	1.4326911145391496e-15	-0.043221873317941084	-0.01451137351215154
2,11	-0.03609713789573764	0.0036153002705486465	1.8520409049805164e-23	-0.05045244683798734	-0.02174182895348794
2,12	0.0036262512583251916	0.0036153597457996064	0.31585854139278036	-0.01072929384289833	0.01798179635954871
2,13	-0.0009859728255766226	0.0036152556499686795	0.7850650104517255	-0.01534110459244318	0.013369158941289936
2,14	-0.0011199876254542884	0.003615300107324934	0.7567208518319133	-0.015475295919589963	0.013235320668681386
2,15	0.007039891453177002	0.0036152704859231106	0.05150722529501082	-0.007315299222962196	0.0213950821293162
2,16	-0.005730462565209149	0.003615344746541952	0.11296234174587017	-0.020085948108730288	0.00862502297831199
3,4	-0.21339707840750222	0.0036152851923767324	0.0	-0.2277523274787039	-0.19904182933630055
3,5	-0.01148446744780035	0.0036153594135976247	0.0014909404657375426	-0.02584001122994614	0.0028710763343454404
3,6	-0.022501111194826645	0.00361527048965829	4.878782775620367e-10	-0.03685630188579716	-0.008145920503856133
3,7	0.04142531098190061	0.0036153890894533563	2.2922017071531888e-30	0.027069649365537664	0.055780972598263555
3,8	-0.025356543260553116	0.0036152553599728496	2.3425461237779208e-12	-0.03971167387593033	-0.0110014126451759
3,9	-0.0338166436809203	0.0036152553599728527	8.70822721570651e-21	-0.04817177429629753	-0.01946151306554307
3,10	-0.14871498528565585	0.003615255359972853	0.0	-0.1630701159010331	-0.1343598546702786
3,11	-0.21285631471826827	0.003615285148448646	0.0	-0.22721156361504424	-0.1985010658214923
3,12	0.08564541939513956	0.0036153146728108354	1.5498737435461998e-123	0.07129005326568334	0.10000078552459578
3,13	-0.0011529972803033806	0.0036152405743218796	0.7497830124442066	-0.015508069186148414	0.013202074625541653
3,14	0.0009615801199889251	0.0036152851923767246	0.7902583199639459	-0.013393668951212722	0.015316829191190573
3,15	0.05626991653623997	0.0036152405743218735	1.5893424414504293e-54	0.041914844630394965	0.07062498844208498
3,16	0.05505736771684039	0.0036153297082819414	2.803033565787789e-52	0.04070194188588867	0.0694127935477921
4,5	0.8893362400492492	0.003615329902622187	0.0	0.8749808134466287	0.9036916666518696
4,6	0.006891959891664384	0.003615255455456854	0.056608594866239204	-0.007463171102852124	0.021247090886180892
4,7	0.01486449153352537	0.003615359699863934	3.9360870534346475e-05	0.000508946614699083	0.029220036452351657
4,8	-0.025881052030820972	0.0036152555030384585	8.221984912986342e-13	-0.040236183214270235	-0.011525920847371711
4,9	-0.003971264787739737	0.0036152406018204286	0.2719995939478826	-0.018326336802773534	0.01038380722729406
4,10	-0.0390359300348396	0.003615240601820439	3.726319519260953e-27	-0.05339100204987344	-0.02468085801980576
4,11	0.023066620884641287	0.003615270417881355	1.7789354733965737e-10	0.008711430478676169	0.037421811290606406
4,12	-0.009777102314613373	0.0036152852439598425	0.006844999858078535	-0.024132351590636623	0.004578146961409877
4,13	-0.000466100427617723	0.0036152258023274503	0.8974157658808433	-0.014821113678156736	0.01388891282292129
4,14	0.0016372471186037185	0.003615285239998205	0.6506452856809344	-0.012718002141689019	0.015992496378896458
4,15	-0.0037495011400669465	0.003615240710035051	0.29967572252615937	-0.018104573584789625	0.010605571304655734
4,16	-0.003440873424571639	0.003615329777885341	0.3412296751808268	-0.017796299531898267	0.010914552682754989
5,6	0.003688866715152117	0.0036153445525888	0.30757287505484115	-0.010666618058237303	0.018044351488541537
5,7	0.09758249966602045	0.0036154638781596958	1.4719991498748761e-159	0.08322654108539325	0.11193845824664765
5,8	0.11530192117310423	0.0036153299285154507	1.7720527372397e-221	0.10094649446766912	0.12965734787853933
5,9	-0.015889447782258703	0.0036153299285154408	1.1093815916329836e-05	-0.030244874487693772	-0.0015340210768236325
5,10	0.056961287972640384	0.0036153299285154442	7.996535216644719e-56	0.0426058612672053	0.07131671467807547
5,11	0.1602587783545788	0.003615359714495055	0.0	0.14590323337765657	0.17461432333150104
5,12	0.0347011649242078	0.0036154042965726597	8.416295195686661e-22	0.020345442924784147	0.04905688692363146
5,13	0.007909142055132434	0.003615300270548647	0.028696035037747314	-0.006446166887117268	0.022264450997382137
5,14	0.0010816750176684958	0.003615329902622195	0.7647950958280288	-0.013273751584952006	0.015437101620288997
5,15	0.017321887433571104	0.003615300270548648	1.6609312927711486e-06	0.0029665784913213977	0.03167719637582081
5,16	0.027726725510336475	0.003615389294818727	1.756322222321015e-14	0.013371063078527201	0.04208238794214575
6,7	0.007891811950956062	0.0036153593754186717	0.029049928706633334	-0.006463731679592178	0.022247355581504303
6,8	0.00908780459355274	0.0036152405982922626	0.011947971333367542	-0.0052672674074717325	0.023442876594577212
6,9	0.005803442060797082	0.003615240598292273	0.10843897759950465	-0.008551629940227432	0.020158514061821595
6,10	0.026949471162641847	0.0036152405982922704	9.139312846086807e-14	0.012594399161617344	0.04130454316366635
6,11	0.010376161913554949	0.003615270340904988	0.004104838424958578	-0.00397902818675934	0.024731352013869237
6,12	0.0010577081463592486	0.0036152999900370152	0.769856048926075	-0.013297599682060112	0.015413015974778609
6,13	0.0029655529293874383	0.0036152257254769924	0.41205076016221664	-0.011389460016000693	0.017320565874775568
6,14	0.001773979677957671	0.003615255455456851	0.6236454286135866	-0.012581151316558825	0.01612911067247417
6,15	-0.0013358108187390139	0.003615225725476991	0.7117593899054955	-0.01569082376412714	0.013019202126649112
6,16	0.00038985586169004716	0.003615300108965906	0.9141269180698306	-0.01396545243896145	0.014745164162341545
7,8	-0.06883464678246656	0.003615329902622192	1.3298838408770745e-80	-0.08319007338508705	-0.05447922017984608
7,9	0.0012557235730054628	0.0036153299026222	0.7283422493139917	-0.01309970302961506	0.015611150175625985
7,10	-0.03558913189049984	0.0036153299026221953	7.553186716242055e-23	-0.049944558493120336	-0.021233705287879334
7,11	-0.20489183955656481	0.0036153745565301186	0.0	-0.2192474434669041	-0.19053623564622552
7,12	0.030064733743611682	0.003615404520530994	9.293298360517817e-17	0.01570901085491443	0.04442045663230894
7,13	-0.005008078494057822	0.00361531510173716	0.16598390982165223	-0.019363446326656084	0.009347289338540442
7,14	0.004624904434792354	0.003615359699863936	0.2008179412489033	-0.009730640484033942	0.01898044935361865
7,15	0.013528205145823757	0.0036153151017371656	0.00018278000648758714	-0.000827162686774529	0.027883572978422044
7,16	0.030675875357540017	0.0036154192308168517	2.2069300024400802e-17	0.016320094058563585	0.04503165665651645
8,9	-0.05327482140949366	0.0036152406127073983	4.5343458012217674e-49	-0.06762989346775646	-0.03891974935123087
8,10	0.21666427333562654	0.0036152406127074005	0.0	0.20230920127736374	0.23101934539388935
8,11	0.1717492496994707	0.003615255574547819	0.0	0.1573941182320785	0.1861043811668629
8,12	0.004041235739116189	0.003615285401833753	0.26364832577381864	-0.010314014163778577	0.018396485642010955
8,13	-0.007475944234787181	0.003615210950492556	0.03865209640810081	-0.02183089851299684	0.006879010043422477
8,14	0.004160243490544044	0.0036152555030384585	0.2498406850533798	-0.010194887692905217	0.018515374673993307
8,15	0.005464965214871942	0.0036152258243001296	0.13062715811706435	-0.008890048122914208	0.01981997855265809
8,16	0.009160132182875702	0.003615300145729788	0.011288454320603705	-0.005195176263754509	0.02351544062950591
9,10	0.008427392068969253	0.003615240612707401	0.01975252642837239	-0.005927679989293553	0.02278246412723206
9,11	-0.04188015639019568	0.0036152555745478207	5.311681743290994e-31	-0.056235287857587885	-0.02752502492280348
9,12	-0.01908420738172019	0.00361528540183375	1.3048181992889452e-07	-0.03343945728461494	-0.004728957478825435
9,13	0.000839822270974705	0.0036152109504925573	0.8163038622517459	-0.013515132007234958	0.015194776549184368
9,14	-0.003796243784751338	0.0036152406018204386	0.2936913595482621	-0.018151315799785177	0.010558828230282499
9,15	0.00662248661806876	0.0036152109504925542	0.06697990514157005	-0.007732467660140891	0.020977440896278413
9,16	0.012736614689177951	0.0036152852639578206	0.0004270004733509513	-0.0016186346662514714	0.027091864044607374
10,11	0.13028708349063337	0.003615255574547828	1.3100477203042831e-281	0.11593195202324114	0.1446422149580256
10,12	0.04619593622593038	0.003615285401833757	2.415677027577398e-37	0.0318406863230356	0.06055118612882516
10,13	-0.004987922489472732	0.003615210950492559	0.16768243293451565	-0.019342876767682402	0.009367031788736938
10,14	-0.007053236338726732	0.0036152406018204407	0.05106457449539652	-0.021408308353760577	0.007301835676307114
10,15	0.02370760749794315	0.0036152109504925594	5.50388107498719e-11	0.009352653219733479	0.038062561776152824
10,16	-0.007216561202275373	0.0036152852639578185	0.04592449645567933	-0.02157181055770479	0.0071386881531540405
11,12	0.05561819224027492	0.0036153002705486513	2.5999722676300353e-53	0.0412628832980252	0.06997350118252464
11,13	-0.010499357828167855	0.0036152406238000086	0.0036832494927414505	-0.02485442993047619	0.003855714274140481
11,14	0.012183375320131917	0.0036152704178813587	0.0007521848550617097	-0.002171815085833216	0.02653856572609705
11,15	0.020840066467362584	0.00361524062380001	8.226883779162846e-09	0.006484994365054243	0.03519513856967092
11,16	0.0497389195680186	0.0036153298695110895	5.25720120527345e-43	0.03538349309687269	0.0640943460391645
12,13	0.008749245923710292	0.003615255649968688	0.015519374617731415	-0.005605885843156301	0.023104377690576883
12,14	-0.005683461007231105	0.003615285243959851	0.11594051057779309	-0.020038710283254386	0.008671788268792177
12,15	-0.01406357166459793	0.0036152556499686804	0.00010031824201932076	-0.028418703431464493	0.00029156010226863253
12,16	0.018204076747958986	0.003615329902622199	4.785108740851391e-07	0.003848650145338469	0.0325595033505795
13,14	-0.004894616749556768	0.003615225802327457	0.17577630948149006	-0.01924963000009581	0.00946039650098227
13,15	0.0642331710683477	0.00361519604632747	1.853778899424412e-70	0.049878275970255403	0.07858806616643998
13,16	0.001594614901912983	0.0036152704178813617	0.6591582696282847	-0.012760575504052163	0.01594980530787813
14,15	0.0038824155818716344	0.003615240710035049	0.2828704359582114	-0.010472656862851037	0.018237488026594306
14,16	-0.024559232375147094	0.0036153297778853343	1.1070638105994095e-11	-0.0389146584824737	-0.010203806267820493
15,16	0.159504016414112	0.003615285306142934	0.0	0.14514876689117773	0.17385926593704626
1,2,3	0.009141202609305149	0.0018669215328713314	9.784047840579328e-07	0.001728198606946246	0.01655420661166405
1,2,4	0.005939859392963945	0.0018669213836600622	0.0014651607530024701	-0.0014731440169202794	0.01335286280284817
1,2,5	0.004112935188714029	0.0018669213836600609	0.027594199348469496	-0.0033000682211701904	0.011525938598598247
1,2,6	0.0017700604337124726	0.0018669214609050588	0.34307330349342235	-0.005642943282889232	0.009183064150314177
1,2,7	-0.00406086939152632	0.0018669213836876323	0.029621060572553433	-0.011473872801520017	0.0033521340184673775
1,2,8	-0.0014943839578518692	0.0018669213836876315	0.4234509649845998	-0.008907387367845562	0.005918619452141825
1,2,9	-0.0007092478661017837	0.001866921361490125	0.7040191259474439	-0.008122251187955617	0.006703755455752049
1,2,10	-0.0024719369534248817	0.001866921361490124	0.1854840413955263	-0.009884940275278711	0.004941066368428947
1,2,11	-0.014831648211538803	0.0018669213259486334	1.9817999688813506e-15	-0.02224465139226768	-0.007418645030809926
1,2,12	0.00015431512042682338	0.0018669214004835143	0.9341241068549415	-0.007258688356258451	0.007567318597112098
1,2,13	-0.0020096049086532064	0.00186692133396791	0.2817402474617103	-0.009422608121224306	0.005403398303917893
1,2,14	0.0018444503083283464	0.0018669213836600628	0.323174178847097	-0.00556855310155588	0.009257453718212573
1,2,15	-0.0009297562776953289	0.0018669213437166646	0.618474613529242	-0.008342759528975905	0.006483246973585247
1,2,16	-0.0008966527515334305	0.001866921400483517	0.6310269805636434	-0.008309656228218715	0.006516350725151854
1,3,4	-0.0027974499514484275	0.0018669215186628116	0.1340266107816102	-0.01021045389738942	0.004615553994492564
1,3,5	0.017374597159929256	0.001866921518662813	1.3601527683473532e-20	0.009961593213988259	0.024787601105870253
1,3,6	-0.0026467556312611273	0.0018669213224025093	0.15627984797688763	-0.010059758797909374	0.0047662475353871196
1,3,7	-0.0014467313351580469	0.0018669215399850557	0.43838453818525114	-0.008859735365763486	0.005966272695447393
1,3,8	0.008442600495178615	0.0018669215399850596	6.130721676962729e-06	0.0010295964645731601	0.01585560452578407
1,3,9	-0.0005232459238948273	0.0018669214928531766	0.7792696828118129	-0.007936249767353243	0.006889757919563588
1,3,10	0.000553854439597129	0.0018669214928531787	0.7667215234902363	-0.006859149403861295	0.007966858283055553
1,3,11	0.002894841615875776	0.0018669214964739168	0.12100333394436767	-0.004518162241959549	0.010307845473711101
1,3,12	0.0014224576562478566	0.0018669215284628435	0.4461064301671511	-0.00599054632860622	0.008835461641101933
1,3,13	0.00022854358654224305	0.0018669214618311659	0.9025688743531567	-0.007184460133736765	0.007641547306821251
1,3,14	-0.0012408725096802464	0.0018669215186628114	0.5062688215477358	-0.008653876455621237	0.0061721314362607445
1,3,15	0.00301197364143245	0.001866921496514302	0.10667616571077113	-0.004401030216563233	0.010424977499428133
1,3,16	-0.0006194401016218765	0.0018669215284628407	0.7400431614525385	-0.00803244408647594	0.006793563883232189
1,4,5	0.0077260607449194385	0.0018669214049591358	3.501828482514752e-05	0.0003130572504627697	0.015139064239376106
1,4,6	0.0038214744545516516	0.0018669214324773728	0.040668088295409736	-0.0035915291491719565	0.011234478058275259
1,4,7	-0.003463452929691524	0.001866921383658312	0.06357676651851189	-0.0108764563395688	0.003949550480185751
1,4,8	-0.0016142258521818637	0.0018669213836583118	0.3872363904526195	-0.009027229262059138	0.0057987775576954104
1,4,9	-0.0001525143795968742	0.0018669214182894392	0.9348911106806144	-0.007565517926984312	0.007260489167790564
1,4,10	-0.0020622025907779395	0.0018669214182894386	0.2693367736522049	-0.009475206138165375	0.005350800956609496
1,4,11	-0.005443226628876363	0.0018669213437166633	0.003551081052391527	-0.012856229880156934	0.0019697766224042075
1,4,12	-0.001226306018364931	0.0018669214005693105	0.5112732623119496	-0.008639309495390875	0.006186697458661014
1,4,13	-0.0039978903927580245	0.0018669213481310126	0.03224270514381941	-0.011410893661566696	0.0034151128760506475
1,4,14	-0.0022569524547419867	0.0018669214049591377	0.22669926026971268	-0.009669955949198663	0.00515605103971469
1,4,15	-0.00016591285790136523	0.001866921325948638	0.9291856876675798	-0.00757891603863026	0.00724709032282753
1,4,16	0.00036045734081965874	0.0018669214005693074	0.8469002105461557	-0.007052546136206275	0.007773460817845593
1,5,6	-0.0008899837297110802	0.0018669214324773722	0.6335688691649598	-0.008302987333434686	0.006523019874012525
1,5,7	0.0013392458261777263	0.001866921383658313	0.47315751856879007	-0.006073757583699552	0.008752249236055006
1,5,8	-0.0011404992675154296	0.001866921383658313	0.5412689924149758	-0.008553502677392709	0.006272504142361849
1,5,9	-0.0010797430809527109	0.0018669214182894377	0.5630265701182307	-0.008492746628340143	0.006333260466434721
1,5,10	0.0015878615923907435	0.00186692141828944	0.39503692825952963	-0.005825141954996698	0.009000865139778186
1,5,11	0.0007726815704289236	0.0018669213437166661	0.6789632961334593	-0.006640321680851658	0.008185684821709505
1,5,12	-0.002496158651755384	0.0018669214005693122	0.18121251239450353	-0.009909162128781335	0.004916844825270568
1,5,13	0.002264136550794868	0.0018669213481310155	0.22522416450534863	-0.005148866718013815	0.009677139819603551
1,5,14	-0.0005405444318409558	0.001866921404959137	0.7721707362938095	-0.00795354792629763	0.006872459062615718
1,5,15	-0.0008908542830207526	0.0018669213259486358	0.6332367939411594	-0.008303857463749639	0.006522148897708134
1,5,16	-0.002595989311179381	0.0018669214005693111	0.164376166572963	-0.010008992788205329	0.004817014165846567
1,6,7	0.0033559984306444565	0.0018669214964739203	0.07224334118420703	-0.004057005427190882	0.010769002288479795
1,6,8	0.0009369501874623987	0.0018669214964739177	0.6157613156212136	-0.00647605367037293	0.008349954045297727
1,6,9	0.0008713222668668141	0.0018669215187234296	0.6407046019073905	-0.006541681679314874	0.008284326213048502
1,6,10	-0.003495046356480902	0.001866921518723429	0.06119855879854541	-0.010908050302662588	0.0039179575897007836
1,6,11	0.001353901871649299	0.0018669215399850594	0.46832855285411534	-0.006059102158956155	0.008766905902254752
1,6,12	0.00035676547179261386	0.0018669214404311786	0.8484491953949536	-0.00705623816351325	0.007769769107098478
1,6,13	0.001605726409631969	0.0018669215320067283	0.3897408807063989	-0.005807277589293846	0.009018730408557784
1,6,14	-0.0004748746222777295	0.0018669214324773746	0.7992164004754849	-0.007887878226001344	0.0069381289814458855
1,6,15	0.0007266428938335068	0.0018669214973084703	0.6971148035561067	-0.0066863609673155884	0.008139646754982601
1,6,16	0.0005962841259946131	0.001866921440431179	0.7494285375627598	-0.006816719509311253	0.008009287761300478
1,7,8	-0.004285334555109932	0.0018669214049591343	0.021713291408084104	-0.011698338049566595	0.0031276689393467307
1,7,9	-0.00046539316480481707	0.0018669214004835139	0.8031420911512916	-0.00787839664149009	0.006947610311880455
1,7,10	-0.0013429418154878303	0.0018669214004835128	0.4719371582544494	-0.0087559452921731	0.006070061661197438
1,7,11	-0.0019590170673321194	0.0018669213224025087	0.2940300474623665	-0.009372020233980365	0.005453986099316125
1,7,12	0.0005212826150106445	0.0018669213614901268	0.780076544469147	-0.006891720706843196	0.007934285936864485
1,7,13	0.000917065511662235	0.0018669213694134195	0.6232738826368359	-0.006495937841652703	0.008330068864977173
1,7,14	-0.0009223791831719508	0.0018669213836583116	0.6212624520917167	-0.008335382593049223	0.0064906242267053224
1,7,15	-0.00018940039591455737	0.0018669213614402951	0.9191930403011978	-0.0076024037175705305	0.007223602925741416
1,7,16	0.0011941308627018699	0.0018669213614901268	0.5224182371481814	-0.00621887245915197	0.00860713418455571
1,8,9	-0.0007711377225698979	0.0018669214004835139	0.6795690561448198	-0.00818414119925517	0.006641865754115375
1,8,10	0.002646066952325943	0.0018669214004835143	0.1563876351558164	-0.004766936524359331	0.010059070429011217
1,8,11	-2.5224568225512556e-05	0.0018669213224025093	0.989219897304456	-0.0074382277348737594	0.007387778598422734
1,8,12	-0.0010246378298545133	0.0018669213614901268	0.583118356585777	-0.008437641151708353	0.006388365491999327
1,8,13	-0.0009776728694899928	0.0018669213694134227	0.6005016192850761	-0.008390676222804944	0.006435330483824958
1,8,14	0.0003708460339060249	0.0018669213836583125	0.8425446616866933	-0.007042157375971252	0.007783849443783302
1,8,15	-0.0004888716309286167	0.0018669213614402969	0.7934303749029821	-0.007901874952584598	0.006924131690727363
1,8,16	0.0008051817133477579	0.001866921361490127	0.6662600452081393	-0.006607821608506083	0.008218185035201598
1,9,10	0.001168573059796646	0.001866921404959137	0.5313592141991794	-0.006244430434660028	0.00858157655425332
1,9,11	0.0011811437743435987	0.0018669213268630146	0.526951865231561	-0.0062318594100160205	0.008594146958703218
1,9,12	-0.0006236057280542134	0.0018669213836876289	0.7383588183742109	-0.008036609138047896	0.00678939768193947
1,9,13	0.0010898794384816557	0.0018669213614402984	0.5593674522786785	-0.0063231238831743305	0.008502882760137642
1,9,14	0.001168791618411713	0.0018669214182894392	0.5312824304392929	-0.006244211928975725	0.008581795165799152
1,9,15	0.0011767027212289775	0.0018669213694134236	0.5285067876075367	-0.006236300632085977	0.008589706074543933
1,9,16	-0.001311986781274338	0.0018669213836876252	0.4822114880183924	-0.008724990191268007	0.006101016628719331
1,10,11	0.001063797965368457	0.001866921326863011	0.5688058128749998	-0.006349205218991148	0.008476801149728062
1,10,12	0.00044731864117653064	0.001866921383687627	0.8106393457693071	-0.006965684768817145	0.007860322051170206
1,10,13	-0.00040619943356653976	0.0018669213614402934	0.8277592724740219	-0.007819202755222507	0.0070068038880894265
1,10,14	0.00036515801894407285	0.0018669214182894375	0.8449288251647228	-0.007047845528443358	0.007778161566331504
1,10,15	-0.000711522088708727	0.0018669213694134205	0.703115052407158	-0.008124525442023668	0.006701481264606215
1,10,16	0.0013186074980949258	0.00186692138368763	0.4800038235409433	-0.006094395911898762	0.008731610908088614
1,11,12	-0.00039828941454238265	0.0018669213481310152	0.8310622739388454	-0.007811292683351065	0.0070147138542663
1,11,13	0.002433179681711334	0.0018669214005693129	0.19247314697438164	-0.004979823795314621	0.009846183158737289
1,11,14	-0.0002234626010772095	0.0018669213437166666	0.904724516547597	-0.007636465852357793	0.007189540650203374
1,11,15	-0.002400169648958672	0.0018669213836600641	0.19857690515319001	-0.009813173058842904	0.00501283376092556
1,11,16	0.00047422396887450424	0.001866921348131015	0.7994856266649909	-0.006938779299934177	0.007887227237683186
1,12,13	0.0020405187651798967	0.0018669213437166616	0.2744040375683145	-0.005372484486100668	0.00945352201646046
1,12,14	0.0017170924634486023	0.001866921400569311	0.3577092176774668	-0.005695911013577345	0.00913009594047455
1,12,15	1.8724140597808914e-05	0.0018669213339679081	0.9919978446034581	-0.0073942790719732825	0.0074317273531689
1,12,16	-0.0004329179142206069	0.001866921404959138	0.8166252196693911	-0.007845921408677285	0.006980085580236071
1,13,14	0.0003592831043971456	0.0018669213481310168	0.8473928118020204	-0.007053720164411543	0.007772286373205834
1,13,15	0.000360098433534517	0.0018669214004835152	0.8470507698747254	-0.007052905043150761	0.007773101910219795
1,13,16	0.0005895908229514024	0.001866921343716663	0.7521483971906039	-0.006823412428329167	0.008002594074231973
1,14,15	0.001499871067650524	0.0018669213259486363	0.42175070653206526	-0.005913132113078364	0.008912874248379412
1,14,16	0.0004620909360456005	0.001866921400569312	0.8045105154829467	-0.006950912540980351	0.007875094413071552
1,15,16	-0.00032279107832722254	0.001866921333967911	0.862730411525609	-0.007735794290898325	0.00709021213424388
2,3,4	0.013991276558850657	0.0018669213614901248	6.749518846332374e-14	0.006578273236996825	0.02140427988070449
2,3,5	-0.02875459325170371	0.001866921361490126	1.9695514428024397e-53	-0.036167596573557545	-0.021341589929849872
2,3,6	0.008093352358179484	0.001866921461831167	1.45891430885402e-05	0.0006803486379004719	0.015506356078458496
2,3,7	0.012029598047460906	0.0018669214005693098	1.1752747838397878e-10	0.004616594570434963	0.019442601524486847
2,3,8	-0.005697671990472525	0.0018669214005693116	0.0022748389225694236	-0.013110675467498474	0.0017153314865534248
2,3,9	0.0022829545603294255	0.0018669213836600641	0.22139287629238444	-0.005130048849554807	0.009695957970213658
2,3,10	-0.008784069377504557	0.001866921383660064	2.5425237086126312e-06	-0.01619707278738879	-0.0013710659676203262
2,3,11	0.01097413520518531	0.0018669213694134253	4.16777203701379e-09	0.003561131851870348	0.01838713855850027
2,3,12	0.003682002884386748	0.0018669213836583125	0.048587323097194816	-0.0037310005254905286	0.011095006294264024
2,3,13	-0.0013872495095153814	0.0018669213224025115	0.4574431993654885	-0.008800252676163637	0.006025753657132874
2,3,14	0.0006757078695785665	0.0018669213614901268	0.7174003082111104	-0.006737295452275274	0.008088711191432407
2,3,15	0.004397301468721013	0.00186692132686301	0.018506939321110284	-0.003015701715638589	0.011810304653080615
2,3,16	0.0007869937356741775	0.001866921383658311	0.6733576329225182	-0.006626009674203093	0.008199997145551448
2,4,5	-0.013520485632681198	0.0018669215320067268	4.465837221469463e-13	-0.020933489631607006	-0.006107481633755389
2,4,6	0.002238582284107872	0.0018669213481310165	0.23050242327152412	-0.005174420984700816	0.00965158555291656
2,4,7	0.00296773373936916	0.001866921528462843	0.11192077866862482	-0.004445270245484915	0.010380737724223234
2,4,8	0.0025519761303474664	0.0018669215284628404	0.1716477752140845	-0.004861027854506598	0.00996498011520153
2,4,9	-0.0011701997249872337	0.0018669215328713338	0.5307878773519528	-0.008583203727346146	0.006242804277371679
2,4,10	0.00016770343817770067	0.0018669215328713338	0.9284234892137743	-0.007245300564181212	0.007580707440536613
2,4,11	-0.0005012308902485815	0.0018669214404311793	0.7883307952665153	-0.007914234525554448	0.006911772745057285
2,4,12	0.0008451183812131224	0.0018669215399850557	0.6507805673035262	-0.006567885649392318	0.008258122411818562
2,4,13	0.0003213236005338016	0.0018669214324773713	0.8633483237535157	-0.0070916800031898	0.007734327204257404
2,4,14	-0.001213379958074523	0.0018669215320067242	0.5157357116607211	-0.00862638395700032	0.006199624040851275
2,4,15	-0.0005131880898447405	0.001866921440517629	0.7834057187399512	-0.007926191725493874	0.006899815545804393
2,4,16	0.0012379818148801347	0.0018669215399850566	0.5072599008459339	-0.006175022215725308	0.008650985845485577
2,5,6	0.00018012836048672543	0.0018669213481310157	0.9231363424022871	-0.007232874908321959	0.0075931316292954095
2,5,7	0.009242472085415437	0.0018669215284628415	7.415190890682781e-07	0.0018294681005613682	0.016655476070269504
2,5,8	-0.004824725992891299	0.0018669215284628407	0.0097592363135184	-0.012237729977745363	0.002588277991962766
2,5,9	0.003290924448701285	0.0018669215328713325	0.07794660474785021	-0.004122079553657622	0.010703928451060192
2,5,10	-0.005789431320457006	0.001866921532871333	0.0019291342126863723	-0.013202435322815915	0.0016235726819019032
2,5,11	-0.004254942744388132	0.0018669214404311801	0.022663016966350345	-0.011667946379694002	0.003158060890917738
2,5,12	0.0014623282347832264	0.0018669215399850553	0.43346370128853806	-0.005950675795822212	0.008875332265388666
2,5,13	-0.0017863595282399392	0.0018669214324773717	0.3386476866931185	-0.009199363131963543	0.0056266440754836645
2,5,14	-0.001577762814796435	0.0018669215320067257	0.3980499249969426	-0.00899076681372224	0.005835241184129369
2,5,15	9.71959405932088e-07	0.0018669214405176275	0.9995846057785602	-0.0074120316762431955	0.00741397559505506
2,5,16	0.002664496912449646	0.0018669215399850568	0.15352298178862447	-0.0047485071181557975	0.010077500943055089
2,6,7	-0.0014384424536087598	0.0018669213694134227	0.4410126615156992	-0.008851445806923711	0.005974560899706191
2,6,8	-0.0032079671796321763	0.0018669213694134205	0.0857431498180994	-0.010620970532947117	0.004205036173682766
2,6,9	-0.0009257908450751584	0.001866921361440298	0.6199724892353211	-0.008338794166731143	0.006487212476580826
2,6,10	0.0026573807313307746	0.0018669213614402962	0.15462428951630416	-0.004755622590325203	0.010070384052986752
2,6,11	0.0016584433995062361	0.0018669214005693096	0.37436624232855253	-0.005754560077519706	0.009071446876532177
2,6,12	0.0016885602719675097	0.0018669213437166635	0.36575359199985613	-0.005724442979313062	0.00910156352324808
2,6,13	-0.0012264592982674793	0.0018669214049591373	0.511220468247112	-0.008639462792724154	0.0061865441961891955
2,6,14	0.00011035428303589334	0.0018669213481310146	0.9528644360717009	-0.0073026489857727864	0.007523357551844573
2,6,15	0.0001784216681416373	0.001866921400483512	0.9238623923102182	-0.007234581808543627	0.007591425144826902
2,6,16	0.0024835571447067717	0.0018669213437166627	0.18342559401362632	-0.004929446106573796	0.009896560395987339
2,7,8	-0.00018735886039328298	0.0018669215320067274	0.9200611247647826	-0.0076003628593190944	0.0072256451385325285
2,7,9	-0.0016334490120319678	0.0018669214973084701	0.3816084194683871	-0.009046452873181062	0.0057795548491171266
2,7,10	0.006959974022882197	0.0018669214973084697	0.00019313219058579296	-0.00045302983826689576	0.01437297788403129
2,7,11	0.011469190995056139	0.0018669214618311648	8.125649501213657e-10	0.004056187274777135	0.018882194715335143
2,7,12	-0.005975099861616373	0.0018669215186628142	0.0013725095983531087	-0.013388103807557375	0.0014379040843246291
2,7,13	-0.0003570765939779133	0.0018669214964739187	0.8483186410226257	-0.007770080451813246	0.0070559272638574195
2,7,14	-0.00023817580121146542	0.001866921528462843	0.8984843187153106	-0.00765117978606554	0.007174828183642609
2,7,15	-0.007119836949500413	0.00186692151872343	0.0001370407425498785	-0.014532840895682103	0.00029316699668127666
2,7,16	-0.0019338751594611125	0.0018669215186628157	0.300269866211636	-0.00934687910540212	0.005479128786479896
2,8,9	0.00037276042715614355	0.00186692149730847	0.8417425668358962	-0.00704024343399295	0.007785764288305237
2,8,10	0.003914161227765778	0.0018669214973084682	0.03603411627562068	-0.0034988426333833087	0.011327165088914865
2,8,11	-0.0011301204011718996	0.0018669214618311678	0.544955881134447	-0.008543124121450914	0.006282883319107116
2,8,12	-3.2918505357526495e-05	0.0018669215186628125	0.9859320787198311	-0.007445922451298522	0.007380085440583469
2,8,13	-5.7703099829505e-05	0.001866921496473918	0.9753428810618642	-0.007470706957664835	0.007355300758005825
2,8,14	-0.0006824440958524136	0.0018669215284628422	0.7147057085281522	-0.008095448080706485	0.0067305598890016576
2,8,15	-0.00016211621326860104	0.0018669215187234278	0.930802047916354	-0.007575120159450282	0.00725088773291308
2,8,16	0.0013568000212745568	0.0018669215186628153	0.46737688197061733	-0.00605620392466645	0.008769803967215564
2,9,10	0.011312957520734634	0.0018669215320067279	1.3713695620066933e-09	0.0038999535218088213	0.018725961519660446
2,9,11	0.005709754378696835	0.0018669214965143044	0.002226282763506339	-0.0017032494792988571	0.013122758236692528
2,9,12	0.0021685309354205623	0.0018669215106376805	0.24542078135396275	-0.005244472978654961	0.009581534849496086
2,9,13	0.0016228623140441406	0.0018669215187234298	0.3847016765638188	-0.005790141632137548	0.00903586626022583
2,9,14	0.0009670137137397228	0.0018669215328713327	0.60447933602179	-0.006445990288619185	0.008380017716098632
2,9,15	-0.0019863667626894843	0.0018669214964739213	0.28734181261446584	-0.009399370620524827	0.005426637095145859
2,9,16	-7.051772210319579e-05	0.001866921510637682	0.969869430549855	-0.007483521636178725	0.0073424861919723335
2,10,11	0.006320184691916558	0.001866921496514302	0.0007112940943305769	-0.0010928191660791245	0.013733188549912241
2,10,12	0.0006799233540683847	0.001866921510637683	0.715713638307264	-0.006733080560007149	0.008092927268143918
2,10,13	0.0022792320528429166	0.0018669215187234278	0.22214707254290425	-0.005133771893338765	0.009692235999024598
2,10,14	0.0003332832514856138	0.0018669215328713364	0.8583149971120037	-0.007079720750873309	0.007746287253844537
2,10,15	0.0009009125433089016	0.0018669214964739172	0.6294056669822041	-0.006512091314526425	0.008313916401144228
2,10,16	0.0002735064184983538	0.0018669215106376826	0.8835261233850822	-0.007139497495577178	0.007686510332573886
2,11,12	-0.00026617902216000133	0.001866921432477374	0.8866251441004768	-0.007679182625883614	0.007146824581563611
2,11,13	0.002424391390728267	0.0018669215399850564	0.19408455489828544	-0.004988612639877175	0.00983739542133371
2,11,14	0.0009450067714388277	0.0018669214404311801	0.6127288278315519	-0.006467996863867042	0.008358010406744698
2,11,15	0.0022930768264833624	0.0018669214928531777	0.21935146161659738	-0.0051199270169750575	0.009706080669941781
2,11,16	0.003493303507558533	0.0018669214324773759	0.06132779348546612	-0.003919700096165087	0.010906307111282154
2,12,13	0.0004469759474489132	0.0018669214404311775	0.8107816699946115	-0.006966027687856946	0.007859979582754773
2,12,14	0.0003293795591828297	0.0018669215399850577	0.8599572813007333	-0.007083624471422617	0.007742383589788277
2,12,15	-0.002387885302248899	0.0018669214609050603	0.20088413878953187	-0.009800889018850609	0.005025118414352812
2,12,16	0.0017669043228923098	0.0018669215320067279	0.3439345365972446	-0.005646099676033503	0.009179908321818123
2,13,14	2.5836433532336334e-05	0.0018669214324773733	0.9889584245106123	-0.0073871671701912734	0.007438840037255946
2,13,15	0.00018992014946046798	0.0018669214973084708	0.9189720581637373	-0.007223083711688629	0.007602924010609565
2,13,16	0.00027667630241484664	0.0018669214404311812	0.8821860077759107	-0.007136327332891028	0.007689679937720721
2,14,15	-0.000729114779390222	0.0018669214405176294	0.6961356833815981	-0.008142118415039357	0.006683888856258913
2,14,16	0.0010512008555117885	0.001866921539985059	0.573391593600209	-0.006361803175093664	0.008464204886117242
2,15,16	0.0023224277636283708	0.0018669214609050601	0.21350850278246336	-0.005090575952973339	0.00973543148023008
3,4,5	-0.09089152592627257	0.0018669214182894403	0.0	-0.09830452947366002	-0.08347852237888513
3,4,6	0.014981636742383925	0.001866921518723429	1.033963798203654e-15	0.007568632796202239	0.02239464068856561
3,4,7	0.004420181689082148	0.001866921400483516	0.01790528060214104	-0.0029928217876031334	0.011833185165767429
3,4,8	0.08826214966040877	0.0018669214004835156	0.0	0.08084914618372349	0.09567515313709404
3,4,9	0.01309793459825636	0.0018669214049591377	2.308797776822347e-12	0.005684931103799683	0.020510938092713038
3,4,10	0.039674997608529466	0.0018669214049591388	7.000436189161772e-100	0.03226199411407279	0.047088001102986145
3,4,11	0.07345885468870715	0.0018669213268630088	0.0	0.06604585150434755	0.08087185787306675
3,4,12	-0.0005426086343101877	0.0018669213836876282	0.7713248886429098	-0.007955612044303869	0.006870394775683493
3,4,13	0.0008439965371345864	0.0018669213614402966	0.6512133544207979	-0.006569006784521393	0.008256999858790566
3,4,14	0.0011349840401401537	0.0018669214182894412	0.5432266154826566	-0.006278019507247292	0.0085479875875276
3,4,15	0.004607027776959177	0.0018669213694134223	0.013600458577039717	-0.0028059755763557718	0.012020031130274125
3,4,16	0.011085845360552474	0.0018669213836876295	2.899213116858871e-09	0.0036728419505587875	0.01849884877054616
3,5,6	-0.000606468988053388	0.0018669215187234291	0.7452958380034331	-0.008019472934235074	0.006806534958128298
3,5,7	-0.008512961733059543	0.0018669214004835143	5.127315666497555e-06	-0.01592596520974482	-0.0010999582563742689
3,5,8	-0.03972290731305472	0.0018669214004835147	4.066823133795415e-100	-0.04713591078974	-0.03230990383636945
3,5,9	0.014607702947713574	0.0018669214049591373	5.173881450124984e-15	0.0071946994532569	0.02202070644217025
3,5,10	-0.11257193455416695	0.0018669214049591369	0.0	-0.11998493804862362	-0.10515893105971028
3,5,11	-0.06693306930037904	0.001866921326863013	9.26396795735428e-279	-0.07434607248473865	-0.05952006611601943
3,5,12	-0.0009039520964100045	0.0018669213836876293	0.6282498439236124	-0.00831695550640369	0.006509051313583681
3,5,13	-0.010809318095696574	0.0018669213614402984	7.074536877483505e-09	-0.018222321417352562	-0.003396314774040588
3,5,14	0.0013971054236128766	0.0018669214182894407	0.4542534735863738	-0.006015898123774567	0.00881010897100032
3,5,15	0.01492899228832903	0.0018669213694134242	1.3001444041249928e-15	0.007515988935014073	0.022341995641643984
3,5,16	-0.01666746041741389	0.0018669213836876317	4.456916223323246e-19	-0.024080463827407583	-0.009254457007420195
3,6,7	-0.004280636242293488	0.0018669214405176275	0.02185781034875109	-0.011693639877942617	0.0031323673933556393
3,6,8	0.0028432096607196727	0.00186692144051763	0.12777855131425495	-0.004569793974929465	0.010256213296368812
3,6,9	-0.004223450426202962	0.0018669214324773741	0.02368501187687053	-0.011636454029926576	0.0031895531775206513
3,6,10	0.012894635512613092	0.0018669214324773709	4.999128557465738e-12	0.005481631908889492	0.020307639116336693
3,6,11	0.006283832698170427	0.001866921510637682	0.0007634432171963102	-0.001129171215905102	0.013696836612245956
3,6,12	-0.002697784048021054	0.0018669214965143027	0.1484503088110269	-0.01011078790601674	0.004715219809974631
3,6,13	-0.00014243409020037873	0.001866921532871333	0.9391857846071956	-0.007555438092559288	0.00727056991215853
3,6,14	-0.0019104504100511677	0.0018669215187234296	0.306162342808358	-0.009323454356232856	0.0055025535361305205
3,6,15	-0.005060686943729187	0.0018669215284628446	0.006715654308268882	-0.012473690928583268	0.002352317041124894
3,6,16	-0.002161535302147022	0.001866921496514302	0.24694695654842025	-0.009574539160142705	0.005251468555848661
3,7,8	-0.04738268509777471	0.0018669214182894399	2.05941982469235e-141	-0.054795688645162155	-0.03996968155038727
3,7,9	-0.04033631485906139	0.0018669213836583116	3.669709571535412e-103	-0.04774931826893866	-0.03292331144918412
3,7,10	0.0363952509513403	0.0018669213836583114	2.122872038349673e-84	0.02898224754146303	0.043808254361217575
3,7,11	0.029250858678225675	0.0018669213339679112	3.16403446720103e-55	0.02183785546565457	0.036663861890796776
3,7,12	-0.05372428990085182	0.0018669213836600628	5.774911403710088e-181	-0.06113729331073604	-0.04631128649096759
3,7,13	1.0487737033271216e-06	0.001866921325948634	0.9995517770013822	-0.007411954407025552	0.0074140519544322065
3,7,14	-0.0022977557568877593	0.001866921400483512	0.21841238102782828	-0.009710759233573025	0.005115247719797505
3,7,15	-0.03312936989671761	0.0018669213481310165	2.7424468949020334e-70	-0.040542373165526294	-0.02571636662790892
3,7,16	-0.03878354347268753	0.0018669213836600628	1.5238520555924495e-95	-0.04619654688257176	-0.03137054006280331
3,8,9	0.03141697711214848	0.0018669213836583127	2.0676566663130536e-63	0.024003973702271197	0.038829980522025756
3,8,10	-0.12103502981217228	0.0018669213836583095	0.0	-0.12844803322204953	-0.11362202640229502
3,8,11	-0.06727630139735713	0.0018669213339679107	1.4150037872076018e-281	-0.07468930460992823	-0.05986329818478603
3,8,12	-0.012409596365406617	0.001866921383660065	3.013016665263845e-11	-0.019822599775290852	-0.004996592955522381
3,8,13	0.0012421112755960917	0.0018669213259486352	0.5058443788130902	-0.006170891905132792	0.008655114456324976
3,8,14	-0.0010872853323376092	0.001866921400483516	0.5603028026087135	-0.00850028880902289	0.006325718144347672
3,8,15	0.00422746658025247	0.0018669213481310155	0.023552486579957364	-0.003185536688556213	0.011640469849061153
3,8,16	-0.016964655672051104	0.001866921383660064	1.0461584054733419e-19	-0.024377659081935336	-0.009551652262166872
3,9,10	0.08171242197406595	0.0018669214182894373	0.0	0.07429941842667852	0.08912542552145337
3,9,11	-0.002203451483721461	0.0018669213437166644	0.23790138680042225	-0.009616454735002035	0.005209551767559114
3,9,12	-0.003347476113485695	0.0018669214005693111	0.07297021455353703	-0.010760479590511643	0.004065527363540253
3,9,13	0.003210308363633691	0.001866921348131018	0.08551478044828774	-0.0042026949051750025	0.010623311632442385
3,9,14	0.00015826835420612584	0.001866921404959137	0.9324404916229684	-0.007254735140250548	0.0075712718486628
3,9,15	-0.011787238534977776	0.0018669213259486345	2.741445993015449e-10	-0.019200241715706657	-0.004374235354248895
3,9,16	-0.008853381050225068	0.001866921400569313	2.118212955129347e-06	-0.016266384527251022	-0.001440377573199112
3,10,11	0.0839814558568868	0.0018669213437166655	0.0	0.07656845260560621	0.09139445910816738
3,10,12	0.028168133881762147	0.001866921400569312	2.3746630650730034e-51	0.020755130404736196	0.035581137358788095
3,10,13	-0.005532356138945593	0.0018669213481310178	0.0030441303852832605	-0.012945359407754285	0.0018806471298630995
3,10,14	0.0022472062657281633	0.0018669214049591382	0.22871140297935577	-0.005165797228728515	0.009660209760184842
3,10,15	0.026097000335044973	0.0018669213259486354	2.441895705560141e-44	0.01868399715431609	0.03351000351577386
3,10,16	0.005358865573970251	0.001866921400569312	0.004100476743123419	-0.0020541379030557007	0.012771869050996202
3,11,12	-0.036019603631492786	0.001866921361440299	1.0384126978042182e-82	-0.043432606953148774	-0.028606600309836798
3,11,13	0.002553119150481231	0.0018669213836876293	0.1714559029700107	-0.004859884259512454	0.009966122560474917
3,11,14	-0.0019615095385363546	0.0018669213268630118	0.2934162342738763	-0.009374512722895963	0.005451493645823254
3,11,15	-0.00603079593079732	0.0018669213614901264	0.001237035008601686	-0.013443799252651158	0.0013822073910565186
3,11,16	-0.032097169430067726	0.0018669213614402943	4.233283488776003e-66	-0.03951017275172369	-0.024684166108411756
3,12,13	0.0016335904678497493	0.0018669213268630131	0.38156714863036256	-0.005779412716509865	0.009046593652209363
3,12,14	0.0017597422427047538	0.001866921383687631	0.34589394545480723	-0.0056532611672889385	0.009172745652698447
3,12,15	-0.023034220057264132	0.0018669213224025117	6.183229673991294e-35	-0.030447223223912388	-0.015621216890615876
3,12,16	-0.0198899927556688	0.0018669214182894414	1.7587069335761586e-26	-0.027302996303056246	-0.012476989208281355
3,13,14	-0.0020186005269361706	0.0018669213614402964	0.27959189602998036	-0.009431603848592148	0.005394402794719808
3,13,15	-0.0053781090205105575	0.001866921383658311	0.003968768942703503	-0.012791112430387828	0.002034894389366713
3,13,16	0.004823448538130631	0.00186692132686301	0.009778607287398667	-0.0025895546462289705	0.012236451722490233
3,14,15	0.0010757909100967133	0.0018669213694134225	0.5644563693986377	-0.0063372124432182365	0.008488794263411663
3,14,16	0.0031415410857540266	0.0018669213836876284	0.09243047835362253	-0.004271462324239655	0.01055454449574771
3,15,16	-0.027027055426360663	0.0018669213224025104	2.0139985297660486e-47	-0.034440058593008915	-0.01961405225971241
4,5,6	-0.01779014627367799	0.0018669213339679099	1.6383131004105214e-21	-0.025203149486249087	-0.010377143061106892
4,5,7	-0.08978209340128011	0.0018669215106376822	0.0	-0.09719509731535564	-0.08236908948720459
4,5,8	-0.14028904657409558	0.0018669215106376822	0.0	-0.14770205048817112	-0.13287604266002004
4,5,9	-0.019840740707222443	0.0018669215186628164	2.3332114454022062e-26	-0.027253744653163454	-0.012427736761281432
4,5,10	-0.02869476794689213	0.0018669215186628114	3.225656760125716e-53	-0.036107771892833124	-0.02128176400095114
4,5,11	-0.1287358979502491	0.0018669214405176294	0.0	-0.13614890158589824	-0.12132289431459996
4,5,12	-0.0019395603574990442	0.0018669214973084716	0.29885123079974246	-0.009352564218648145	0.005473443503650056
4,5,13	-0.00013015972786731278	0.0018669214609050603	0.9444176060389239	-0.0075431634444690235	0.007282843988734398
4,5,14	0.00296865037064116	0.0018669214928531768	0.111810079347991	-0.0044443534728172565	0.010381654214099575
4,5,15	-0.006964552680568892	0.0018669214404311795	0.0001912620425559702	-0.01437755631587476	0.00044845095473697565
4,5,16	-0.00021961948642040124	0.0018669214973084703	0.906355463426272	-0.0076326233475694965	0.007193384374728694
4,6,7	-0.0035663595970864548	0.0018669213268630142	0.05610039812671733	-0.010979362781446072	0.0038466435872731627
4,6,8	0.004233501412659935	0.0018669213268630125	0.023354566675080263	-0.0031795017716996768	0.011646504597019547
4,6,9	-0.0012166487811138549	0.0018669213224025089	0.514605273701417	-0.0086296519477621	0.00619635438553439
4,6,10	-0.004005024619593622	0.0018669213224025098	0.03193606832444718	-0.011418027786241871	0.0034079785470546263
4,6,11	-0.005477321064716711	0.0018669214004835128	0.0033487216293608037	-0.01289032454140198	0.0019356824119685567
4,6,12	-0.0011176214012802166	0.0018669213259486358	0.5494123455822116	-0.008530624582009103	0.00629538177944867
4,6,13	-0.0009412206817808536	0.0018669213836600646	0.6141530697573041	-0.008354224091665087	0.00647178272810338
4,6,14	-7.04372152548205e-05	0.001866921333967908	0.9699038100636166	-0.007483440427825911	0.00734256599731627
4,6,15	0.0021320631202339513	0.0018669214005693116	0.25344958073383045	-0.005280940356791998	0.009545066597259901
4,6,16	-0.0018171684222337559	0.0018669213259486354	0.3303828652762465	-0.00923017160296264	0.005595834758495129
4,7,8	0.01197116871414225	0.0018669214928531755	1.4436944865265856e-10	0.004558164870683838	0.01938417255760066
4,7,9	-0.001378912040364666	0.0018669215399850577	0.46015136453349315	-0.008791916070970112	0.006034091990240781
4,7,10	0.005619610437493566	0.0018669215399850553	0.0026126676067325895	-0.001793393593111872	0.013032614468099005
4,7,11	0.001474075932907104	0.0018669215187234272	0.4297784705878065	-0.005938928013274575	0.008887079879088784
4,7,12	0.003523165250778698	0.0018669215328713368	0.059144308163373106	-0.0038898387515802265	0.010936169253137623
4,7,13	-1.0327568729859293e-05	0.0018669214965143033	0.9955862451349216	-0.007423331426725547	0.007402676289265829
4,7,14	0.0012157925130548697	0.0018669215106376813	0.5149012973777461	-0.006197211401020657	0.008628796427130396
4,7,15	0.00432686578033388	0.0018669214618311659	0.020471585992329476	-0.003086137939945128	0.011739869500612888
4,7,16	0.005805257163682465	0.0018669215328713335	0.0018746347176437064	-0.001607746838676447	0.013218261166041377
4,8,9	0.019209151920226458	0.0018669215399850568	8.236269492152995e-25	0.011796147889621016	0.0266221559508319
4,8,10	-0.023685275237944503	0.0018669215399850603	7.741488986049288e-37	-0.03109827926854996	-0.016272271207339047
4,8,11	-0.005933731511182039	0.0018669215187234274	0.0014818494896427518	-0.013346735457363718	0.0014792724349996407
4,8,12	0.0031974886202712494	0.0018669215328713342	0.08677133254215823	-0.004215515382087665	0.010610492622630164
4,8,13	0.003331752954113615	0.001866921496514303	0.07432699630963976	-0.004081250903882072	0.010744756812109301
4,8,14	-0.0015713305561272511	0.001866921510637678	0.39997618093959375	-0.008984334470202766	0.0058416733579482625
4,8,15	0.0032364056194821716	0.0018669214618311676	0.0830023399834965	-0.004176598100796843	0.010649409339761187
4,8,16	0.009265475611805102	0.001866921532871333	6.959887416901639e-07	0.0018524716094461928	0.01667847961416401
4,9,10	-0.004289586389328734	0.0018669214928531748	0.021583232049731668	-0.011702590232787143	0.0031234174541296747
4,9,11	0.0020984518836621897	0.0018669214964739177	0.26100988856945745	-0.005314551974173139	0.009511455741497518
4,9,12	0.0018182350027683564	0.0018669215284628409	0.3300991546196914	-0.00559476898208571	0.009231238987622422
4,9,13	0.00022966908197730868	0.0018669214618311654	0.9020914706273635	-0.0071833346383016975	0.007642672802256315
4,9,14	-0.0006876023352316574	0.0018669215186628125	0.7126447088293328	-0.008100606281172653	0.006725401610709338
4,9,15	-0.002041439620206212	0.001866921496514304	0.27418756737874594	-0.009454443478201902	0.005371564237789479
4,9,16	-0.002470707770181605	0.0018669215284628435	0.18570281794276694	-0.009883711755035681	0.004942296214672471
4,10,11	-0.023626980703897404	0.0018669214964739185	1.151555480747316e-36	-0.031039984561732736	-0.016213976846062073
4,10,12	-0.003504941177647408	0.0018669215284628413	0.060469046649991566	-0.010917945162501476	0.0039080628072066595
4,10,13	0.004951720325637871	0.0018669214618311657	0.007995421157443516	-0.0024612833946411365	0.012364724045916878
4,10,14	0.00168002770009254	0.0018669215186628149	0.36818108146428785	-0.005732976245848465	0.009093031646033544
4,10,15	0.0007656421930405249	0.0018669214965143016	0.6817269983031028	-0.006647361664955156	0.008178646051036206
4,10,16	-0.005320635545824209	0.001866921528462842	0.004373969842954672	-0.01273363953067828	0.002092368439029861
4,11,12	0.008515721378034302	0.0018669214609050612	5.0913611744102274e-06	0.001102717661432588	0.015928725094636016
4,11,13	-0.0038235060896942563	0.0018669214973084697	0.04056134927161013	-0.011236509950843349	0.0035894977714548363
4,11,14	-0.002848627974036802	0.0018669214405176294	0.12705398536095136	-0.010261631609685937	0.004564375661612333
4,11,15	0.0025692624632119715	0.0018669215320067261	0.1687636379905882	-0.004843741535713835	0.009982266462137778
4,11,16	-0.010442102680379796	0.001866921460905061	2.2379220224009462e-08	-0.01785510639698151	-0.0030290989637780825
4,12,13	-0.000953547830918014	0.0018669214405176286	0.609521222086487	-0.008366551466567146	0.006459455804731118
4,12,14	-0.0013051051300056182	0.0018669214973084703	0.4845120257265477	-0.008718108991154713	0.006107898731143477
4,12,15	0.003513371531360908	0.0018669214324773733	0.05985319075826311	-0.003899632072362702	0.010926375135084519
4,12,16	-0.004457772984868512	0.0018669214928531766	0.016953944103294826	-0.011870776828326927	0.0029552308585899037
4,13,14	-0.0021435168298623575	0.0018669214609050584	0.25090846058906996	-0.00955652054646406	0.0052694868867393455
4,13,15	-0.002131925967461354	0.0018669215399850594	0.2534801532759528	-0.009544929998066807	0.0052810780631441
4,13,16	0.0004104630130496445	0.0018669214405176288	0.8259801869896413	-0.007002540622599488	0.007823466648698776
4,14,15	-0.0008629327231026163	0.0018669214404311812	0.6439234637605176	-0.008275936358408491	0.006550070912203258
4,14,16	-0.0007805339599573566	0.001866921497308471	0.6758855395051764	-0.008193537821106454	0.006632469901191741
4,15,16	-0.00888736683236177	0.0018669214324773733	1.9358778547209892e-06	-0.01630037043608538	-0.0014743632286381607
5,6,7	0.0007953019469131295	0.0018669213268630105	0.6701118121574148	-0.006617701237446474	0.008208305131272733
5,6,8	0.0020231783453526775	0.0018669213268630127	0.27850288644122023	-0.005389824839006935	0.00943618152971229
5,6,9	-0.000267590293721226	0.0018669213224025104	0.8860281224246376	-0.007680593460369477	0.007145412872927025
5,6,10	-0.002093603979348574	0.0018669213224025089	0.26211303649825574	-0.009506607145996819	0.005319399187299671
5,6,11	0.0011991002044222376	0.0018669214004835143	0.5206888258994667	-0.0062139032722630366	0.008612103681107512
5,6,12	-0.0009879883921065369	0.0018669213259486358	0.5966634658523859	-0.008400991572835423	0.0064250147886223494
5,6,13	0.00078277158645286	0.0018669213836600646	0.6750094605371402	-0.006630231823431374	0.008195774996337094
5,6,14	-0.000824617728097124	0.0018669213339679103	0.658708335301754	-0.008237620940668225	0.006588385484473976
5,6,15	0.00011019217505608969	0.0018669214005693113	0.9529335980542974	-0.007302811301969859	0.007523195652082038
5,6,16	-0.0012760332034160715	0.0018669213259486363	0.4942959381902351	-0.00868903638414496	0.0061369699773128165
5,7,8	-0.04510568601123366	0.0018669214928531772	2.14956184042936e-128	-0.052518689854692074	-0.03769268216777524
5,7,9	-0.01082681000240715	0.001866921539985057	6.690642524149676e-09	-0.018239814033012593	-0.0034138059718017057
5,7,10	0.032467914185497576	0.0018669215399850574	1.3717353491533599e-67	0.02505491015489213	0.039880918216103026
5,7,11	-0.03825485654665278	0.0018669215187234246	5.126353510404373e-93	-0.04566786049283445	-0.030841852600471113
5,7,12	-0.017231765184630154	0.0018669215328713331	2.7837749507577246e-20	-0.024644769186989064	-0.009818761182271245
5,7,13	0.001440547929157876	0.0018669214965143037	0.44034425298221647	-0.005972455928837814	0.008853551787153566
5,7,14	-0.0003415448490366041	0.0018669215106376813	0.8548413704127962	-0.007754548763112131	0.007071459065038923
5,7,15	-0.01981614519597294	0.001866921461831165	2.686234400479581e-26	-0.027229148916251944	-0.012403141475693935
5,7,16	-0.013309735225141131	0.0018669215328713335	1.0197265915191636e-12	-0.020722739227500044	-0.005896731222782219
5,8,9	0.0031088926841604785	0.0018669215399850572	0.09586755117558182	-0.004304111346444967	0.010521896714765923
5,8,10	0.0002934480647570348	0.001866921539985058	0.8751012265584457	-0.007119555965848414	0.0077064520953624835
5,8,11	-0.10174146649053366	0.0018669215187234285	0.0	-0.10915447043671535	-0.09432846254435197
5,8,12	-0.007071407928493603	0.0018669215328713368	0.00015216275076112423	-0.014484411930852528	0.0003415960738653214
5,8,13	-0.004560397437232692	0.0018669214965143018	0.014579022598105895	-0.011973401295228375	0.00285260642076299
5,8,14	-0.0015328367650558616	0.001866921510637681	0.41162054549488836	-0.008945840679131387	0.005880167149019663
5,8,15	0.005561388593861294	0.0018669214618311667	0.002893840396286818	-0.0018516151264177175	0.012974392314140305
5,8,16	-0.007768688118422407	0.001866921532871334	3.1694701875057e-05	-0.015181692120781319	-0.0003556841160634932
5,9,10	0.03512636167417932	0.0018669214928531783	9.213904597105042e-79	0.027713357830720896	0.04253936551763774
5,9,11	-0.006963489084553992	0.001866921496473917	0.00019169500858364294	-0.014376492942389317	0.00044951477328133375
5,9,12	0.001739282815646448	0.001866921528462844	0.35153049173212547	-0.00567372116920763	0.009152286800500526
5,9,13	0.001282114940952428	0.0018669214618311654	0.4922405017942314	-0.006130888779326578	0.008695118661231434
5,9,14	0.0003819905106076382	0.0018669215186628146	0.8378776102314367	-0.007031013435333366	0.007794994456548642
5,9,15	-0.0025391887434510763	0.0018669214965143042	0.17380490570602028	-0.009952192601446768	0.004873815114544615
5,9,16	-0.001670524651058325	0.0018669215284628424	0.3708963964590817	-0.009083528635912396	0.005742479333795747
5,10,11	-0.027176620737417195	0.0018669214964739203	6.284278941313099e-48	-0.034589624595252534	-0.019763616879581856
5,10,12	0.011363559776574383	0.0018669215284628433	1.1584054906868849e-09	0.003950555791720308	0.018776563761428458
5,10,13	-0.0036945309775109625	0.0018669214618311657	0.047826659416653636	-0.01110753469778997	0.0037184727427680446
5,10,14	0.0024838995807832456	0.0018669215186628123	0.18336523245274608	-0.004929104365157749	0.00989690352672424
5,10,15	0.013099196110811565	0.001866921496514305	2.2976788222455214e-12	0.00568619225281587	0.02051219996880726
5,10,16	0.005044125348642452	0.001866921528462843	0.0068974639321670635	-0.002368878636211623	0.012457129333496526
5,11,12	-0.02130525762774428	0.0018669214609050614	3.893504783548803e-30	-0.028718261344345998	-0.013892253911142566
5,11,13	-0.0017546986287657607	0.0018669214973084682	0.34727809821886946	-0.009167702489914848	0.005658305232383326
5,11,14	-3.11628998147101e-05	0.0018669214405176312	0.9866822751086477	-0.007444166535463852	0.007381840735834432
5,11,15	-0.002310076784598783	0.0018669215320067285	0.2159534198294285	-0.009723080783524598	0.005102927214327033
5,11,16	-0.016409672104696474	0.0018669214609050584	1.5354496642300692e-18	-0.023822675821298177	-0.008996668388094771
5,12,13	0.00197984980903132	0.001866921440517626	0.2889261039069072	-0.005433153826617802	0.009392853444680441
5,12,14	0.0008955007737824899	0.001866921497308471	0.6314657613728125	-0.006517503087366608	0.008308504634931588
5,12,15	-0.009696694482619173	0.0018669214324773741	2.0650044370859176e-07	-0.017109698086342787	-0.0022836908788955593
5,12,16	-0.00838020729013142	0.001866921492853176	7.175404342184373e-06	-0.01579321113358983	-0.0009672034466730066
5,13,14	-0.002284287850862949	0.0018669214609050592	0.22112322369166373	-0.009697291567464655	0.005128715865738757
5,13,15	-0.000509338652386504	0.001866921539985058	0.7849903463461676	-0.007922342682991954	0.006903665378218945
5,13,16	-0.000182717314131553	0.0018669214405176307	0.9220350961787657	-0.007595720949780694	0.0072302863215175876
5,14,15	-0.001923495578736445	0.0018669214404311795	0.3028714291562819	-0.009336499214042313	0.0054895080565694225
5,14,16	0.0021493725606747255	0.0018669214973084697	0.24961620201579168	-0.005263631300474367	0.009562376421823818
5,15,16	0.00109052083713463	0.0018669214324773735	0.5591363186573086	-0.006322482766588981	0.00850352444085824
6,7,8	-0.0010740131530773134	0.0018669213339679088	0.565100085200293	-0.008487016365648407	0.006338990059493781
6,7,9	-0.001015206045167999	0.0018669213437166622	0.5865904827586779	-0.008428209296448566	0.006397797206112567
6,7,10	-0.008076660840690336	0.0018669213437166642	1.5193549040532273e-05	-0.01548966409197091	-0.0006636575894097621
6,7,11	-0.004152070971041352	0.0018669214182894423	0.026150515190744354	-0.011565074518428801	0.003260932576346098
6,7,12	0.0003005304124000241	0.0018669213614402984	0.8721124339256401	-0.007112472909255962	0.00771353373405601
6,7,13	-0.0001151179311128514	0.001866921383687629	0.9508322667922061	-0.007528121341106536	0.007297885478880833
6,7,14	-0.0017494051745117756	0.0018669213268630131	0.34873452629327817	-0.00916240835887139	0.005663598009847838
6,7,15	0.001671528052951704	0.0018669213614901253	0.37060906541600935	-0.00574147526890213	0.009084531374805537
6,7,16	-0.00024094218951070667	0.0018669213614402943	0.8973117094235321	-0.007653945511166676	0.007172061132145263
6,8,9	-0.0010187395379817193	0.0018669213437166653	0.585288573190994	-0.008431742789262297	0.006394263713298859
6,8,10	-0.008271564094122497	0.0018669213437166655	9.412907311478304e-06	-0.015684567345403078	-0.0008585608428419173
6,8,11	-0.010397761681845641	0.0018669214182894386	2.5652631972111344e-08	-0.017810765229233076	-0.0029847581344582055
6,8,12	-0.0024109709191076634	0.0018669213614402956	0.1965642919197316	-0.009823974240763637	0.0050020324025483115
6,8,13	-0.002543427497651185	0.0018669213836876306	0.17308760045491928	-0.009956430907644875	0.0048695759123425055
6,8,14	0.00040156003191074707	0.00186692132686301	0.8296961882776421	-0.007011443152448855	0.007814563216270349
6,8,15	0.00031432622021251855	0.0018669213614901253	0.8662958212505341	-0.0070986771016413154	0.0077273295420663525
6,8,16	-0.0019164033133483582	0.0018669213614402969	0.3046576393649389	-0.00932940663500434	0.005496600008307622
6,9,10	-0.0007138301356569426	0.0018669213339679099	0.7021979551064785	-0.00812683334822804	0.006699173076914156
6,9,11	0.0008159360577919689	0.0018669213836583131	0.6620772937586743	-0.00659706735208531	0.008228939467669248
6,9,12	-0.0030052500836804663	0.0018669213694134225	0.1074604239150871	-0.010418253436995416	0.0044077532696344835
6,9,13	0.00016545051670055488	0.0018669213614901253	0.9293825069666234	-0.007247552805153279	0.007578453838554389
6,9,14	-0.0018947624085108722	0.0018669213224025095	0.3101511677421773	-0.00930776557515912	0.005518240758137376
6,9,15	0.0007191652532978487	0.0018669213836876274	0.7000797388646726	-0.006693838156695829	0.008132168663291526
6,9,16	-0.00013685827773317338	0.001866921369413423	0.941562101813139	-0.007549861631048125	0.007276145075581778
6,10,11	-0.004596617070541445	0.0018669213836583114	0.013813754436927754	-0.012009620480418717	0.0028163863393358274
6,10,12	-0.0009385038030823162	0.001866921369413421	0.61517600170699	-0.00835150715639726	0.006474499550232628
6,10,13	-0.0002377482532769648	0.0018669213614901274	0.8986655560099259	-0.0076507515751308075	0.007175255068576878
6,10,14	0.000654794501597375	0.0018669213224025106	0.7257883645330984	-0.006758208665050877	0.008067797668245627
6,10,15	-0.0016242850391709196	0.0018669213836876293	0.38428505669254376	-0.009037288449164606	0.005788718370822766
6,10,16	-0.0021255543414753914	0.0018669213694134212	0.2549015786834542	-0.009538557694790336	0.005287449011839553
6,11,12	-0.0004813974737976137	0.0018669213836600635	0.7965186167249086	-0.007894400883681842	0.006931605936086616
6,11,13	-0.00291398360868364	0.0018669213259486339	0.11856409650167986	-0.010326986789412518	0.004499019572045238
6,11,14	-0.0018403215313136656	0.0018669214004835147	0.3242584969202764	-0.009253325007998942	0.00557268194537161
6,11,15	-0.0011469569967977322	0.0018669213481310155	0.5389813173929521	-0.008559960265606415	0.006266046272010951
6,11,16	-0.0009497403399413434	0.001866921383660063	0.6109501974492082	-0.008362743749825572	0.006463263069942884
6,12,13	0.0006947742343233476	0.001866921400483517	0.7097826124785585	-0.006718229242361937	0.008107777711008632
6,12,14	-1.2039114553843988e-05	0.001866921325948636	0.9948547805001764	-0.007425042295282731	0.007400964066175043
6,12,15	0.003525006808898029	0.0018669214049591377	0.059011775241142816	-0.0038879966855586475	0.010938010303354706
6,12,16	0.0006358719010742947	0.0018669213339679086	0.7334064400945213	-0.0067771313114967984	0.008048875113645389
6,13,14	0.0014399970429684605	0.0018669213836600643	0.4405190627876805	-0.005973006366915772	0.008853000452852693
6,13,15	-0.0001383341277348682	0.0018669213437166642	0.9409330657215181	-0.007551337379015442	0.007274669123545706
6,13,16	-0.001485261166868701	0.0018669214004835143	0.4262866324075295	-0.008898264643553975	0.005927742309816573
6,14,15	0.0013958576872762918	0.001866921400569313	0.4546565897582654	-0.006017145789749664	0.008808861164302247
6,14,16	0.0023470281395269535	0.0018669213259486358	0.20869842468390323	-0.005065975041201933	0.00976003132025584
6,15,16	0.00010714894502958372	0.001866921404959139	0.954232006605087	-0.007305854549427098	0.0075201524394862655
7,8,9	0.03795879265163754	0.0018669215186628153	1.2881267933653144e-91	0.030545788705696533	0.04537179659757855
7,8,10	0.03502426611527762	0.0018669215186628157	2.5673859458620874e-78	0.02761126216933661	0.04243727006121863
7,8,11	0.16005437833067435	0.0018669214405176286	0.0	0.1526413746950252	0.1674673819663235
7,8,12	-0.0068040940671970866	0.0018669214973084693	0.00026806618110127787	-0.014217097928346177	0.0006089097939520043
7,8,13	-0.003217879887273345	0.0018669214609050595	0.08477961542003791	-0.010630883603875051	0.004195123829328362
7,8,14	-0.002695312643202774	0.0018669214928531774	0.14882247277808341	-0.010108316486661193	0.004717691200255645
7,8,15	-0.01841409845430393	0.0018669214404311786	6.228822965274451e-23	-0.025827102089609796	-0.011001094818998067
7,8,16	0.002443294925921026	0.001866921497308469	0.19063069082621706	-0.004969708935228064	0.009856298787070117
7,9,10	-0.03225085239384863	0.0018669215106376816	1.0264292541587988e-66	-0.039663856307924156	-0.024837848479773102
7,9,11	0.03626416512612858	0.0018669214324773735	8.287722553251062e-84	0.02885116152240497	0.043677168729852195
7,9,12	-0.00539581546511525	0.001866921532006726	0.003850989891309226	-0.012808819464041055	0.0020171885338105553
7,9,13	-0.0006818385482150191	0.0018669214404311795	0.7149477818768994	-0.008094842183520887	0.006731165087090848
7,9,14	-0.001856386638996635	0.0018669215399850574	0.320052769901313	-0.009269390669602081	0.005556617391608811
7,9,15	0.011097500482427261	0.0018669214609050588	2.790924491032438e-09	0.0036844967658255564	0.018510504199028964
7,9,16	1.0305233959867488e-05	0.0018669215320067283	0.995595790465936	-0.0074026987649659474	0.007423309232885682
7,10,11	0.023080344511218764	0.001866921432477374	4.551532384839313e-35	0.01566734090749515	0.03049334811494238
7,10,12	-0.03814348843598542	0.0018669215320067257	1.728811595271761e-92	-0.04555649243491122	-0.030730484437059613
7,10,13	0.007625414907006231	0.00186692144043118	4.42274486991346e-05	0.00021241127170036189	0.0150384185423121
7,10,14	-0.004920347986154983	0.001866921539985058	0.008402330310158662	-0.012333352016760432	0.002492656044450466
7,10,15	-0.027153473222154334	0.001866921460905063	7.528623144086948e-48	-0.03456647693875606	-0.019740469505552614
7,10,16	-0.003563095214628803	0.0018669215320067274	0.05632581487843396	-0.010976099213554615	0.0038499087842970084
7,11,12	-0.005020271416854856	0.0018669214965143046	0.007167099835180075	-0.01243327527485055	0.0023927324411408372
7,11,13	0.004554015190819681	0.001866921532871335	0.01471767770500761	-0.0028589888115392367	0.011967019193178599
7,11,14	0.0013820386358866024	0.0018669215187234278	0.4591347527925984	-0.006030965310295079	0.008795042582068284
7,11,15	-0.021342460386770096	0.0018669215284628422	3.0970420939718108e-30	-0.028755464371624167	-0.013929456401916025
7,11,16	-0.004772421253150687	0.0018669214965143037	0.01058128490780392	-0.012185425111146377	0.002640582604845003
7,12,13	-0.0070856747975313675	0.0018669215187234285	0.0001475520714255673	-0.01449867874371305	0.00032732914865031635
7,12,14	0.0049098741858372985	0.0018669215328713342	0.008542245319061087	-0.0025031298165216157	0.012322878188196213
7,12,15	0.028096088054189894	0.001866921496473917	4.249835084007393e-51	0.02068308419635457	0.03550909191202522
7,12,16	0.0007236792421216609	0.0018669215106376822	0.6982893702686741	-0.006689324671953869	0.008136683156197191
7,13,14	-0.0018001497578025438	0.0018669214965143014	0.3349320637803288	-0.009213153615798223	0.005612854100193136
7,13,15	0.0034061917458512933	0.0018669215186628146	0.06808164747191546	-0.004006812200089711	0.010819195691792297
7,13,16	-0.004345682674914003	0.0018669215187234296	0.019929692659888837	-0.011758686621095691	0.003067321271267685
7,14,15	0.0030885292578430312	0.0018669214618311674	0.09806259389849234	-0.004324474462435983	0.010501532978122046
7,14,16	-0.0024191771083650893	0.0018669215328713335	0.19504528517793096	-0.009832181110724002	0.004993826893993822
7,15,16	0.006446552971915029	0.0018669214964739203	0.0005546622707294526	-0.00096645088592031	0.013859556829750368
8,9,10	-0.0586703419920695	0.0018669215106376822	3.6974458517647323e-215	-0.06608334590614502	-0.051257338077993965
8,9,11	0.025545276227324942	0.0018669214324773748	1.4682325886567452e-42	0.018132272623601328	0.032958279831048556
8,9,12	0.01850672531973116	0.0018669215320067266	3.797793176697149e-23	0.011093721320805352	0.025919729318656968
8,9,13	-0.00241144194290302	0.0018669214404311788	0.1964768858967461	-0.009824445578208885	0.005001561692402845
8,9,14	-0.0042879019100554305	0.001866921539985059	0.02163468299692397	-0.011700905940660884	0.0031251021205500216
8,9,15	0.005618555764633271	0.0018669214609050603	0.0026175295398596704	-0.00179444795196844	0.01303155948123498
8,9,16	-0.008497476332880873	0.0018669215320067279	5.333652450896142e-06	-0.015910480331806684	-0.0010844723339550593
8,10,11	-0.21285467089636095	0.0018669214324773741	0.0	-0.22026767450008455	-0.20544166729263735
8,10,12	0.033780242474203456	0.0018669215320067244	5.369561519238074e-73	0.02636723847527766	0.041193246473129254
8,10,13	-0.014098081977851208	0.001866921440431178	4.3584550114035293e-14	-0.02151108561315707	-0.006685078342545347
8,10,14	0.0004959201258484813	0.0018669215399850596	0.79052099786357	-0.006917083904756973	0.007908924156453936
8,10,15	0.007564740434769235	0.001866921460905059	5.084372465913454e-05	0.00015173671816752932	0.014977744151370941
8,10,16	0.017258493891247118	0.0018669215320067279	2.4356634836466997e-20	0.009845489892321304	0.02467149789017293
8,11,12	-0.019242220680995473	0.0018669214965143016	6.85341529953482e-25	-0.026655224538991155	-0.011829216822999792
8,11,13	-0.0028159378497411985	0.0018669215328713348	0.1314744005556022	-0.010228941852100115	0.004597066152617718
8,11,14	0.00023680081696132727	0.0018669215187234302	0.8990672209430062	-0.0071762031292203635	0.007649804763143018
8,11,15	0.017778312632637266	0.001866921528462841	1.7412860757105856e-21	0.010365308647783199	0.025191316617491334
8,11,16	-0.012201392216068863	0.0018669214965143014	6.383661940995815e-11	-0.019614396074064542	-0.004788388358073182
8,12,13	0.0017048892017315631	0.0018669215187234287	0.3611361206364634	-0.005708114744450122	0.009117893147913248
8,12,14	0.003316222248300346	0.0018669215328713338	0.07568733097239878	-0.004096781754058566	0.010729226250659259
8,12,15	-0.004438785399396766	0.0018669214964739187	0.017428780497008474	-0.011851789257232098	0.0029742184584385664
8,12,16	-0.0025567815678981254	0.00186692151063768	0.17084233057784842	-0.009969785481973647	0.004856222346177396
8,13,14	0.0037583015948042427	0.0018669214965143027	0.04410812684292015	-0.0036547022631914427	0.011171305452799929
8,13,15	-0.0016285299162638045	0.001866921518662815	0.383043797690946	-0.00904153386220481	0.005784474029677201
8,13,16	0.008671447619862827	0.0018669215187234287	3.410992642678496e-06	0.0012584436736811418	0.01608445156604451
8,14,15	-0.001973581037205241	0.0018669214618311667	0.29045562522311746	-0.009386584757484252	0.0054394226830737705
8,14,16	-0.0024123366154880366	0.0018669215328713353	0.196310929662566	-0.009825340617846956	0.005000667386870882
8,15,16	-0.005087341334680452	0.0018669214964739177	0.0064320790475834114	-0.01250034519251578	0.0023256625231548762
9,10,11	0.04050818374433764	0.0018669214405176294	5.050818553974401e-104	0.033095180108688504	0.04792118737998678
9,10,12	-0.022478230376434066	0.0018669214973084708	2.3691038621197693e-33	-0.029891234237583164	-0.015065226515284968
9,10,13	-0.001337139019345887	0.0018669214609050586	0.47385395143897957	-0.00875014273594759	0.006075864697255817
9,10,14	-0.0013072914399928082	0.0018669214928531772	0.4837805050920392	-0.008720295283451227	0.00610571240346561
9,10,15	-0.015166331736856706	0.001866921440431178	4.600232723317268e-16	-0.022579335372162567	-0.007753328101550844
9,10,16	0.0007887596439468264	0.0018669214973084712	0.6726672434438155	-0.006624244217202272	0.008201763505095924
9,11,12	0.005319661063619585	0.0018669214618311676	0.004381150919719106	-0.0020933426566594297	0.0127326647838986
9,11,13	-0.000523836568551414	0.0018669215284628422	0.7790269914564599	-0.007936840553405485	0.006889167416302657
9,11,14	0.0013180430239254012	0.0018669214964739194	0.48019185765634864	-0.006094960833909934	0.008731046881760737
9,11,15	-0.009668788992821364	0.0018669215328713335	2.2374208904052264e-07	-0.017081792995180277	-0.0022557849904624528
9,11,16	0.00697116725595362	0.0018669214618311667	0.00018859051475367708	-0.00044183646432539164	0.014384170976232631
9,12,13	-0.006743489716418388	0.0018669214964739185	0.00030396760757308005	-0.01415649357425372	0.0006695141414169437
9,12,14	0.003482591646194605	0.0018669215284628417	0.062127152794468066	-0.0039304123386594645	0.010895595631048674
9,12,15	0.0065349929302667975	0.0018669215187234276	0.00046485287593466397	-0.0008780110159148828	0.013947996876448477
9,12,16	0.009459762024659871	0.001866921518662814	4.0516105248081954e-07	0.00204675807871887	0.016872765970600872
9,13,14	0.0016225158723069122	0.0018669214618311672	0.3848031448332775	-0.005790487847972101	0.009035519592585925
9,13,15	-0.001151877352612407	0.0018669215106376798	0.5372415628837743	-0.008564881266687929	0.0062611265614631135
9,13,16	0.0018454107368580108	0.0018669214964739164	0.3229223162971202	-0.005567593120977312	0.009258414594693334
9,14,15	0.0016731934586802014	0.0018669214965143005	0.37013257572880376	-0.005739810399315475	0.009086197316675877
9,14,16	0.0005421106903965439	0.0018669215284628407	0.7715289227560949	-0.006870893294457521	0.007955114675250608
9,15,16	-0.006081825471829644	0.0018669215187234293	0.001123863131918225	-0.01349482941801133	0.0013311784743520435
10,11,12	-0.06002616545042731	0.00186692146183117	4.849353751938879e-225	-0.06743916917070633	-0.05261316173014829
10,11,13	-0.00919061369663264	0.0018669215284628435	8.54927536043154e-07	-0.016603617681486715	-0.0017776097117785643
10,11,14	-0.0024472569304730685	0.0018669214964739172	0.1899125667357377	-0.009860260788308395	0.004965746927362258
10,11,15	0.008311245528641181	0.0018669215328713335	8.52773805115713e-06	0.0008982415262822696	0.015724249531000094
10,11,16	-0.012049709877201664	0.0018669214618311676	1.0946974274616364e-10	-0.01946271359748068	-0.004636706156922649
10,12,13	-0.0017278927161754887	0.001866921496473918	0.354693490566489	-0.009140896574010819	0.0056851111416598415
10,12,14	0.008109472158616071	0.0018669215284628446	1.402724552042423e-05	0.0006964681737619905	0.015522476143470153
10,12,15	-0.023561592086601288	0.001866921518723429	1.7957180421360136e-36	-0.030974596032782974	-0.0161485881404196
10,12,16	0.0012041122624298628	0.0018669215186628144	0.5189475587776358	-0.00620889168351114	0.008617116208370867
10,13,14	0.004611517667063858	0.0018669214618311654	0.01350937565429686	-0.002801486053215148	0.012024521387342864
10,13,15	0.0015329678236740557	0.0018669215106376816	0.41158056209109295	-0.005880036090401472	0.008945971737749584
10,13,16	0.011859587816225231	0.0018669214964739183	2.1326597399548036e-10	0.0044465839583899	0.019272591674060563
10,14,15	-0.002929301566941045	0.0018669214965143037	0.1166401217263311	-0.010342305424936735	0.004483702291054645
10,14,16	0.006749652858881072	0.0018669215284628402	0.00030012082674936414	-0.0006633511259729911	0.014162656843735136
10,15,16	-0.009360532406648442	0.0018669215187234278	5.348181170240334e-07	-0.016773536352830125	-0.0019475284604667607
11,12,13	-0.004382602244790548	0.0018669214928531764	0.018902753459424135	-0.011795606088248964	0.0030304015986678664
11,12,14	-0.007102157258506492	0.0018669214609050605	0.00014238916140380182	-0.014515160975108203	0.0003108464580952198
11,12,15	0.001657332698048998	0.0018669215399850587	0.37468628918560287	-0.005755671332556453	0.00907033672865445
11,12,16	-0.004310399778869559	0.0018669214405176281	0.020956277835385034	-0.011723403414518689	0.0031026038567795716
11,13,14	0.005169185386994894	0.0018669214973084693	0.005627422316139023	-0.0022438184741541967	0.012582189248143985
11,13,15	-0.0019018418011473026	0.0018669214324773724	0.3083469403947103	-0.00931484540487091	0.005511161802576304
11,13,16	0.008860442424668241	0.0018669214928531783	2.079022795718757e-06	0.0014474385812098187	0.016273446268126664
11,14,15	-0.0007728880969695151	0.001866921532006726	0.6788823087791012	-0.00818589209589532	0.00664011590195629
11,14,16	-0.0043185044183639	0.0018669214609050605	0.02071647525100271	-0.011731508134965611	0.0030944992982378117
11,15,16	0.0033627798182941544	0.0018669215399850577	0.07166919316540847	-0.0040502242123112925	0.0107757838488996
12,13,14	0.0024647489217948723	0.0018669214405176286	0.1867658979733274	-0.00494825471385426	0.009877752557444004
12,13,15	-0.0036292238145043954	0.0018669215320067255	0.05190439924381498	-0.0110422278134302	0.0037837801844214083
12,13,16	-5.779615704024077e-05	0.0018669214609050584	0.9753031289945953	-0.007470799873641944	0.007355207559561462
12,14,15	-0.006277350041620389	0.0018669214324773735	0.0007731075372444163	-0.013690353645344	0.001135653562103222
12,14,16	-0.0006548289155837578	0.001866921492853176	0.7257745582090966	-0.00806783275904217	0.006758174927874655
12,15,16	0.009107421886831807	0.0018669214404311784	1.0725179914347202e-06	0.0016944182515259438	0.01652042552213767
13,14,15	-0.014571544832788691	0.0018669215399850564	6.03298168007889e-15	-0.021984548863394134	-0.007158540802183249
13,14,16	0.004525417615794891	0.0018669214405176305	0.01535332120094553	-0.0028875860198542486	0.01193842125144403
13,15,16	-0.05282549141052098	0.0018669215320067257	4.583963717370098e-175	-0.060238495409446785	-0.045412487411595176
14,15,16	0.007707597333059868	0.0018669214324773741	3.655833541616249e-05	0.0002945937293362547	0.015120600936783482
