Params: 	16
Performance: 	0.6359136195222989
Term	Coefficient	Standard Error	p-value	95% CI lower	95% CI upper
Intercept	7.7205169198215
1	0.1119481891896089	0.003158228716521735	5.747009298094545e-270	0.10261438461303385	0.12128199376618395
2	0.14472529622572794	0.0031582303851682694	0.0	0.1353914867176479	0.154059105733808
3	0.36481647023502534	0.003158648505447207	0.0	0.35548142501752605	0.3741515154525246
4	-0.010929416867180818	0.003158911644826737	0.0005411464901696024	-0.020265239764755028	-0.0015935939696066076
5	0.4089574377025673	0.0031585961411738643	0.0	0.39962254724203405	0.4182923281631006
6	0.03986877231688113	0.0031582061092265868	1.9065670800972286e-36	0.030535034553730266	0.04920251008003199
7	0.1168140000055295	0.003158342239505413	3.0652404314618345e-293	0.10747985992401174	0.12614814008704725
8	0.2677946908155122	0.003158415646592453	0.0	0.2584603337872606	0.27712904784376385
9	0.0931308050831168	0.0031582997141788327	1.4139695828100487e-188	0.08379679068061835	0.10246481948561525
10	0.30139454279796196	0.0031583891895966285	0.0	0.29206026396050994	0.310728821635414
11	0.03337436156535069	0.0031582911159175023	4.6693801756921423e-26	0.02404037257408688	0.0427083505566145
12	0.010387391419095393	0.0031582028989066806	0.0010064581807986347	0.0010536631436990022	0.019721119694491786
13	0.013949069313980184	0.00315819942700524	1.0051170047292019e-05	0.004615351299414297	0.02328278732854607
14	0.03402724976282272	0.0031582934406937575	5.087156180073083e-27	0.02469325390093325	0.043361245624712184
15	0.1705518416440493	0.0031582609043752058	0.0	0.16121794193974254	0.17988574134835605
