Params: 	576
Performance: 	0.942425598581946
Term	Coefficient	Standard Error	p-value	95% CI lower	95% CI upper
Intercept	7.3690212273777895
1	0.12106093958033076	0.00127753817550573	0.0	0.1160462292560063	0.12607564990465522
2	0.1376280858366073	0.001277541205817688	0.0	0.13261336361742368	0.1426428080557909
3	0.34012062170950197	0.0012775650536091137	0.0	0.3351058058807745	0.34513543753822945
4	0.0348473163349119	0.001277566097848314	5.757024271489494e-162	0.029832496407240686	0.039862136262583114
5	0.4129475170795961	0.0012775643376000533	0.0	0.40793270406141324	0.41796233009777894
6	0.03946327073208817	0.0012775331168739406	1.7371775672860074e-206	0.03444858026437038	0.04447796119980596
7	0.14481016309714878	0.0012775614691701391	0.0	0.13979536133839077	0.1498249648559068
8	0.26274375115327175	0.0012775536304364483	0.0	0.25772898016383206	0.26775852214271145
9	0.112336425010537	0.0012775502370242057	0.0	0.10732166734123108	0.11735118267984293
10	0.3209849797535787	0.0012775523757341685	0.0	0.31597021368921174	0.32599974581794566
12	0.037882479449258995	0.0012775529634776758	1.1965961397716466e-190	0.032867711077827204	0.042897247820690786
13	0.008068172982459987	0.0012775348716991964	2.7295311268445325e-10	0.003053475626540736	0.013082870338379238
14	0.016487000850308818	0.001277534276457902	5.224416600767364e-38	0.011472305830885432	0.021501695869732204
15	0.04693778887845327	0.0012775551783788725	1.7142742349963236e-289	0.04192301181288762	0.05195256594401892
16	0.1817748285403344	0.0012775446229547395	0.0	0.1767600929078902	0.1867895641727786
1,2	0.0669166452707025	0.0012775145105434853	0.0	0.061902027838263984	0.07193126270314101
1,3	0.010262869921149484	0.001277535029808126	9.808240913134215e-16	0.0052481719446065235	0.015277567897692444
1,4	-0.009333252900966524	0.0012775363211094022	2.823236553180746e-13	-0.014347955946243997	-0.0043185498556890505
1,5	0.025397846751405863	0.0012775328867089472	2.0274123874636115e-87	0.02038315718715287	0.030412536315658857
1,6	-0.0039261511252004985	0.0012775122901549248	0.0021189847942311465	-0.008940759841965656	0.0010884575915646602
1,7	-0.010759147350312148	0.001277532354412778	3.8591840702368714e-17	-0.01577383482514727	-0.005744459875477026
1,8	-0.005945290454618003	0.0012775232922035411	3.2723454174771217e-06	-0.010959942357636098	-0.0009306385515999065
1,9	-0.008345716010549863	0.0012775274857559414	6.555691590617966e-11	-0.013360384374485465	-0.0033310476466142606
1,10	0.006671528685009292	0.001277524576606584	1.7788271594422612e-07	0.0016568717403342625	0.01168618562968432
1,12	-0.005736362077422577	0.001277528982288162	7.140391614900342e-06	-0.010751036315684068	-0.0007216878391610873
1,13	-0.0003676112928152255	0.0012775078807461965	0.7735349405152485	-0.00538220270136377	0.004646980115733319
1,14	0.0011630223690042279	0.0012775104255237295	0.36262798674455055	-0.003851579028539098	0.006177623766547554
1,15	-0.0012195673868009918	0.0012775210869290167	0.3397690982943743	-0.006234210633472736	0.003795075859870752
1,16	-0.0027544237367916257	0.00127751696356856	0.031085144509331464	-0.007769050798069736	0.0022602033244864842
2,3	-0.007288152442343428	0.0012775368830956486	1.1747203229439e-08	-0.012302857693580995	-0.0022734471911058625
2,4	-0.014845661159349693	0.0012775377219892304	3.7431531720526665e-31	-0.019860369703489488	-0.009830952615209897
2,5	-0.037847577830100176	0.0012775348894198209	2.6022519919141414e-190	-0.04286227525557805	-0.0328328804046223
2,6	0.0035749205816613186	0.0012775092353835386	0.005139475915303446	-0.0014396761442342894	0.008589517307556926
2,7	0.008155923811457393	0.0012775288185184644	1.7471856411880908e-10	0.0031412502160397806	0.013170597406875005
2,8	0.014240752579201946	0.0012775299789007167	8.358402689411291e-29	0.009226074428945212	0.019255430729458678
2,9	0.0022108640570376523	0.00127752971629642	0.08353679133519332	-0.0028038130624205492	0.007225541176495854
2,10	0.005781359465809342	0.0012775279098901366	6.049007239949026e-06	0.0007666894370231955	0.010796029494595488
2,12	0.0021869931333093756	0.001277524006392105	0.08692480460959998	-0.002827661573107346	0.007201647839726097
2,13	-0.0004431706619136347	0.001277508079629881	0.7286668960248555	-0.005457762851138706	0.004571421527311437
2,14	0.0006255967814847822	0.001277512814932337	0.6243502429851224	-0.004389013995184932	0.005640207558154496
2,15	0.0004239002085196751	0.0012775262438740455	0.7400324049499198	-0.00459076328066691	0.00543856369770626
2,16	0.00951959278248805	0.0012775148332062282	9.450290724618232e-14	0.004504974083504066	0.014534211481472034
3,4	-0.1182749198843838	0.001277564898981988	0.0	-0.12328973510615467	-0.11326010466261292
3,5	-0.1868202384253984	0.0012775646029172473	0.0	-0.19183505248502875	-0.18180542436576808
3,6	0.00671045837621119	0.0012775289729196652	1.508533626138647e-07	0.0016957841747237854	0.011725132577698593
3,7	0.010020557201818525	0.0012775498103193201	4.5143375259955965e-15	0.005005801207453862	0.015035313196183188
3,8	-0.0421544858331394	0.0012775548803290392	7.914248576698032e-235	-0.047169261728772435	-0.03713970993750637
3,9	-0.0014921809227549272	0.001277539898692661	0.24281093252733052	-0.006506898011091189	0.003522536165581335
3,10	-0.10759273658653842	0.0012775439480154905	0.0	-0.11260746956964901	-0.10257800360342784
3,12	0.014882035182823355	0.0012775427315259344	2.6863645200787773e-31	0.00986730697478943	0.019896763390857282
3,13	-0.0005769837171467479	0.0012775252787742897	0.6515301643856088	-0.0055916434180350244	0.004437675983741529
3,14	0.0010855582608979494	0.001277528690024014	0.3954799059518024	-0.003929114830141431	0.00610023135193733
3,15	0.015020596216966046	0.001277543310514894	7.521950196573898e-32	0.010005865736231415	0.020035326697700678
3,16	0.010425824576285603	0.001277532733803325	3.4456683909741944e-16	0.005411135612231819	0.015440513540339387
4,5	0.35033706406721066	0.0012775596820631153	0.0	0.34532226932336946	0.35535185881105186
4,6	-0.0034464811183222213	0.001277531379575044	0.006984295765516947	-0.008461164766634627	0.001568202529990184
4,7	-0.013587838942158415	0.001277556654419805	2.2473458789287912e-26	-0.01860262180161566	-0.008573056082701171
4,8	-0.04496065174006684	0.0012775538172288756	3.0667240920125783e-266	-0.04997542346272135	-0.039945880017412325
4,9	-0.01216078078061145	0.00127754941967603	1.8695643209710203e-21	-0.01717553524158715	-0.007146026319635752
4,10	-0.07170544783365218	0.0012775485523528096	0.0	-0.07672019889013101	-0.06669069677717335
4,12	0.000994733565787954	0.001277554017097653	0.43620728734211844	-0.004020038941409861	0.006009506072985769
4,13	-0.001443393802144411	0.0012775295234751726	0.2585554562356222	-0.006458070164722921	0.0035712825604340987
4,14	-0.0028841024588594916	0.0012775311018698096	0.023979837662505235	-0.007898785017097773	0.0021305800993787908
4,15	-0.0028009893853007204	0.0012775469780440638	0.028352414656627575	-0.007815734262158102	0.0022137554915566604
4,16	-0.01030399809919471	0.0012775357623530206	7.544120678043552e-16	-0.015318698951190254	-0.005289297247199167
5,6	0.002212549090699619	0.001277533082806884	0.08330244875669049	-0.0028021412432950267	0.007227239424694265
5,7	0.01075649471002772	0.0012775587316949842	3.933863107648647e-17	0.005741703696658924	0.01577128572339652
5,8	-0.03807707960675458	0.0012775526988748718	1.4516495469215343e-192	-0.04309184693954311	-0.03306231227396604
5,9	-0.0018567909823581016	0.0012775475432606105	0.1461217836783243	-0.006871538077855447	0.0031579561131392436
5,10	0.02898955301572059	0.0012775490149644865	4.2366811209978885e-113	0.02397480014335586	0.03400430588808532
5,12	0.0018795156664034238	0.0012775532290691721	0.14125122476832636	-0.003135253747552534	0.0068942850803593815
5,13	0.002172583755895744	0.001277530992570755	0.08902568634388447	-0.0028420983733118384	0.0071872658851033265
5,14	0.004280796818391641	0.0012775338816541008	0.0008066323976225574	-0.0007338966513115606	0.009295490288094843
5,15	-0.002142823469654595	0.0012775511187800757	0.0934955769240282	-0.007157584600109737	0.002871937660800547
5,16	0.015189743521925916	0.0012775373258348847	1.5644204641290535e-32	0.010175036532807588	0.020204450511044244
6,7	0.001031353743600266	0.001277521566617543	0.41949488422285974	-0.0039832913859889916	0.006045998873189524
6,8	0.0005728568723705699	0.0012775166274789091	0.6538571713161282	-0.0044417688696575365	0.005587482614398676
6,9	-0.0017845993955456496	0.0012775217882106	0.16244644089421803	-0.006799245394952352	0.0032300466038610526
6,10	0.00886277843267607	0.001277515414712321	4.066373980460194e-12	0.0038481574511108974	0.013877399414241244
6,12	0.0009081919199185225	0.0012775217604169197	0.4771505548700121	-0.0041064539703898695	0.0059228378102269144
6,13	-8.40846629117098e-05	0.0012775187533872086	0.9475225541155639	-0.005098718749750564	0.0049305494239271445
6,14	-0.00011584218268890362	0.0012775049390826658	0.9277486519027696	-0.005130422044349253	0.004898737678971446
6,15	0.00023188545839857196	0.0012775180043411323	0.8559664879064005	-0.0047827456882157445	0.005246516605012888
6,16	-0.0011106036118966184	0.001277513671981145	0.3846634739979441	-0.006125217752733125	0.003904010528939888
7,8	0.07336758249362385	0.0012775436634717486	0.0	0.06835285062743052	0.07838231435981718
7,9	0.006703802563033545	0.0012775379192649925	1.5520803063107298e-07	0.0016890932445287879	0.011718511881538302
7,10	0.03912688015717054	0.0012775350489611713	4.577029238579343e-203	0.03411218210544629	0.0441415782088948
7,12	-0.005965520704711402	0.0012775370254139201	3.0308538915445374e-06	-0.010980226514589735	-0.00095081489483307
7,13	-0.003295862293527102	0.0012775250697511398	0.009887854718485196	-0.00831052117393849	0.0017187965868842858
7,14	0.001969097856035395	0.0012775200618770574	0.12324296404594864	-0.003045541367008138	0.006983737079078928
7,15	-0.023134375751611667	0.0012775356064866725	6.303824979625122e-73	-0.028149075991786288	-0.018119675511437047
7,16	0.01144378134687091	0.0012775305793682912	3.488892796586518e-19	0.006429100839603636	0.016458461854138184
8,9	-0.0036888339619622346	0.0012775420245832673	0.003886426247619831	-0.008703559395039796	0.0013258914711153256
8,10	-0.02115141654971695	0.0012775353628210978	2.588355757409891e-61	-0.02616611583343305	-0.016136717266000848
8,12	0.017471636613062665	0.0012775326554644228	1.8571458915640244e-42	0.012456947956511946	0.022486325269613385
8,13	-0.010870642095751674	0.0012775173661435017	1.8265302429030628e-17	-0.015885270737253966	-0.005856013454249383
8,14	-0.0008109632267119596	0.00127751908333378	0.5255664010956298	-0.005825598608687437	0.004203672155263518
8,15	0.02241166963435656	0.0012775366308909399	1.4116487195085938e-68	0.017396965373096106	0.02742637389561701
8,16	0.012723138715553715	0.0012775267286999163	2.4859749706537677e-23	0.00770847332328404	0.017737804107823392
9,10	0.08987170117480806	0.0012775353593274619	0.0	0.0848570019048055	0.09488640044481061
9,12	-0.0065149885065485455	0.001277533922007872	3.422001129123185e-07	-0.01152968213465208	-0.0015002948784450113
9,13	-0.00092256264182871	0.0012775199248578673	0.4702067460148225	-0.0059372013270319185	0.0040920760433744985
9,14	0.001039151338247217	0.001277520396151443	0.41598751294113123	-0.003975489196920872	0.006053791873415306
9,15	-0.01709469670745905	0.001277537028717474	1.0049210009468546e-40	-0.022109402530304793	-0.012079990884613303
9,16	-0.00035480316876222717	0.0012775243950124042	0.781223633389318	-0.005369459400627084	0.004659853063102629
10,12	-0.016904098471700338	0.0012775350115535108	7.315217011462721e-40	-0.021918796376588605	-0.01188940056681207
10,13	-0.014453536190750363	0.0012775154956840712	1.2764476466077166e-29	-0.019468157490153296	-0.00943891489134743
10,14	0.0012943040663238453	0.001277516602208911	0.31100060863917384	-0.0037203215765121405	0.006308929709159831
10,15	0.027583083110162925	0.001277524439332511	1.1772631151324482e-102	0.02256842670432871	0.03259773951599714
10,16	0.018736326006984386	0.0012775178423386803	1.5252696258642377e-48	0.01372169549627699	0.023750956517691782
12,13	-0.005293825165756945	0.0012775234867435854	3.424466481692199e-05	-0.010308477832401512	-0.00027917249911237757
12,14	0.00170059372974137	0.0012775191793038823	0.1831429299163085	-0.0033140420289447777	0.006715229488427518
12,15	-0.0192627147471967	0.0012775284544888244	3.3824453519135094e-51	-0.024277386913691697	-0.014248042580701704
12,16	-0.0011961205412464593	0.00127752120283265	0.34913489361235583	-0.006210764242873802	0.003818523160380884
13,14	-0.0020609767781023733	0.001277509075682277	0.10669405647603618	-0.0070755728771239035	0.002953619320919157
13,15	0.01341321655525067	0.0012775157473496619	9.566450902858307e-26	0.008398594267986819	0.018427838842514522
13,16	0.0007802458119688035	0.0012775157478904337	0.5413678400515352	-0.004234376477417735	0.005794868101355342
14,15	-0.009790768361113686	0.0012775179515651287	1.8545447118365202e-14	-0.01480539930056678	-0.004776137421660592
14,16	-0.016710640777180225	0.0012775129378411545	5.3508951684815216e-39	-0.021725252036302933	-0.011696029518057519
15,16	0.09591636856816521	0.0012775281600779943	0.0	0.09090169755731868	0.10093103957901174
1,2,3	0.007729909922041964	0.0012775214099384376	1.4580693358088932e-09	0.002715265407463938	0.012744554436619988
1,2,4	-0.005281743213010261	0.0012775180185312712	3.5682136855236116e-05	-0.010296374415325014	-0.000267112010695506
1,2,5	-0.006313273499008572	0.0012775154321772026	7.777965260468137e-07	-0.011327894549128505	-0.0012986524488886398
1,2,6	-0.0019315099852763003	0.001277502615424809	0.1305584535313173	-0.006946080725901155	0.003083060755348554
1,2,7	-0.003803233015720887	0.0012775198849187723	0.0029125964433389783	-0.008817871544151486	0.0012114055127097128
1,2,8	0.0012026444164574476	0.0012775138332454298	0.3465098590876974	-0.003811970357388458	0.006217259190303353
1,2,9	-0.003875370679659769	0.0012775082830222418	0.002418972440576003	-0.008889963667259238	0.0011392223079397011
1,2,10	-0.0025226342591174403	0.001277515217629999	0.048317443828540224	-0.00753725446707696	0.002491985948842079
1,2,12	-0.002818844559477134	0.0012775143234613612	0.02735557165258124	-0.007833461257563692	0.0021957721386094246
1,2,13	-0.002072979037777925	0.0012775023013673202	0.10466739680852508	-0.007087548545635445	0.002941590470079595
1,2,14	-0.0003028828779045728	0.0012775034689687034	0.8125887403220549	-0.00531745696893841	0.004711691213129265
1,2,15	-0.0012789331497997103	0.0012775139307314451	0.31678074382871163	-0.006293548306306688	0.0037356820067072673
1,2,16	0.0014628526314798204	0.0012775055904647803	0.2521824537648452	-0.0035517297870455034	0.006477435050005144
1,3,4	0.0044785290490443296	0.001277538917930301	0.00045621684671383686	-0.0005361841895133298	0.00949324228760199
1,3,5	-0.010746099639923946	0.001277537139331758	4.2108925546918854e-17	-0.01576080589696305	-0.005731393382884841
1,3,6	-0.004063053582635503	0.0012775108917985874	0.0014718886776111523	-0.009077656810443778	0.0009515496451727723
1,3,7	-0.003320069181828301	0.0012775360055357061	0.009359126449869618	-0.008334770988386885	0.001694632624730282
1,3,8	-0.012437033845544787	0.0012775319279178146	2.291827066393968e-22	-0.01745171964626266	-0.007422348044826915
1,3,9	-0.003972972647661664	0.0012775218772945248	0.0018731111190531545	-0.00898761899674878	0.0010416737014254515
1,3,10	-0.01823376932766343	0.0012775294857639231	4.485051773679598e-46	-0.023248445542214276	-0.013219093113112586
1,3,12	-0.0005064314702355396	0.0012775307347508177	0.6918020473128738	-0.005521112587424596	0.0045082496469535166
1,3,13	-0.0009141222311285502	0.0012775086812454978	0.4742740375042802	-0.005928716781870564	0.004100472319613463
1,3,14	0.00010300696957888256	0.001277512611546414	0.9357360087797388	-0.004911603008741703	0.005117616947899468
1,3,15	0.000600723889167841	0.0012775248375244835	0.6381976018264052	-0.00441393407968612	0.005615381858021802
1,3,16	-0.0035709130347812475	0.0012775166712107897	0.005189865161784868	-0.008585538948469753	0.0014437128789072575
1,4,5	-0.007862851571472013	0.001277538792735563	7.611642910548364e-10	-0.012877564318603773	-0.0028481388243402515
1,4,6	0.0022570995610216565	0.0012775153452342209	0.07727315401287067	-0.0027575211478216895	0.0072717202698650025
1,4,7	0.0036278992778367262	0.0012775421047502473	0.004517742515784935	-0.0013868264699196352	0.008642625025593088
1,4,8	0.004264731531554978	0.0012775341720178846	0.0008440312096593449	-0.0007499630779108481	0.009279426141020803
1,4,9	0.003902929937305592	0.0012775281881668996	0.0022519756998837463	-0.0011117411837980942	0.008917601058409278
1,4,10	-0.006153119023788088	0.0012775314093619481	1.4682862324221955e-06	-0.011167802789022789	-0.001138435258553388
1,4,12	0.0005776103171646306	0.00127753355172195	0.65117891587187	-0.004437081857458553	0.005592302491787814
1,4,13	-0.0011279230318964953	0.0012775098373736568	0.37729286736946044	-0.006142522120779072	0.003886676056986081
1,4,14	-0.000851696518460952	0.0012775111720368698	0.504978670392422	-0.005866300846286303	0.004162907809364399
1,4,15	0.0015825921367267938	0.001277524811600251	0.215430270884271	-0.0034320657303669863	0.006597250003820574
1,4,16	0.0005538101455964985	0.001277519258610958	0.6646513302344379	-0.004460825924393076	0.005568446215586073
1,5,6	-0.0036329310184884007	0.0012775145801023605	0.004461434421150856	-0.008647548723965809	0.0013816866869890074
1,5,7	-0.002488055143387761	0.0012775421876965705	0.0514796283346583	-0.007502781216732658	0.0025266709299571356
1,5,8	-0.015048820578548922	0.0012775304346607558	5.78750983195398e-32	-0.020063500517796873	-0.010034140639300972
1,5,9	-0.006354300537200491	0.0012775251945248763	6.595333544523596e-07	-0.011368959907385222	-0.0013396411670157597
1,5,10	-0.003067894156684998	0.0012775274139372737	0.016336739617804356	-0.008082562238711361	0.001946773925341365
1,5,12	-0.0030199661954949386	0.0012775333328440615	0.018089426596492306	-0.008034657510958507	0.00199472511996863
1,5,13	-0.0019019510865795324	0.0012775104139074393	0.13655120570788654	-0.006916552438525528	0.003112650265366463
1,5,14	-0.0006452992526089921	0.0012775077177206602	0.6134755247451471	-0.005659890021234711	0.004369291516016727
1,5,15	-0.001769788882067403	0.0012775234526258325	0.16596186813297784	-0.006784441414789829	0.0032448636506550227
1,5,16	-0.005465266605139279	0.0012775193371328563	1.8910033711593938e-05	-0.010479902983350229	-0.00045063022692832903
1,6,7	0.0011878434963856696	0.001277517308847999	0.3524784465213704	-0.0038267849202150445	0.006202471912986384
1,6,8	-7.827043409691474e-05	0.0012775092130224138	0.9511461575016352	-0.005092867072218578	0.004936326204024749
1,6,9	-0.00010770795567903099	0.0012775051960953953	0.9328095595802187	-0.00512228882618938	0.004906872914831318
1,6,10	-0.0018454588695440404	0.001277507840795112	0.14858642021816487	-0.006860050121272914	0.003169132382184833
1,6,12	-0.00014596647352763462	0.0012775151219075584	0.9090338977897646	-0.005160586305748629	0.004868653358693359
1,6,13	0.0009489223441773997	0.001277507533745313	0.45761307936501205	-0.004065667702291368	0.005963512390646167
1,6,14	0.000215336226705427	0.0012774957477280449	0.8661428590081184	-0.0047992075562045605	0.0052298800096154145
1,6,15	-0.0005065540644063043	0.0012775116648345959	0.6917269031400473	-0.005521160326606605	0.004508052197793997
1,6,16	0.0006204660077707008	0.0012775058354345032	0.6271935155266325	-0.004394117372332306	0.005635049387873708
1,7,8	0.00018498704468709014	0.0012775337477789713	0.8848695951514383	-0.0048297058995171414	0.005199679988891322
1,7,9	0.001598866704358987	0.0012775265813314326	0.21074920849111656	-0.0034157981094463654	0.006613531518164339
1,7,10	-0.007264354816744678	0.0012775278957880463	1.3098007620811499e-08	-0.012279024790176002	-0.0022496848433133532
1,7,12	-0.00043285978013112014	0.0012775335827142147	0.7347441028388852	-0.005447552076407991	0.00458183251614575
1,7,13	0.0008272046120247761	0.0012775189356738822	0.5173074106757105	-0.004187430190342492	0.005841839414392044
1,7,14	-0.0012049298795435079	0.0012775125627688692	0.3455937176895638	-0.006219539666397989	0.0038096799073109736
1,7,15	0.0017760093692666887	0.0012775288682098972	0.16448048505637552	-0.0032386644212043063	0.006790683159737684
1,7,16	-0.0009022949655046256	0.0012775222627527355	0.48001597923859896	-0.005916942827627755	0.004112352896618504
1,8,9	-0.0001750468955932366	0.0012775203206075254	0.8910151906231212	-0.005189687134229395	0.004839593343042922
1,8,10	-0.010241899099526334	0.0012775231989299966	1.1201761701441425e-15	-0.015256550636418537	-0.005227247562634132
1,8,12	-0.0021400833744150485	0.001277526041207476	0.09390909108979403	-0.007154746068076178	0.0028745793192460813
1,8,13	0.0009368107650177693	0.0012775045719780795	0.4633728858306564	-0.0040777676556499	0.005951389185685439
1,8,14	0.0003427184595850563	0.0012775100224613634	0.7884927137224285	-0.004671881355820806	0.005357318274990919
1,8,15	-0.00040914750160164076	0.001277517924791412	0.7487676283594347	-0.00542377833596008	0.004605483332756798
1,8,16	3.9304993700518126e-05	0.0012775154196174188	0.9754557515027702	-0.004975316007118596	0.005053925994519632
1,9,10	-0.006429457619710194	0.001277514302070471	4.860128246883588e-07	-0.011444074233831264	-0.0014148410055891247
1,9,12	0.001342513081210233	0.001277520293314697	0.2933243079939443	-0.003672127050293605	0.006357153212714071
1,9,13	-0.0014249321689112377	0.0012775034525566822	0.26468579806525167	-0.0064395061955231005	0.003589641857700625
1,9,14	0.000654165074336039	0.001277504206360312	0.6086091116960397	-0.004360411911175148	0.005668742059847226
1,9,15	0.0021737948329806495	0.0012775171626557072	0.08884424351655155	-0.0028408330097726376	0.0071884226757339366
1,9,16	-0.0009882110246561132	0.0012775115239003296	0.43920636695546533	-0.006002816733648273	0.004026394684336046
1,10,12	-5.6965054866416065e-05	0.0012775284895851344	0.964434354260829	-0.005071637359124675	0.004957707249391843
1,10,13	9.75133489343671e-05	0.0012775036449746333	0.9391561039436357	-0.004917061432974132	0.005112088130842866
1,10,14	-0.001275169128687817	0.001277505343388108	0.318203852829432	-0.0062897505773650665	0.0037394123199894326
1,10,15	-0.0020923742814516616	0.0012775150787229816	0.10146342502606175	-0.007106993944160584	0.0029222453812572605
1,10,16	-0.004379779690627576	0.001277511437315439	0.0006079844265914228	-0.00939438505974876	0.000634825678493608
1,12,13	0.00020525993764979392	0.0012775114227249623	0.8723529892150494	-0.00480934537419951	0.005219865249499098
1,12,14	-0.0001741707399057317	0.0012775111113248116	0.8915565313222568	-0.005188774829418529	0.004840433349607065
1,12,15	0.0007608356258247909	0.0012775239838335032	0.5514768410238089	-0.004253818992042832	0.005775490243692414
1,12,16	1.7967508773114593e-05	0.0012775145494918353	0.9887786691821436	-0.004996650076549046	0.005032585094095275
1,13,14	0.0003832702993842342	0.001277498958708654	0.7641667945694064	-0.00463128608756211	0.005397826686330579
1,13,15	0.000304384737971182	0.0012775078862666957	0.8116775009574444	-0.004710206692246934	0.005318976168189298
1,13,16	0.0010847823383050605	0.0012774977269370618	0.39580628930797856	-0.003929769213578161	0.006099333890188282
1,14,15	-0.0005380243203277121	0.0012775038802638851	0.6736463415803617	-0.0055526000258152184	0.004476551385159794
1,14,16	8.519765714026881e-05	0.001277502975323749	0.9468282984265488	-0.004929374496193	0.005099769810473538
1,15,16	-0.0017827347785052544	0.001277515243364928	0.16288368704434003	-0.006797355087481883	0.0032318855304713746
2,3,4	0.019194607669148732	0.001277541176731085	7.546711639319507e-51	0.014179885564138524	0.02420932977415894
2,3,5	-0.021538872291693698	0.0012775372108390023	1.6739936656040388e-63	-0.026553578829419614	-0.01652416575396778
2,3,6	0.00016860163581660162	0.0012775166663009326	0.8950040438235918	-0.004846024258599282	0.005183227530232485
2,3,7	-0.004685337449171718	0.001277535735423512	0.00024534833057351387	-0.009700038195461079	0.0003293632971176413
2,3,8	-0.025681673331388495	0.0012775356892582733	2.4971152746802916e-89	-0.030696373896465814	-0.020666972766311176
2,3,9	-0.006780237164883966	0.0012775222004879226	1.1197891594427063e-07	-0.011794884782599525	-0.0017655895471684058
2,3,10	-0.02142724511478515	0.001277529776817852	7.207881357466986e-63	-0.02644192247180764	-0.01641256775776266
2,3,12	0.0015329325821279386	0.001277527887526476	0.23017888106217269	-0.003481737358874311	0.006547602523130188
2,3,13	-0.0010668283467951192	0.0012775136191454975	0.40367788995951426	-0.006081442280236283	0.003947785586646045
2,3,14	-0.0002887276726424729	0.0012775182995368737	0.8211976642564635	-0.0053033599779862585	0.004725904632701313
2,3,15	0.0012422272654699432	0.0012775285531525377	0.3308750854977459	-0.0037724452883089324	0.006256899819248819
2,3,16	-0.008887192056528328	0.001277519019410742	3.552626797546578e-12	-0.013901827187587219	-0.0038725569254694364
2,4,5	0.011480223096375202	0.0012775412665216408	2.696307289018724e-19	0.006465500638910848	0.016494945553839558
2,4,6	0.0004193027140555073	0.0012775113668552346	0.7427486943909942	-0.0045953023784888036	0.005433907806599818
2,4,7	-0.00011902026159183246	0.0012775431796961134	0.9257743357448884	-0.005133750228824556	0.004895709705640891
2,4,8	0.0012712335772418273	0.0012775352919160805	0.3197110526639105	-0.0037434654281513786	0.006285932582635033
2,4,9	-0.0015141312537049062	0.0012775336147540922	0.23594765933715037	-0.00652882367574765	0.0035005611683378377
2,4,10	0.00025244900084126637	0.0012775330879272314	0.8433541049073159	-0.004762241353252239	0.005267139354934771
2,4,12	0.00219827546048389	0.0012775284903821598	0.08531035490563613	-0.002816396846902926	0.007212947767870706
2,4,13	-0.001141158408687045	0.0012775122257336427	0.37172137637180735	-0.0061557668725798625	0.0038734500552057727
2,4,14	-0.001478341970104137	0.001277516482075127	0.24719931576454393	-0.006492967141379947	0.0035362832011716734
2,4,15	-0.00034998787162909134	0.0012775304707443396	0.7841197594883621	-0.005364667952515643	0.00466469220925746
2,4,16	-0.00018433638215084418	0.0012775154798341823	0.8852701112476873	-0.0051989576193383355	0.004830284855036647
2,5,6	-0.002342425568543808	0.0012775089541437734	0.06672438788589856	-0.007357021190491228	0.002672170053403612
2,5,7	0.000750636411914786	0.0012775411759996093	0.5568295365706601	-0.004264085690224167	0.005765358514053739
2,5,8	-0.017167735028243907	0.0012775327492068663	4.666141225792285e-41	-0.022182424052761086	-0.012153046003726728
2,5,9	-0.0031112408099091375	0.001277531518336214	0.014882663872943219	-0.008125925002899647	0.0019034433830813716
2,5,10	-0.023273390302274623	0.0012775305249616829	8.848738374219365e-74	-0.028288070595980076	-0.01825871000856917
2,5,12	-0.0007232939396672662	0.0012775248957717052	0.57128342601961	-0.005737952137158579	0.004291364257824046
2,5,13	-0.0018788941914642948	0.0012775120967006518	0.1413699810933189	-0.006893502148864952	0.003135713765936362
2,5,14	-0.00023643589656511393	0.0012775123717333582	0.8531712004260633	-0.005251044933549441	0.004778173140419213
2,5,15	0.0010961854953911608	0.0012775302626501649	0.39087098946309606	-0.003918493768665	0.006110864759447322
2,5,16	-0.006523439959906705	0.0012775167774683475	3.3032984136971445e-07	-0.011538066290687148	-0.0015088136291262627
2,6,7	-0.00012987764762447708	0.0012775107810826228	0.9190235220799102	-0.005144480440840267	0.004884725145591313
2,6,8	-1.1251566587735379e-05	0.0012775115960028127	0.992972850348623	-0.005025857558603191	0.005003354425427721
2,6,9	-0.0005926818418867299	0.001277509717558182	0.6426972589824793	-0.005607280460458586	0.0044219167766851265
2,6,10	-0.0011392937895798178	0.001277507543898472	0.37250156603729667	-0.006153883875902699	0.0038752962967430636
2,6,12	-0.00028886098154714407	0.0012775123214979224	0.8211156833064852	-0.005303469821342719	0.004725747858248431
2,6,13	-0.0001511379972924231	0.0012775038257327497	0.9058249342101119	-0.0051657134887293015	0.004863437494144455
2,6,14	-0.0006182291480526713	0.0012774987231367067	0.6284337493810581	-0.005632784610310346	0.004396326314205003
2,6,15	-1.5272904666692455e-06	0.0012775086322880313	0.999046118628242	-0.005016121649036333	0.005013067068102994
2,6,16	6.251096136380106e-05	0.001277505339692779	0.9609737482998555	-0.0049520704728082034	0.0050770923955358056
2,7,8	-0.00026876233872328605	0.0012775338268242653	0.8333756320635284	-0.005283455593203375	0.004745930915756803
2,7,9	-0.0007843002693120067	0.0012775372779634355	0.5392753527639889	-0.005799007070520921	0.0042304065318969075
2,7,10	-0.0026615907017973044	0.0012775279823175215	0.03722347477187887	-0.007676261014882083	0.002353079611287474
2,7,12	-0.0006686257161140977	0.0012775307195661654	0.6007179848053291	-0.00568330677369896	0.004346055341470765
2,7,13	0.0002481935468978385	0.0012775113566582854	0.8459587095947939	-0.00476641150562047	0.005262798599416147
2,7,14	-0.0009980809308480706	0.0012775154980821006	0.4346511401718749	-0.006012702239663969	0.004016540377967828
2,7,15	-0.00027038352990306144	0.0012775332786459862	0.8323853459634871	-0.005285074632623361	0.004744307572817238
2,7,16	-0.0018922017282572978	0.0012775189258279673	0.13857548473726103	-0.006906836491976476	0.00312243303546188
2,8,9	-0.0013553188362858612	0.0012775282364303252	0.2887472114937063	-0.006369990146837584	0.0036593524742658612
2,8,10	-0.007452046223171638	0.0012775219610669218	5.489476177539504e-09	-0.012466692901089869	-0.0024373995452534065
2,8,12	-0.00210577284726521	0.0012775232857120526	0.09929591584849982	-0.007120424724802318	0.0029088790302718983
2,8,13	0.00012815504414986217	0.001277510297841934	0.9200938833735917	-0.004886445852205139	0.005142755940504863
2,8,14	0.0004145388589506388	0.001277512312538115	0.7455698682963836	-0.004600069945675076	0.005429147663576353
2,8,15	-0.0025942620885045734	0.0012775249048532018	0.042294290021933904	-0.0076089203216434115	0.0024203961446342646
2,8,16	0.0003365045334484604	0.0012775151611343532	0.7922397371051385	-0.004678115452749155	0.005351124519646076
2,9,10	-0.0010112699755339787	0.0012775231478499222	0.42860772630734556	-0.006025921311921975	0.004003381360854018
2,9,12	-9.350622691003604e-05	0.0012775213083184602	0.9416526136038287	-0.005108150342599982	0.00492113788877991
2,9,13	0.0003525885271523921	0.0012775058857516486	0.7825517080746354	-0.004661995050460101	0.005367172104764885
2,9,14	-0.0007079993900764216	0.0012775057971569639	0.579442804404015	-0.0057225826199289115	0.004306583839776068
2,9,15	-0.0008350711599826241	0.0012775266868229004	0.5133340226353377	-0.005849736387872786	0.004179594067907538
2,9,16	0.0002328095735117412	0.0012775095104737286	0.8553978452510439	-0.0047817882321931765	0.005247407379216659
2,10,12	-0.002102470644379347	0.0012775197542536732	0.09982625445308012	-0.007117108659911284	0.00291216737115259
2,10,13	0.0005298051823797723	0.001277504667252224	0.6783505557290876	-0.00448477361226673	0.005544383977026275
2,10,14	-0.0005422847321501327	0.001277511520144738	0.6712148467247516	-0.005556890426400499	0.004472320962100234
2,10,15	-0.0022375640147897988	0.0012775232889742532	0.07987181513360826	-0.007252215905131997	0.0027770878755524
2,10,16	-0.0027839598027538763	0.0012775136639701732	0.029323953466614865	-0.007798573912144979	0.0022306543066372263
2,12,13	8.95066485243623e-05	0.0012775120153127118	0.9441437512029797	-0.004925100989404868	0.0051041142864535925
2,12,14	8.410666839266806e-05	0.0012775108159350426	0.9475085146013462	-0.004930496261629044	0.00509870959841438
2,12,15	-0.0003869027702333317	0.0012775219972508242	0.7620030207812196	-0.0054015495901839445	0.004627744049717281
2,12,16	0.002247732365107488	0.001277506648582289	0.0785075520131825	-0.0027668542068379817	0.007262318937052958
2,13,14	0.0003084673977676762	0.0012775059522393286	0.8091996679281449	-0.004706116440828372	0.005323051236363724
2,13,15	-0.0009538152240167932	0.001277507239686764	0.45529714088977824	-0.0059684041162199036	0.004060773668186317
2,13,16	0.0004913968268063723	0.001277500000494759	0.7004955546383465	-0.00452316364945459	0.005505957303067335
2,14,15	-0.0018818482552437222	0.0012775076960309646	0.14074409487544562	-0.006896438938731053	0.003132742428243609
2,14,16	0.00025372541682797123	0.0012775077746691884	0.8425693368114616	-0.004760865575337347	0.005268316408993289
2,15,16	0.004386745771528491	0.0012775139925853586	0.0005959044238537372	-0.0006278696277731552	0.009401361170830139
3,4,5	-0.03912505350337195	0.0012775628098819238	4.8717935976381245e-203	-0.04413986052481514	-0.03411024648192876
3,4,6	0.004344001324907496	0.0012775269723815884	0.0006738894054293586	-0.000670665023883887	0.009358667673698879
3,4,7	0.026194904024369223	0.0012775617265163278	7.858018624684737e-93	0.021180101255452295	0.031209706793286152
3,4,8	0.06187708300472032	0.001277559387922669	0.0	0.05686228941546627	0.06689187659397437
3,4,9	0.022023704481610583	0.0012775499755317543	2.6961565414306654e-66	0.01700894783873888	0.027038461124482285
3,4,10	0.07454660781592193	0.0012775501920940895	0.0	0.06953185032297983	0.07956136530886403
3,4,12	-0.010780244582223701	0.0012775570756994724	3.3569730687072835e-17	-0.015795029095326638	-0.005765460069120766
3,4,13	-0.0003536086004090576	0.001277530558520685	0.7819425939971147	-0.005368289025843392	0.0046610718250252765
3,4,14	-0.0003770253917371666	0.0012775355980750496	0.7679046702957066	-0.0053917255988937115	0.004637674815419378
3,4,15	0.006879426667148717	0.0012775501452332828	7.301108065302626e-08	0.00186466935814897	0.011894183976148463
3,4,16	0.006293853236498611	0.0012775416028452235	8.41173548826239e-07	0.001279129458866002	0.01130857701413122
3,5,6	-0.003360344896765805	0.0012775286499310664	0.008533828778373827	-0.008375017830428662	0.0016543280368970506
3,5,7	-0.0008030695087489978	0.001277563334041035	0.5296189273381462	-0.005817878587669729	0.0042117395701717335
3,5,8	-0.03532590362404116	0.0012775624663161633	2.4444280772675396e-166	-0.04034070929688843	-0.030311097951193886
3,5,9	-0.012387310899602945	0.001277543760672254	3.3574340115597935e-22	-0.01740204314733664	-0.00737257865186925
3,5,10	-0.12113871332317673	0.0012775486115793688	0.0	-0.1261534646121371	-0.11612396203421635
3,5,12	-0.004332378230255042	0.0012775570033813303	0.0006968583894827846	-0.009347162459488155	0.0006824059989780709
3,5,13	-0.0031519660009610463	0.0012775319712876785	0.01362145072077268	-0.008166651971918296	0.0018627199699962037
3,5,14	-0.002788052800355552	0.0012775336042094034	0.029089368477447957	-0.007802745181007314	0.0022266395802962103
3,5,15	0.0014092229354812098	0.001277551575689486	0.2700070497105105	-0.0036055399884767645	0.006423985859439184
3,5,16	-0.024935504961380514	0.0012775415027267976	2.371613736985773e-84	-0.02995022834601907	-0.019920781576741958
3,6,7	-0.003090249401437998	0.0012775266148003456	0.015571702835329247	-0.008104914346618605	0.0019244155437426087
3,6,8	-0.004459934967751211	0.0012775252351808878	0.0004817302115431809	-0.009474594497522658	0.0005547245620202354
3,6,9	-0.004095350721765204	0.0012775199165992648	0.0013486456683266272	-0.009109989374550986	0.0009192879310205779
3,6,10	0.002090900706222948	0.001277518788972898	0.10170532747386601	-0.0029237335203001263	0.007105534932746022
3,6,12	-0.0013525287142875202	0.0012775247114695525	0.2897396640154191	-0.006367186188339075	0.0036621287597640344
3,6,13	-0.0006688608961615862	0.0012775121884253217	0.6005846270093813	-0.005683469213608352	0.00434574742128518
3,6,14	0.00010808059929836959	0.0012775086199972585	0.9325778302494687	-0.004906513711026423	0.005122674909623162
3,6,15	0.00012456344487681882	0.001277522682814289	0.9223268463970895	-0.004890086066110548	0.005139212955864185
3,6,16	-0.003417898934678581	0.0012775194797163486	0.007467398644630637	-0.008432535872571367	0.0015967380032142044
3,7,8	-0.02201269258579978	0.0012775573036451669	3.1305335102373643e-66	-0.027027477993656117	-0.016997907177943444
3,7,9	-0.005812822669954705	0.0012775421746215108	5.384142807854274e-06	-0.010827548691976175	-0.0007980966479332347
3,7,10	0.005562189086401555	0.0012775438280302842	1.3420315011070143e-05	0.0005474565742679257	0.010576921598535183
3,7,12	-0.009866294069593527	0.001277544718481427	1.1705630862999297e-14	-0.014881030077007864	-0.0048515580621791895
3,7,13	-0.001143072769322075	0.0012775252025717674	0.37092449463917676	-0.006157732171093204	0.003871586632449054
3,7,14	0.00026915647788265575	0.001277530295703829	0.8331344150706175	-0.004745522915918787	0.005283835871684099
3,7,15	-0.006851509679145703	0.0012775463219504494	8.240680197618079e-08	-0.011866251980644097	-0.0018367673776473088
3,7,16	-0.0054889272400815425	0.001277534877429258	1.7402766716993443e-05	-0.010503624618492958	-0.00047422986167012637
3,8,9	-0.016328371302473936	0.0012775398374821182	2.579343777381598e-37	-0.021343088150540947	-0.011313654454406925
3,8,10	-0.08749136175676094	0.0012775409915902224	0.0	-0.0925060831350392	-0.08247664037848267
3,8,12	-0.010148824232535356	0.0012775448348916589	2.0211981802536785e-15	-0.01516356069689384	-0.005134087768176872
3,8,13	0.0013371272193806443	0.001277525078456199	0.2952669051887703	-0.0036775316952006422	0.006351786133961931
3,8,14	-0.0025829820157444	0.0012775313544914368	0.043199719139284616	-0.007597665565596323	0.0024317015341075235
3,8,15	0.0012531050880409574	0.0012775464488446228	0.32666499028843254	-0.003761637711554114	0.006267847887636029
3,8,16	-0.026744937129857357	0.0012775351060066605	1.147413210825094e-96	-0.031759635405501814	-0.0217302388542129
3,9,10	0.007871207266448294	0.0012775344665833942	7.303166765346407e-10	0.0028565115007268427	0.012885903032169745
3,9,12	0.0014336833983022296	0.001277532398940553	0.2617736623040828	-0.0035810042513174083	0.0064483710479218675
3,9,13	-0.0007632801384029539	0.0012775120084013451	0.5501952195029676	-0.005777887749203053	0.004251327472397145
3,9,14	-0.0003586456168239889	0.0012775163870468505	0.7789142407585498	-0.00537327041508607	0.004655979181438092
3,9,15	-0.004586350891213346	0.0012775323605835687	0.0003311619597468791	-0.00960103839027062	0.0004283366078439302
3,9,16	-0.006682964137751685	0.0012775216037039657	1.6947557675684482e-07	-0.01169760941291598	-0.0016683188625873898
3,10,12	-0.009018676501325595	0.0012775366841701731	1.7058975832060106e-12	-0.014033380971722593	-0.004003972030928598
3,10,13	-0.0007729274285225244	0.0012775162172304203	0.5451676166454932	-0.0057875515602055375	0.004241696703160489
3,10,14	-0.0013364553065625812	0.0012775211062215858	0.2955081287381543	-0.0063510986289632915	0.003678188015838129
3,10,15	0.003389636749626077	0.0012775319986625985	0.007975549230122548	-0.001625049328785726	0.00840432282803788
3,10,16	-0.022532749026942446	0.001277525254551822	2.686131619732192e-69	-0.027547408632750466	-0.017518089421134427
3,12,13	-0.0019561579758868596	0.0012775212129189663	0.12572645803925972	-0.006970801717105939	0.0030584857653322196
3,12,14	-0.00039796333213919233	0.0012775218899662441	0.7554134878534349	-0.005412609730966506	0.004616683066688121
3,12,15	-0.003183105359299346	0.001277537068284656	0.012722100494654148	-0.008197811337457832	0.001831600618859141
3,12,16	-0.001076582307409965	0.0012775256520361116	0.39939752675288587	-0.006091243473459868	0.003938078858639938
3,13,14	0.00037736829132915123	0.001277515353822372	0.7676960730205052	-0.004637252451225195	0.005391989033883497
3,13,15	-0.002784934470998611	0.0012775165985594347	0.02926771430216222	-0.007799560099509337	0.002229691157512115
3,13,16	-0.004043471480632027	0.0012775124432546098	0.001551676205440866	-0.009058080798358147	0.0009711378370940932
3,14,15	-0.00035382212170320324	0.0012775180816998963	0.7818121777178584	-0.005368453571973253	0.004660809328566847
3,14,16	-0.0032152892201709957	0.0012775192531448063	0.011846686523348325	-0.008229925268704329	0.0017993468283623373
3,15,16	0.0036522172555744914	0.001277532632832555	0.004255137454863727	-0.0013624713121395413	0.008666905823288523
4,5,6	-0.008199974683305588	0.001277534390103614	1.394588806328868e-10	-0.013214670148821574	-0.0031852792177896024
4,5,7	-0.02684859842638814	0.0012775604707077138	2.151229490375522e-97	-0.03186339626588962	-0.021833800586886665
4,5,8	-0.032479844348108786	0.001277556211967032	3.498261487006764e-141	-0.03749462547080972	-0.02746506322540785
4,5,9	-0.0101148487207368	0.0012775474306531952	2.503191434745971e-15	-0.015129595374217163	-0.005100102067256436
4,5,10	-0.04907211024816867	0.001277553381383597	0.0	-0.05408688026000321	-0.044057340236334126
4,5,12	-0.008538369663186916	0.00127755346241243	2.3732302622737353e-11	-0.013553139993083288	-0.003523599333290544
4,5,13	0.0010488793880619098	0.0012775354105223273	0.41164220270052043	-0.003965820082895443	0.006063578859019263
4,5,14	0.002119548932418499	0.0012775345136955862	0.09710678163081564	-0.0028951470182320607	0.0071342448830690585
4,5,15	-0.007226236726575474	0.0012775545051865534	1.5598336269840748e-08	-0.012241011149664725	-0.002211462303486224
4,5,16	0.018078712958718882	0.001277544607502621	2.517009242683467e-45	0.01306397738692876	0.023093448530509004
4,6,7	-0.0009887215520091646	0.001277530396521489	0.4389767615451814	-0.006003401341549358	0.004025958237531028
4,6,8	0.002429631111356953	0.0012775247610746121	0.057202730437818906	-0.0025850265574089435	0.007444288780122849
4,6,9	-0.0004913581408481499	0.001277520889321888	0.7005226536508689	-0.0055060006118542205	0.004523284330157921
4,6,10	0.00034010430474692294	0.001277520022677081	0.7900697307740695	-0.0046745347644252585	0.005354743373919104
4,6,12	9.529692895519568e-05	0.0012775271502791243	0.940537548107466	-0.004919370118135954	0.005109963976046346
4,6,13	0.000313654070790724	0.0012775180913936575	0.8060567120880716	-0.004700977417530169	0.005328285559111617
4,6,14	0.0005056811495963067	0.001277503457581211	0.6922290617824488	-0.004508892896738298	0.005520255195930911
4,6,15	0.0007721073210383584	0.0012775203320286174	0.5455955252526326	-0.00424253296242892	0.005786747604505637
4,6,16	9.413305091905341e-05	0.0012775132661774526	0.941261814696962	-0.004920479497019482	0.005108745598857589
4,7,8	-0.0036193071691264112	0.0012775616489274367	0.004614498835744799	-0.00863410963348429	0.001395495295231467
4,7,9	-0.002065741181351808	0.0012775549937658725	0.10589914743955436	-0.0070805175222575295	0.0029490351595539135
4,7,10	0.007139911591300166	0.0012775511272950305	2.3056923401572323e-08	0.0021251504274213406	0.01215467275517899
4,7,12	-0.0019521390263583932	0.0012775550283739498	0.12651561655635327	-0.006966915503110922	0.003062637450394135
4,7,13	0.000524786287729017	0.0012775354526774383	0.6812364486178204	-0.004489913348699454	0.005539485924157488
4,7,14	0.00064269150767347	0.0012775349940105578	0.6149174266775266	-0.004372006328353584	0.005657389343700524
4,7,15	0.0004764166802587507	0.0012775534022438006	0.7092154246218177	-0.004538353413458184	0.005491186773975685
4,7,16	-0.000487948713704868	0.0012775411373943002	0.7025057013614778	-0.0055026706643067115	0.0045267732368969756
4,8,9	0.011149095009123226	0.0012775431949891424	2.7397202170085842e-18	0.006134364981860899	0.016163825036385554
4,8,10	-0.019562645334270094	0.0012775461757496157	9.677616530966773e-53	-0.02457738706188753	-0.014547903606652658
4,8,12	0.0013498322405936566	0.001277549242773216	0.29071154071524014	-0.0036649215259868485	0.006364586007174162
4,8,13	-0.00012385531848872755	0.0012775236777651877	0.9227670820562919	-0.005138508734948854	0.004890798097971399
4,8,14	-0.0009376052291850453	0.0012775288840900093	0.4630022790602266	-0.0059522790819901165	0.004077068623620026
4,8,15	0.0012056080246539078	0.0012775450223596362	0.34533457466528394	-0.0038091291755711198	0.006220345224878935
4,8,16	7.679927468674796e-05	0.0012775352049754795	0.9520642648847486	-0.004937899389439217	0.005091497938812713
4,9,10	-0.00720889066815875	0.0012775417240285464	1.6873367572305616e-08	-0.012223614921471282	-0.002194166414846218
4,9,12	0.0014800777447209323	0.001277540601184146	0.2466536938099697	-0.0035346421010995065	0.006494797590541371
4,9,13	0.0007234393815743539	0.0012775188421977443	0.5712042210493344	-0.004291195053871782	0.00573807381702049
4,9,14	0.0002633479442471446	0.0012775189609099476	0.8366827501817096	-0.004751286957179048	0.005277982845673337
4,9,15	0.0006773877383958998	0.0012775393904117644	0.5959572174543517	-0.004337327354789448	0.0056921028315812475
4,9,16	0.001421590704792336	0.001277528528905254	0.265817155684744	-0.003593081753808872	0.006436263163393544
4,10,12	0.007529766980090866	0.0012775460020441893	3.80884685159352e-09	0.002515025934317942	0.01254450802586379
4,10,13	-0.002044455520654312	0.0012775202757247907	0.10953499220259723	-0.0070590955831126324	0.0029701845418040086
4,10,14	-0.0010230701139170772	0.0012775224460214007	0.42323971606021904	-0.006037718695423224	0.00399157846758907
4,10,15	9.455321329676332e-05	0.0012775395796367172	0.9410013274559029	-0.004920162622651769	0.005109269049245297
4,10,16	-0.0016039318800234494	0.0012775246798230758	0.20930656310657098	-0.006618589229853343	0.0034107254698064445
4,12,13	-0.00041734028545564565	0.0012775313100672429	0.7439142190834217	-0.005432023660929638	0.004597343090018346
4,12,14	0.0007019613006356978	0.0012775237520649644	0.582686601470835	-0.004312692407472744	0.0057166150087441395
4,12,15	9.189343526590579e-05	0.0012775432271450709	0.9426582193477102	-0.004922836718217829	0.00510662358874964
4,12,16	0.0028082407225127146	0.0012775266829612934	0.02794300851948456	-0.002206424490219513	0.007822905935244942
4,13,14	-0.0007294538852704036	0.0012775145586279885	0.5680073226265283	-0.0057440715064546325	0.004285163735913825
4,13,15	-0.0007557014942070964	0.0012775220038976436	0.554164864773899	-0.005770348340248416	0.004258945351834223
4,13,16	0.000831708475932405	0.001277513285506387	0.5150272408188975	-0.004182904147877842	0.005846321099742652
4,14,15	0.0010655787249105667	0.0012775198784855508	0.404231119419014	-0.0039490597782677606	0.006080217228088894
4,14,16	0.00123258054496135	0.0012775161908410053	0.33463936556854523	-0.0037820434831355053	0.006247204573058205
4,15,16	-0.003332859072265708	0.0012775319012042557	0.009089547518182414	-0.008347544768125062	0.0016818266235936463
5,6,7	-0.0011763169509842637	0.0012775292789358236	0.3571748698811097	-0.006190992353674434	0.0038383584517059062
5,6,8	-0.002658377450633685	0.0012775235700468383	0.03745251163078138	-0.00767303044426784	0.0023562755430004707
5,6,9	-0.0017457858224349844	0.0012775179817416519	0.17177755107110354	-0.006760416880339742	0.0032688452354697733
5,6,10	-0.006154057322993626	0.0012775153319595045	1.462453939699106e-06	-0.011168677979729834	-0.001139436666257418
5,6,12	0.0019463596847750144	0.0012775267595263279	0.12763420058462085	-0.0030683058284973266	0.0069610251980473555
5,6,13	-0.0009365589876625374	0.0012775166673601648	0.46349730355321517	-0.0059511848862362155	0.004078066910911141
5,6,14	-0.00018840848732811638	0.0012775047034247347	0.8827527991002946	-0.005202987423962285	0.004826170449306052
5,6,15	0.0008615166037208542	0.001277521927602507	0.5000838898965281	-0.004153129942839779	0.005876163150281487
5,6,16	-0.0010244092031655768	0.0012775153630830123	0.42263050302277194	-0.00603902998207064	0.003990211575739486
5,7,8	-0.016711211371133627	0.0012775580391397416	5.3519563078025634e-39	-0.0217259996660209	-0.011696423076246354
5,7,9	-0.005890500246119034	0.0012775542087252326	4.02740457482529e-06	-0.010905273505511046	-0.0008757269867270216
5,7,10	-0.014905406730596787	0.00127755154663907	2.171061661627853e-31	-0.0199201695405234	-0.009890643920670177
5,7,12	-0.002641853956023923	0.0012775540525699753	0.03865743798066655	-0.007656626602460959	0.0023729186904131137
5,7,13	0.0009605355600841754	0.0012775360428000041	0.4521373350575757	-0.004054166392747656	0.005975237512916007
5,7,14	0.0006071123597068892	0.0012775337706243646	0.6346318716098013	-0.004407580674172181	0.0056218053935859595
5,7,15	-0.0008708073592012906	0.0012775567280555772	0.4954846154458106	-0.00588559050770044	0.004143975789297859
5,7,16	0.0015631053114257103	0.0012775413045479948	0.22113999481360666	-0.003451617295303186	0.006577827918154607
5,8,9	-0.007993934816738643	0.0012775438456142235	3.967277538557893e-10	-0.013008667397894368	-0.002979202235582919
5,8,10	-0.035182424236255457	0.0012775447448723774	5.0131847165510255e-165	-0.04019716034726198	-0.030167688125248934
5,8,12	-0.0016399508353922357	0.001277545846843531	0.19926575201063731	-0.006654691271957264	0.0033747896011727925
5,8,13	-0.004383455850203196	0.0012775243550769847	0.0006016503059423921	-0.009398111925309871	0.0006312002249034788
5,8,14	-0.0038567066532913634	0.001277527958046025	0.002539084986404419	-0.008871376871103431	0.0011579635645207042
5,8,15	-0.00040835008263502906	0.0012775441379913408	0.749245780149209	-0.0054230838114563	0.004606383646186242
5,8,16	-0.017581324239225794	0.0012775327529197893	5.722816041464156e-43	-0.02259601327831728	-0.012566635200134308
5,9,10	-0.007062919497287788	0.0012775350292233958	3.253970472301377e-08	-0.012077617471535513	-0.0020482215230400638
5,9,12	0.0008624929077177441	0.0012775383743016697	0.499603801714556	-0.004152218196938822	0.00587720401237431
5,9,13	-0.0018067236188143675	0.0012775156152482453	0.15729887928444103	-0.006821345387541591	0.0032078981499128563
5,9,14	7.306330856660798e-05	0.0012775167509057885	0.9543928751448247	-0.004941562917948035	0.005087689535081251
5,9,15	-0.0028615726255827156	0.0012775409900097278	0.025103808011980845	-0.007876293997657081	0.002153148746491651
5,9,16	-0.004800268309323001	0.0012775280435312543	0.0001719466702559956	-0.009814938862689552	0.00021440224404354995
5,10,12	-0.007764005250971737	0.0012775402315277947	1.2359386927106257e-09	-0.012778723645783073	-0.0027492868561604013
5,10,13	-0.0036281080165525767	0.0012775145793779826	0.004514564025801007	-0.008642725719186591	0.0013865096860814375
5,10,14	-0.0001862572628025909	0.0012775182873077445	0.8840832230115266	-0.005200889520143474	0.004828374994538292
5,10,15	-0.0010234444965089885	0.001277537637514897	0.4230755743805552	-0.006038152709062362	0.003991263716044385
5,10,16	-0.013623407209560696	0.0012775252456984727	1.6635059987129552e-26	-0.018638066780616733	-0.008608747638504659
5,12,13	-0.0011135942465553272	0.0012775301145511024	0.38339087253226745	-0.006128272929279429	0.0039010844361687747
5,12,14	0.0013171932451926088	0.0012775234663869918	0.3025241723720209	-0.003697459341546385	0.006331845831931603
5,12,15	-0.0031052324890621626	0.001277542521012405	0.015078068950726426	-0.008119959870769024	0.001909494892644699
5,12,16	0.0007335145687781194	0.001277528250938365	0.5658588249226799	-0.0042811567987218946	0.005748185936278133
5,13,14	-0.000864669522195799	0.0012775114112830097	0.49851300771000384	-0.0058792747891320985	0.004149935744740501
5,13,15	0.0036541504990585012	0.0012775221626067006	0.004234576153832304	-0.0013604969699622027	0.008668797968079206
5,13,16	-0.0029081657297926958	0.0012775117867576105	0.022826870544580616	-0.007922772470576427	0.002106441010991034
5,14,15	0.0006359952256798484	0.001277522504242707	0.618603865476999	-0.004378653584361923	0.00565064403572162
5,14,16	-0.001897803334400934	0.001277516442499045	0.13741034926656362	-0.006912428350329068	0.0031168216815271998
5,15,16	0.010738071981371274	0.001277533261849803	4.4411056344663325e-17	0.005723380944580898	0.01575276301816165
6,7,8	0.0005963290531988651	0.0012775221612938027	0.6406563940451514	-0.004418318410668331	0.005610976517066061
6,7,9	-0.000595297054048434	0.0012775233557309822	0.6412348207453026	-0.005609949206430284	0.004419355098333416
6,7,10	-0.0026153352302308343	0.0012775148198370821	0.0406460586301403	-0.007629953876737017	0.0023992834162753487
6,7,12	3.065439974804171e-05	0.001277527308468294	0.9808566639723306	-0.004984013268281784	0.005045322067777867
6,7,13	-0.000856923894440878	0.0012775209320639467	0.5023713077557708	-0.005871566533222008	0.004157718744340252
6,7,14	-0.00029559463535876705	0.0012775092728686463	0.8170183180548376	-0.005310191508394366	0.004719002237676832
6,7,15	-0.0002413869293740531	0.001277519099893886	0.850133388360832	-0.005256022376352781	0.004773248517604675
6,7,16	-0.0006148203580073758	0.0012775152775789246	0.630333141515138	-0.005629440801283931	0.0043998000852691795
6,8,9	1.639404108783049e-05	0.001277513878277299	0.9897612922747944	-0.004998220909521309	0.00503100899169697
6,8,10	-0.007183975335818472	0.0012775132831754914	1.8878633015514625e-08	-0.012198587950479274	-0.002169362721157671
6,8,12	-0.002498059284964691	0.0012775200658876448	0.0505448728646919	-0.0075126985237509505	0.0025165799538215683
6,8,13	-5.85333041473032e-05	0.0012775114713029047	0.9634554205249803	-0.0050731388066792135	0.004956072198384607
6,8,14	0.00038573682266030904	0.001277504478589218	0.7626955127440558	-0.0046288412314288135	0.0054003148767494315
6,8,15	-0.00033073308661192916	0.0012775158835632496	0.795723589016437	-0.005345355908553881	0.004683889735330023
6,8,16	0.00023902618047665948	0.0012775140279570442	0.85158138372153	-0.00477558935766918	0.005253641718622499
6,9,10	-0.0004190740334391388	0.0012775125007921549	0.7428842528146622	-0.005433683577016922	0.004595535510138644
6,9,12	-0.0014897924878559832	0.0012775172535644348	0.2435575011318649	-0.0065044206874525674	0.003524835711740601
6,9,13	0.0004517201833633931	0.0012775118974649678	0.723645707885924	-0.004562886991979036	0.005466327358705822
6,9,14	-0.00020218024334136414	0.0012775040255798488	0.874251408416285	-0.005216756519236454	0.004812396032553725
6,9,15	-6.331498050911322e-05	0.0012775163820980576	0.9604725403233181	-0.005077939759345737	0.004951309798327511
6,9,16	-0.0006089051984056529	0.0012775084431521904	0.6336253270227785	-0.005623498814561922	0.004405688417750616
6,10,12	3.226380787830184e-05	0.0012775142956198994	0.9798516094181926	-0.004982352780922391	0.0050468803966789945
6,10,13	-0.0011328394720520607	0.0012775066377746966	0.3752157571628221	-0.006147426001574575	0.0038817470574704534
6,10,14	0.0006653200405022618	0.0012775019142708243	0.6025113136309551	-0.0043492479478884965	0.00567988802889302
6,10,15	-0.0010436339055279464	0.0012775107222145132	0.413975815388424	-0.006058236467669219	0.003970968656613326
6,10,16	-0.0007009796966034355	0.0012775057478931948	0.5832085641714793	-0.005715562733081249	0.004313603339874378
6,12,13	0.0003455777726694975	0.0012775225709449633	0.7867725918095676	-0.004669071299198105	0.0053602268445371
6,12,14	0.0005975827608186088	0.00127750676138818	0.6399503409461773	-0.004417004253922918	0.005612169775560135
6,12,15	-0.0010978975030188501	0.0012775194146703286	0.39012745587852204	-0.0061125341855870164	0.003916739179549316
6,12,16	0.0014090572054081887	0.0012775159744915796	0.270050035814457	-0.0036055659734540056	0.006423680384270383
6,13,14	0.0005621692940888101	0.001277505218854932	0.659902091687682	-0.004452411665759365	0.005576750253936985
6,13,15	0.0002035266440380025	0.0012775090543957965	0.8734215291295037	-0.004811069371427877	0.005218122659503882
6,13,16	0.0006817173100342015	0.0012775042989844575	0.5935997915097553	-0.004332860039053799	0.005696294659122202
6,14,15	0.0006766357621520794	0.0012775032232427558	0.5963549351312121	-0.004337937364335673	0.0056912088886398315
6,14,16	-0.00028056771077979853	0.0012775026900860847	0.8261669458331415	-0.005295138744471958	0.0047340033229123606
6,15,16	0.00027956562252267475	0.0012775162209708183	0.8267797553861648	-0.004735058523842492	0.005294189768887842
7,8,9	-0.00024304353591282982	0.001277540726162498	0.8491197041381965	-0.005257763872309787	0.004771676800484128
7,8,10	-0.01078647196015818	0.0012775401333305926	3.217068404141227e-17	-0.015801189969516828	-0.005771753950799531
7,8,12	0.0013536639957758348	0.0012775374722006788	0.28933984000151924	-0.0036610435678709674	0.006368371559422637
7,8,13	-6.077371392051653e-05	0.0012775257961026144	0.9620581076284851	-0.005075435445473505	0.004953888017632472
7,8,14	0.0027235379625481677	0.0012775253861696477	0.033023836110551055	-0.0022911221598982436	0.007738198084994579
7,8,15	-0.004399533599570536	0.001277543209359819	0.0005744489047868844	-0.009414263683241966	0.0006151964841008923
7,8,16	0.007410113338248325	0.0012775345439616768	6.680842982490124e-09	0.0023954172687945226	0.012424809407702127
7,9,10	-0.013085992745171596	0.0012775347986209247	1.3860913356651656e-24	-0.018100689814237295	-0.008071295676105896
7,9,12	-0.00404922895000286	0.0012775362884841727	0.0015281303595362306	-0.009063931867216782	0.0009654739672110627
7,9,13	0.0002150114406168132	0.0012775185490513988	0.8663452147151156	-0.00479962184414433	0.005229644725377957
7,9,14	-0.00034326693027359606	0.001277520176387717	0.7881639326990456	-0.005357906602804901	0.0046713727422577084
7,9,15	-0.0009626848303833889	0.001277537011494526	0.4511265106123675	-0.005977390585624036	0.004052020924857258
7,9,16	0.0008528747107577339	0.001277526707260062	0.504394824067542	-0.004161790597354254	0.005867540018869722
7,10,12	0.0017245950974183483	0.0012775390133098845	0.17704625019842413	-0.003290118515532023	0.00673930871036872
7,10,13	-0.0009078860593691208	0.001277515918453782	0.47729692360353393	-0.005922509018266599	0.004106736899528357
7,10,14	-0.0013255606734088564	0.0012775176747833034	0.29946110830285216	-0.006340190526412478	0.003689069179594765
7,10,15	-0.00367606513106946	0.001277534531537098	0.00401144883308298	-0.008690761151753164	0.0013386308896142429
7,10,16	-0.004238592487206948	0.0012775223972995365	0.0009082310894428357	-0.009253240877465553	0.0007760559030516572
7,12,13	3.90532818152281e-05	0.0012775279847151494	0.9756131252277773	-0.004975617040680939	0.005053723604311396
7,12,14	-0.0015035385374770303	0.0012775257299156326	0.23923838084186014	-0.006518200009226791	0.0035111229342727306
7,12,15	0.0010083812250827762	0.001277540054568276	0.4299338998780218	-0.004006336475110785	0.0060230989252763375
7,12,16	0.0011343244900534066	0.0012775289062442326	0.37459844018470567	-0.003880349449713459	0.006148998429820272
7,13,14	0.0012816451255642687	0.0012775153383593587	0.3157561876504735	-0.003732975556293236	0.006296265807421773
7,13,15	0.006352817111325255	0.0012775213827973346	6.634436246594724e-07	0.0013381727032839826	0.011367461519366528
7,13,16	-0.0016798675973278727	0.0012775164706168086	0.1885368227623253	-0.006694492723626438	0.0033347575289706926
7,14,15	0.00023156746857667942	0.001277520412084315	0.8561621171674707	-0.0047830731291325845	0.005246208066285943
7,14,16	-0.0025919192223650064	0.0012775140426320027	0.04247904109287556	-0.007606534818114343	0.0024226963733843298
7,15,16	0.004711029995952569	0.0012775299205354032	0.00022674541183533356	-0.00030364792520326967	0.009725707917108407
8,9,10	-0.008823303386192315	0.0012775248508326183	5.057993812310041e-12	-0.01383796140728459	-0.00380864536510004
8,9,12	0.00892969381870088	0.001277528489467727	2.8061961121641878e-12	0.00391502151490348	0.01394436612249828
8,9,13	-0.0010527140022228536	0.0012775112382643365	0.40992579090009673	-0.0060673185900103465	0.003961890585564639
8,9,14	0.00033012328192252773	0.0012775164766170308	0.796092008696894	-0.004684501867928661	0.0053447484317737165
8,9,15	0.004351892468350818	0.0012775315822167715	0.0006588588411932169	-0.0006627919753895298	0.009366576912091164
8,9,16	-0.0006524879856776369	0.0012775272119021697	0.6095345970116194	-0.005667155274657232	0.004362179303301958
8,10,12	0.028797288606699604	0.0012775335423358032	1.2083132744125864e-111	0.023782596468919788	0.03381198074447942
8,10,13	-0.00229869306436558	0.001277516989151901	0.0719736192563406	-0.007313320226065772	0.0027159340973346123
8,10,14	-0.0016552248493040978	0.0012775156353688985	0.19510226566258837	-0.00666984669701076	0.0033593969984025644
8,10,15	-0.00303222967929943	0.0012775340705869988	0.01762615801988034	-0.008046923890619416	0.001982464532020556
8,10,16	-0.005943597839851026	0.0012775246260054052	3.2935110953367833e-06	-0.01095825497843085	-0.0009289407012712005
8,12,13	0.003837260503265433	0.0012775195440253059	0.0026694120819377963	-0.0011773766870587848	0.008851897693589652
8,12,14	0.0006649944251114464	0.0012775210080090372	0.6026943212638103	-0.004349648511776337	0.00567963736199923
8,12,15	-0.00017106937421669521	0.0012775333667840658	0.8934777519940392	-0.005185760822904689	0.004843622074471299
8,12,16	-5.7033572807414085e-05	0.001277525558011238	0.9643915224082722	-0.005071694369782238	0.0049576272241674095
8,13,14	0.0002619036853836673	0.0012775110436311712	0.8375649130601314	-0.0047527001384118275	0.005276507509179162
8,13,15	-0.0021801666442427875	0.001277514103282194	0.08791178057715131	-0.007194782478061832	0.0028344491895762568
8,13,16	0.0064351127990586	0.0012775116627227186	4.748932251156027e-07	0.0014205065451480346	0.011449719052969166
8,14,15	-0.0034561689645044684	0.001277518825602371	0.00682631527815989	-0.00847080333480892	0.0015584654057999824
8,14,16	-0.0006181123427892697	0.0012775138555105971	0.6285027092003239	-0.005632727204032457	0.004396502518453918
8,15,16	0.0074418137371067335	0.0012775308093522745	5.760452705058948e-09	0.0024271323270851795	0.012456495147128287
9,10,12	-0.013708205183729208	0.0012775258675763212	8.149672914110233e-27	-0.018722867195837364	-0.008693543171621054
9,10,13	0.002201665477357888	0.0012775102608344636	0.0848252531384444	-0.0028129352737319875	0.007216266228447763
9,10,14	0.0005981604438380448	0.0012775083627145183	0.6396273892619387	-0.004416432856576877	0.005612753744252966
9,10,15	-0.008744135044585509	0.0012775251186733544	7.807509672522468e-12	-0.013758794117030872	-0.0037294759721401465
9,10,16	0.0009947397706789058	0.0012775171680663331	0.43619119212920043	-0.004019888093312668	0.006009367634670479
9,12,13	0.0026163381868591126	0.001277513754878249	0.0405688967640206	-0.0023982762793727285	0.007630952653090954
9,12,14	-0.0006475784109118508	0.001277512033634212	0.6122243203921802	-0.005662186120758318	0.004367029298934616
9,12,15	0.004681837526632639	0.001277527728071345	0.0002479660958459602	-0.00033283178846166793	0.009696506841726946
9,12,16	-0.00014332909965724533	0.00127751881448608	0.9106708143149791	-0.005157963426327008	0.0048713052270125175
9,13,14	0.0008290855038867659	0.0012775035142391386	0.5163502504379084	-0.004185488764846747	0.005843659772620279
9,13,15	0.003635833932613016	0.0012775102962797166	0.004429597322739193	-0.0013787669576098257	0.008650434822835857
9,13,16	-0.0011288505636846522	0.0012775070506941433	0.37689964520744434	-0.00614343871403655	0.003885737586667245
9,14,15	0.0010154198108050612	0.0012775115186400715	0.42671130237348043	-0.003999185877539049	0.006030025499149171
9,14,16	0.0010722116443500369	0.0012775085853902212	0.4013078197853671	-0.003942382530132031	0.006086805818832104
9,15,16	-0.0017380648187817344	0.0012775181842249095	0.17368099247730595	-0.0067526966714923945	0.003276567033928926
10,12,13	0.004316112088391652	0.0012775160481615178	0.0007296418408706068	-0.0006985113796465579	0.009330735556429862
10,12,14	0.0022029512014115973	0.0012775149424679721	0.08464467430641383	-0.0028116679264566314	0.007217570329279826
10,12,15	-0.003995088502869063	0.0012775245848542097	0.0017663132524645918	-0.009009745479918431	0.0010195684741803046
10,12,16	0.0012226877943330942	0.0012775166591372082	0.3385332478806389	-0.0037919380719630786	0.006237313660629267
10,13,14	-0.0016452200993256824	0.0012775099034099079	0.19781321398839705	-0.006659819447419824	0.0033693792487684594
10,13,15	0.001867664379948921	0.0012775125223224344	0.1437636560110889	-0.003146945248141495	0.006882274008039337
10,13,16	0.0028780558313951585	0.0012775051710319878	0.024273945355052073	-0.0021365249407339984	0.007892636603524315
10,14,15	0.0005672433852941978	0.001277513427215892	0.6570300619992431	-0.004447369794767229	0.005581856565355625
10,14,16	0.0004966887067795085	0.0012775120006877341	0.6974312928879396	-0.0045179188737424145	0.0055112962873014315
10,15,16	0.006881908519179088	0.0012775247106583388	7.218432720857567e-08	0.0018672510483117837	0.011896565990046392
12,13,14	0.0008287088600455669	0.0012775122228854269	0.5165436927173099	-0.004185899592667172	0.005843317312758306
12,13,15	0.0022192426652923834	0.001277515012218608	0.08236927483841996	-0.0027953767363674553	0.007233862066952222
12,13,16	-0.00032798720193265296	0.0012775104997698055	0.7973816487599386	-0.005342588890913504	0.004686614487048198
12,14,15	-0.0037273764767487595	0.0012775145225329835	0.003528927939483173	-0.008741993956249555	0.0012872410027520362
12,14,16	-0.0007714851191078231	0.0012775074411508103	0.5459152489661211	-0.005786074802116134	0.004243104563900488
12,15,16	-0.0013433384985157074	0.0012775234872763306	0.2930288349221371	-0.006357991167251455	0.0036713141702200405
13,14,15	-0.0011239195375813797	0.0012775062622414745	0.3789871857018412	-0.0061385045930263575	0.003890665517863598
13,14,16	0.0011620281707492158	0.0012775014929854694	0.36303504823586885	-0.0038525381639735274	0.006176594505471959
13,15,16	-0.024008277581625846	0.0012775140789406988	2.277802035034699e-78	-0.029022893319897415	-0.018993661843354277
14,15,16	-0.0022010752307220285	0.001277510816150089	0.08490891720370405	-0.007215678161587862	0.0028135277001438046
