Params: 	17
Performance: 	0.7519125683952467
Term	Coefficient	Standard Error	p-value	95% CI lower	95% CI upper
Intercept	6.893060432087131
1	0.06302306152989985	0.0021008397994163918	2.2735147582629186e-196	0.05677530432835453	0.06927081873144517
2	0.08209773012878656	0.0021008384953251826	0.0	0.07584997680552137	0.08834548345205175
3	0.19976893071431592	0.0021009270901062864	0.0	0.19352091391609094	0.2060169475125409
4	0.00974661204751995	0.0021009492487767327	3.5053534087787912e-06	0.003498529350889538	0.015994694744150363
5	0.22295453321530495	0.0021008976978288377	0.0	0.21670660382774934	0.22920246260286056
6	0.023447118565020568	0.0021008341308654758	6.7355891153818e-29	0.017199378221366943	0.029694858908674193
7	0.08021317355661371	0.002100871006607205	0.0	0.07396532354696794	0.08646102356625948
8	0.13163523954377404	0.0021008895992057756	0.0	0.12538733424098233	0.13788314484656575
9	0.04992704123424746	0.0021008622374701345	2.633143341434632e-124	0.04367921730342945	0.05617486516506547
10	0.1616276848559731	0.0021008639403054087	0.0	0.15537985586103675	0.16787551385090943
11	0.8322325348145838	0.0021010878282399486	0.0	0.8259840399918886	0.838481029637279
12	0.026441550893027372	0.0021008485611573135	2.7768350086764688e-36	0.02019376763464994	0.0326893341514048
13	0.007001651761573951	0.0021008343567339555	0.0008602630568691065	0.0007539107462025581	0.013249392776945344
14	0.007508980401480149	0.0021008341143100846	0.00035144168045937615	0.001261240107061151	0.013756720695899147
15	0.022301284181666492	0.0021008488257913947	2.657432933931518e-26	0.016053500136284985	0.028549068227048
16	0.10339653353294259	0.002100847496875953	0.0	0.09714875343966682	0.10964431362621836
