Params: 	137
Performance: 	0.9038728057052681
Term	Coefficient	Standard Error	p-value	95% CI lower	95% CI upper
Intercept	6.8886170131405615
1	0.06336182526619137	0.0013090940286555582	0.0	0.05869570056456776	0.06802794996781499
2	0.08185510431977736	0.001309099986923448	0.0	0.07718895838054943	0.08652125025900528
3	0.20156776457216047	0.0013092320215925305	0.0	0.19690114800957212	0.20623438113474882
4	0.010340018282152677	0.0013092746464400448	2.8897455892899326e-15	0.005673249787885221	0.015006786776420134
5	0.22456847533154375	0.0013091897517983509	0.0	0.21990200943508514	0.22923494122800236
6	0.02330804000729934	0.0013090869338620629	9.586757475214845e-71	0.018641940594303172	0.02797413942029551
7	0.08051680064595244	0.0013091219349975192	0.0	0.07585057647517787	0.08518302481672702
8	0.13350413045355977	0.0013091485068066312	0.0	0.12883781157043286	0.13817044933668668
9	0.05089216117544011	0.0013091125889209073	0.0	0.046225970317749235	0.05555835203313099
10	0.16276161364296987	0.0013091523537774215	0.0	0.15809528104772982	0.16742794623820992
11	0.828149175619984	0.0013092635147690195	0.0	0.8234824468033592	0.8328159044366088
12	0.026033652970576814	0.0013091110854402043	9.77101846123711e-88	0.021367467471881008	0.03069983846927262
13	0.006953109238402119	0.0013090815060977634	1.0912131688423016e-07	0.0022870291720873317	0.011619189304716906
14	0.007632448057480618	0.0013090833722540491	5.556537307526678e-09	0.0029663613394526984	0.01229853477550854
15	0.022086198319942938	0.0013091115233830543	1.0057719605031461e-63	0.017420011260246997	0.02675238537963888
16	0.10326116703228341	0.0013091090140684557	0.0	0.09859498891676916	0.10792734514779767
1,2	0.03731196298723495	0.0013089561950035175	1.289169762869491e-177	0.032646329578822075	0.041977596395647826
1,3	0.0008141405344649319	0.0013090161829722874	0.53397799015823	-0.003851706694603104	0.005479987763532968
1,4	0.0003301304381767359	0.001309027386442336	0.8008909831881821	-0.004335756724453897	0.004996017600807368
1,5	0.01339028158250213	0.0013089947076303666	1.528284025614299e-24	0.008724510899977903	0.018056052265026358
1,6	-0.0008642320551416544	0.0013089514431998215	0.5090973059152231	-0.0055298485262619285	0.0038013844159786193
1,7	-2.5536979419379577e-05	0.0013089740824490652	0.9844349934585048	-0.004691234145705783	0.004640160186867024
1,8	-0.004882411195818701	0.0013089858209874281	0.00019170525325388484	-0.00954815020286109	-0.00021667218877631077
1,9	-0.002562256967970566	0.001308966948718912	0.05029713193393222	-0.007227928706844	0.0021034147709028685
1,10	0.0015090099249267	0.0013089710734988757	0.24898795366424717	-0.0031566765162807583	0.006174696366134158
1,11	0.048710139811385084	0.001309112054858274	7.631936222797159e-300	0.04404395085730295	0.05337632876546722
1,12	-0.0010864325564556	0.0013089586453979042	0.40654320372455865	-0.005752074699035405	0.003579209586124205
1,13	0.0001804820547528089	0.0013089464195794717	0.8903329570242329	-0.0044851165102136725	0.004846080619719291
1,14	0.0012195342358126175	0.001308947263684509	0.35149978615568445	-0.0034460673378753767	0.005885135809500611
1,15	0.00022969678886404997	0.001308957645997709	0.860702494728398	-0.004435941791461375	0.004895335369189476
1,16	0.0024779326650201917	0.0013089613447949196	0.0583553494074132	-0.0021877190992696037	0.0071435844293099866
2,3	-0.006729933480511553	0.001309023430261938	2.738045847940766e-07	-0.011395806541763158	-0.0020640604192599474
2,4	-0.004172330595290299	0.0013090295180623519	0.001436531449046818	-0.008838225355850944	0.000493564165270347
2,5	-0.016869686480445723	0.0013089996277120838	5.89985646519646e-38	-0.021535474700071437	-0.01220389826082001
2,6	0.0019986024746208794	0.0013089513264005867	0.1267974925800795	-0.0026670135801810987	0.0066642185294228575
2,7	0.007971962043297533	0.0013089743850584247	1.1337980312552485e-09	0.0033062637983926526	0.012637660288202414
2,8	0.0015336129183967807	0.0013089971784821155	0.24136452588116894	-0.003132166571212445	0.006199392408006006
2,9	0.002709784267272819	0.0013089750236020138	0.038441583088757815	-0.001955916253651926	0.007375484788197564
2,10	-0.0006067635874653581	0.0013089779291420216	0.6429789377274	-0.005272474464874592	0.004058947289943876
2,11	0.062163548208549725	0.0013091218691051332	0.0	0.05749732427264147	0.06682977214445798
2,12	0.004454533960327712	0.0013089569697427098	0.0006666218462714011	-0.00021110220955958704	0.009120170130215013
2,13	0.00020528442979173938	0.0013089482613082648	0.8753780710679561	-0.004460320699818708	0.004870889559402187
2,14	0.0006641865881801818	0.0013089441580919413	0.6118607422016532	-0.004001403915957515	0.005329777092317878
2,15	0.0009608611278700352	0.0013089640448211855	0.46291345191163136	-0.0037048002603726456	0.005626522516112716
2,16	0.009066332619086086	0.001308957596228995	4.35786251685218e-12	0.004400694216155883	0.013731971022016289
3,4	-0.028728213626139313	0.0013091594915963856	2.425604241855907e-106	-0.03339457166336644	-0.024061855588912183
3,5	-0.09181453498793839	0.0013090920048152033	0.0	-0.09648065247580098	-0.08714841750007579
3,6	0.001822831337778182	0.0013090039172132563	0.16376581445823565	-0.0028429721713125675	0.006488634846868931
3,7	0.0009833480220441068	0.0013090504737339967	0.45253995728957586	-0.0036826214327516055	0.0056493174768398186
3,8	-0.04268596611547465	0.0013091137251993337	2.5306473522492496e-231	-0.04735216102330762	-0.038019771207641676
3,9	-0.0037068188596903564	0.0013090419267181024	0.004631506928638582	-0.008372757849568258	0.0009591201301875451
3,10	-0.05722539332464911	0.0013090781704292412	0.0	-0.06189146150133264	-0.05255932514796559
3,11	0.16396898144617328	0.0013092501424436462	0.0	0.15930230029376238	0.16863566259858417
3,12	0.005209403024053345	0.001309026467151276	6.910649012765289e-05	0.0005435191381367062	0.009875286909969984
3,13	-0.0008846278052555649	0.0013090031102285635	0.49916835884100463	-0.005550428437936273	0.0037811728274251425
3,14	-0.0002134552289565702	0.001309000844686791	0.870465959668491	-0.004879247786357585	0.004452337328444444
3,15	0.0024431354202503626	0.0013090168141208108	0.061991407195397884	-0.002222714058478623	0.007108984898979348
3,16	0.005505763267529399	0.0013090363890470756	2.603192471126356e-05	0.0008398440160835748	0.010171682518975224
4,5	0.1858324603746579	0.0013091269202120223	0.0	0.18116621843462302	0.19049870231469276
4,6	0.0009554809311282394	0.0013090215599968497	0.4654417781242468	-0.0037103854637648495	0.0056213473260213285
4,7	0.011034155900427238	0.0013090659430280063	3.5562060841499785e-17	0.006368131306998766	0.01570018049385571
4,8	-0.019630010685689137	0.0013091121755715786	9.656830176433764e-51	-0.024296200070040845	-0.014963821301337431
4,9	-0.0010449048125258768	0.0013090587255283473	0.42475111074237526	-0.005710903679953997	0.0036210940549022443
4,10	-0.021494543737116144	0.001309073076619868	1.8359115114053344e-60	-0.026160593757464663	-0.016828493716767624
4,11	-0.020810603154297794	0.0013092867730592182	8.856077403873791e-57	-0.025477414872593498	-0.01614379143600209
4,12	0.0021205337171719594	0.0013090403094813794	0.10525547908782792	-0.0025453995082397878	0.006786466942583707
4,13	-0.0015022988089821393	0.0013090167550276887	0.2511155299571378	-0.006168148077080054	0.003163550459115776
4,14	-0.001027341571603245	0.0013090164303795665	0.43256231046342686	-0.005693189682527886	0.0036385065393213963
4,15	0.0009339202523413936	0.001309033982806767	0.475574670395442	-0.003731990422319955	0.005599830927002743
4,16	0.004186067958140803	0.0013090415573545826	0.0013854167304252574	-0.00047986971518060566	0.008852005631462212
5,6	0.0007283484645704805	0.0013089853546513813	0.5779242211231213	-0.003937388880267286	0.005394085809408247
5,7	0.011052815947830382	0.0013090287501039276	3.1420628801031275e-17	0.0063869239245748465	0.01571870797108592
5,8	-0.03309776369154758	0.0013090483249557632	2.3330391081170994e-140	-0.03776372548725466	-0.0284318018958405
5,9	-0.0046927425488067585	0.0013090219185707924	0.00033742668481195063	-0.009358610221798055	-2.687487581546147e-05
5,10	0.009498786424897538	0.0013090295974331077	4.0211183133316375e-13	0.004832891381428379	0.014164681468366696
5,11	0.1837838055491145	0.0013092079552115144	0.0	0.1791172747685498	0.1884503363296792
5,12	0.0005224976795647694	0.0013090063177073695	0.6897796095217924	-0.004143314385828761	0.005188309744958299
5,13	0.001418194918955194	0.0013089878280172957	0.27862225454439093	-0.0032475512419290415	0.00608394107983943
5,14	0.0021538856290528683	0.0013089814867147615	0.09987844970065692	-0.0025118379289413165	0.006819609187047053
5,15	-0.00025313266320563504	0.0013090041988419983	0.8466635233188138	-0.004918937176131709	0.004412671849720439
5,16	0.010614162101962381	0.0013089988242856	5.209289573241731e-16	0.005948376746063855	0.015279947457860907
6,7	0.0014513040877977485	0.0013089672834380656	0.2675465942491602	-0.003214368844146066	0.006116977019741563
6,8	-0.0012244063533890517	0.0013089789657272544	0.34959064733749257	-0.005890120925594728	0.003441308218816625
6,9	-0.001062271061517029	0.0013089647244146664	0.41706133338469187	-0.005727934872097494	0.0036033927490634354
6,10	0.004800726013790146	0.0013089642581628755	0.00024505747072586705	0.0001350638651139843	0.009466388162466307
6,11	0.016587076756156224	0.0013091055953697991	9.527027607256582e-37	0.011920910826225203	0.021253242686087245
6,12	0.0016490232857277302	0.001308952398013821	0.20774468593463088	-0.0030165965887242307	0.006314643160179691
6,13	0.00014632366261132	0.0013089438648780276	0.9109921861314295	-0.004519265796396954	0.004811913121619595
6,14	0.00022884785965543862	0.0013089434228964227	0.8612105933886671	-0.004436740023956998	0.004894435743267875
6,15	-0.0007629717416784234	0.0013089613862113235	0.5599738970481252	-0.005428623653592531	0.003902680170235684
6,16	9.446571568678331e-05	0.001308955236761845	0.9424678061364384	-0.004571164277176832	0.004760095708550399
7,8	0.02537414478493372	0.0013090148896879067	1.8169214239497453e-83	0.020708302165638598	0.030039987404228842
7,9	0.004562805570492602	0.0013089996737337673	0.0004911416454567127	-0.00010298281317244751	0.00922859395415765
7,10	0.024661031734814605	0.0013090019829699573	5.837959014626486e-79	0.019995235120125816	0.029326828349503394
7,11	0.03687495375942739	0.0013091463841735963	1.671843555400569e-173	0.032208642442197385	0.0415412650766574
7,12	0.00035772290946247694	0.0013089956230772943	0.7846385194471098	-0.00430805103607375	0.005023496854998704
7,13	-3.5785694542314886e-05	0.0013089683246575588	0.9781895516519261	-0.004701462337800895	0.004629890948716265
7,14	0.0011060379944866788	0.0013089673776892198	0.3981307970391441	-0.0035596352734052266	0.005771711262378584
7,15	-0.007712700642487171	0.0013089918686782775	3.832238976458113e-09	-0.012378461205872378	-0.003046940079101965
7,16	0.015415269162603747	0.001308977954518929	5.559357129875045e-32	0.010749558194741259	0.020080980130466233
8,9	-0.008537207727007277	0.0013090128225986082	6.994889458746271e-11	-0.01320304297838518	-0.003871372475629375
8,10	-0.023475337684419662	0.0013090311126389372	9.67832105181055e-72	-0.028141238128676842	-0.018809437240162482
8,11	0.13528655915076665	0.0013091810258287259	0.0	0.13062012435708714	0.13995299394444616
8,12	0.0003504492600166731	0.0013090000178357583	0.7889134899846248	-0.00431534035016287	0.005016238870196216
8,13	-0.006707285174946994	0.0013089860498873228	2.999320197862534e-07	-0.01137302499787841	-0.002041545352015577
8,14	-0.0008993661258182779	0.0013089808008434145	0.4920388327074626	-0.005565087239097902	0.0037663549874613457
8,15	0.00746436581332524	0.0013089953013439932	1.1867291647732487e-08	0.002798593014572721	0.012130138612077759
8,16	0.001909979476516778	0.001309018438199963	0.1445444180857488	-0.0027558757910674638	0.00657583474410102
9,10	0.039316013092689624	0.0013089983322656993	7.819981386033131e-197	0.034650229490543055	0.04398179669483619
9,11	0.043101932494496106	0.0013091341198965371	9.09603901854098e-236	0.038435664891961055	0.04776820009703116
9,12	-0.0034908584407024983	0.001308983870981998	0.007658584910850249	-0.008156590497160509	0.0011748736157555133
9,13	-0.0007018872906930019	0.001308963137355677	0.5918109612445248	-0.005367545444372593	0.0039637708629865894
9,14	-0.00045033380310315123	0.0013089661249122003	0.7308189939039405	-0.00511600260560627	0.004215334999399967
9,15	-0.008741536310041502	0.0013089848551533616	2.4401049637785788e-11	-0.013407271874472364	-0.004075800745610641
9,16	0.002559952112531302	0.001308974333601684	0.05050562651814148	-0.0021057459489615673	0.007225650174024171
10,11	0.13861462401659205	0.0013091746098153297	0.0	0.13394821209210142	0.14328103594108269
10,12	-0.0051264009991910785	0.0013089762443034467	8.999451334508356e-05	-0.009792105871174637	-0.0004606961272075206
10,13	-0.006994588960185143	0.0013089630624099075	9.14215165586534e-08	-0.01166024684672861	-0.0023289310736416763
10,14	0.0003431008920252657	0.0013089636637735986	0.7932325119015597	-0.004322559138014322	0.005008760922064854
10,15	0.011352892978538648	0.0013089909465748637	4.304170713905202e-18	0.006687135701891767	0.016018650255185528
10,16	0.010427057736174158	0.001308995536432215	1.6696380632709861e-15	0.005761284099474987	0.01509283137287333
11,12	0.007685863844388767	0.0013091335323970037	4.354069538768447e-09	0.0030195983359325397	0.012352129352844993
11,13	0.0031958911714596106	0.001309102687314722	0.014637818833346469	-0.0014702643930222282	0.00786204673594145
11,14	0.006263870091635926	0.0013091032277226106	1.714881418765462e-06	0.0015977126009283594	0.010930027582343491
11,15	0.012323968722355994	0.0013091328608746604	4.934415775662205e-21	0.00765770560746885	0.016990231837243137
11,16	0.0665752110657419	0.001309128906010198	0.0	0.061908962047543266	0.07124146008394053
12,13	-0.002722196637339059	0.0013089552605270538	0.03755963671247913	-0.0073878267149112015	0.0019434334402330835
12,14	0.0020262202441036783	0.0013089529061030922	0.12163435097602324	-0.002639401441377778	0.006691841929585135
12,15	-0.011419616037608502	0.0013089733205877295	2.7455247880908614e-18	-0.01608531048832221	-0.006753921586894792
12,16	0.005085954479163335	0.0013089640255718126	0.00010222958064993834	0.00042029315953297144	0.0097516157987937
13,14	-0.00025379697081820857	0.0013089428253324044	0.8462590076775025	-0.004919382724478048	0.004411788782841631
13,15	0.0054439846585031875	0.0013089502863645795	3.1999227006477834e-05	0.0007783723107975659	0.01010959700620881
13,16	0.0022206661327017984	0.0013089580927786704	0.08979334947486937	-0.0024449740401262542	0.0068863063055298514
14,15	-0.006099986192740588	0.0013089525590682	3.165263052933379e-06	-0.01076560664125354	-0.001434365744227636
14,16	-0.00905695254759937	0.001308955104292753	4.583469307482841e-12	-0.013722582068291172	-0.00439132302690757
15,16	0.0544361972851253	0.0013089675690943928	0.0	0.04977052333499026	0.05910187123526033
