Params: 	121
Performance: 	0.881380851006497
Term	Coefficient	Standard Error	p-value	95% CI lower	95% CI upper
Intercept	7.36933923862845
1	0.12119945598806836	0.0018207613670430994	0.0	0.11476878635519658	0.12763012562094014
2	0.13774741698042364	0.0018207655446537453	0.0	0.1313167325928265	0.14417810136802078
3	0.33984994826475123	0.0018207794294351919	0.0	0.33341921483808507	0.3462806816914174
4	0.034734905242336814	0.0018207873930516775	1.0868372178137455e-80	0.028304143689312257	0.04116566679536137
5	0.41293529944034135	0.0018207871610660573	0.0	0.4065045387066569	0.4193660601740258
6	0.03943941977500506	0.001820761418357289	2.5827416597407267e-103	0.03300874996089888	0.04587008958911125
7	0.14474220071331184	0.0018207750023295048	0.0	0.13831148292255194	0.15117291850407175
8	0.2627431736349917	0.001820770267809962	0.0	0.25631247256588	0.2691738747041034
9	0.11220347861785254	0.0018207742749496174	0.0	0.10577276339609472	0.11863419383961037
10	0.320909470351878	0.0018207678530635736	0.0	0.31447877781130634	0.32734016289244966
12	0.03801279493624774	0.0018207730122368614	3.6910784284581287e-96	0.0315820841742114	0.044443505698284085
13	0.008105252572001113	0.0018207582661904547	8.552379270333915e-06	0.001674593890898907	0.01453591125310332
14	0.01634403663354437	0.0018207598021407595	2.94188427342126e-19	0.009913372527684606	0.02277470073940413
15	0.046892658524692446	0.0018207691358876979	8.210082896222193e-145	0.04046196145336885	0.053323355596016045
16	0.18193358188416908	0.0018207645440100522	0.0	0.17550290103070285	0.18836426273763532
1,2	0.0670755726172777	0.0018207520626675625	4.265158669090258e-291	0.06064493584613415	0.07350620938842124
1,3	0.01023329302641421	0.0018207591138845727	1.9213681451965505e-08	0.0038026313513772015	0.016663954701451218
1,4	-0.009244030932749505	0.0018207627445709755	3.8553436999965786e-07	-0.015674705430853402	-0.002813356434645608
1,5	0.025260194947044016	0.0018207587915304328	1.2223954137336127e-43	0.018829534410515884	0.031690855483572145
1,6	-0.003752785644198467	0.001820749718792522	0.039299425350755736	-0.010183414137109447	0.002677842848712513
1,7	-0.010867153106346669	0.0018207648143036225	2.4198896309899303e-09	-0.017297834914451273	-0.004436471298242065
1,8	-0.006094237329547933	0.0018207559429749339	0.0008175674167068414	-0.012524887805384051	0.0003364131462881854
1,9	-0.008323569569978855	0.001820753285698233	4.860327964751598e-06	-0.01475421066069241	-0.0018929284792652996
1,10	0.0065825513889355945	0.0018207528291014833	0.00030046374824952777	0.00015191191085667938	0.01301319086701451
1,12	-0.0055405903923241955	0.0018207585788037085	0.0023440987092267704	-0.011971250177531857	0.0008900693928834665
1,13	-0.000361824245517511	0.0018207476716514748	0.8424807577785736	-0.006792445508218095	0.006068797017183073
1,14	0.0010738081048384078	0.0018207460132050866	0.5553538451029346	-0.005356807300465913	0.007504423510142729
1,15	-0.0011811634627607107	0.001820752321439329	0.5165221767971504	-0.007611801147849255	0.005249474222327834
1,16	-0.0027348293255057363	0.001820751287624138	0.13309818698509798	-0.009165463359306377	0.003695804708294904
2,3	-0.007213123722253361	0.0018207651955091501	7.461133411560089e-05	-0.013643806876721554	-0.0007824405677851675
2,4	-0.01479977228715736	0.0018207660893599237	4.505720249711206e-16	-0.021230458598579083	-0.008369085975735635
2,5	-0.03795571037562648	0.001820765196976089	7.0354201485303124e-96	-0.044386393535275695	-0.03152502721597726
2,6	0.0037605913375971	0.0018207479989605039	0.03889212121666903	-0.0026700310811123224	0.010191213756306522
2,7	0.008082682159033683	0.001820766680310421	9.060593279924686e-06	0.0016519937604590309	0.014513370557608336
2,8	0.014102285352770562	0.0018207638732552261	9.815193743197137e-15	0.007671606868314765	0.02053296383722636
2,9	0.002302163784966161	0.0018207579202818294	0.2060960580453923	-0.004128493674436084	0.008732821244368406
2,10	0.005799587149526005	0.0018207603931637644	0.0014476275347346697	-0.0006310790437427721	0.012230253342794782
2,12	0.0022629271969419745	0.0018207600034763896	0.21393296475422963	-0.004167737620006537	0.008693592013890486
2,13	-0.0004939832124843807	0.0018207508466190692	0.7861563240315876	-0.006924615688717975	0.005936649263749214
2,14	0.0004796590564465873	0.0018207496978584412	0.7922128135439589	-0.005950969362528203	0.006910287475421378
2,15	0.0003601556998712799	0.0018207604865924962	0.8431987972231589	-0.006070510823374461	0.006790822223117021
2,16	0.009549735579796704	0.0018207485612648506	1.573022140685545e-07	0.0031191111751084745	0.015980359984484934
3,4	-0.11816628336137794	0.0018207811863156522	0.0	-0.12459702299309551	-0.11173554372966037
3,5	-0.18680811200406877	0.001820779498965791	0.0	-0.19323884567630714	-0.1803773783318304
3,6	0.0067375252581130946	0.0018207578943588841	0.00021561823754315482	0.000306867890266997	0.013168182625959191
3,7	0.010003361037723247	0.0018207794310462916	3.958747556649702e-08	0.003572627605366879	0.016434094470079614
3,8	-0.04219652846282233	0.0018207759443152854	7.361247851076074e-118	-0.04862724958054176	-0.03576580734510291
3,9	-0.0014618184722456906	0.0018207680180585635	0.42206258865664426	-0.007892511595556111	0.00496887465106473
3,10	-0.10775311071907832	0.0018207670814244332	0.0	-0.1141838005343305	-0.10132242090382615
3,12	0.014905218588086354	0.0018207712153884364	2.7932453082362166e-16	0.008474514172262542	0.021335923003910164
3,13	-0.0007144542064653966	0.0018207554194365127	0.6947694058772937	-0.007145102833238432	0.0057161944203076385
3,14	0.0011222332866040602	0.001820760562181973	0.5376651391347012	-0.005308433503612938	0.007552900076821059
3,15	0.014892668089147583	0.0018207667017596748	2.95689839003733e-16	0.008461979614817223	0.021323356563477943
3,16	0.010266869422806087	0.001820763074843675	1.726857292753728e-08	0.0038361937582260894	0.016697545087386086
4,5	0.3501073946112329	0.0018207920842449716	0.0	0.3436766164895823	0.3565381727328835
4,6	-0.0034303295098421886	0.0018207582131514397	0.059572330460992584	-0.009860988003618154	0.0030003289839337765
4,7	-0.013442440692034395	0.001820786720402826	1.5874673490743569e-13	-0.01987319986935908	-0.007011681514709709
4,8	-0.045022113307171166	0.00182077959235971	9.5080713120175e-134	-0.051452847309263534	-0.0385913793050788
4,9	-0.012002208770930596	0.001820774117487712	4.411194493484891e-11	-0.01843292343655541	-0.005571494105305782
4,10	-0.07184521207837852	0.0018207731011223624	0.0	-0.07827592315434578	-0.06541450100241125
4,12	0.0010225559240237998	0.0018207779895143379	0.5743898308352333	-0.005408172417047171	0.007453284265094771
4,13	-0.0014705048738196808	0.0018207598465358695	0.41930806731825154	-0.007901169136476644	0.004960159388837282
4,14	-0.003031609733855894	0.0018207617155812138	0.09591784932614576	-0.009462280597714616	0.003399061130002828
4,15	-0.002868611183498182	0.0018207724351585665	0.11515281117635189	-0.009299319907376237	0.003562097540379874
4,16	-0.010408675305016633	0.001820764274134357	1.0959337610910981e-08	-0.016839355205320383	-0.003977995404712883
5,6	0.0021938702761201577	0.0018207576674491232	0.22824233504329242	-0.004236786290313006	0.008624526842553321
5,7	0.010649066296384463	0.001820785964652831	5.0043720750786545e-09	0.004218309788261041	0.017079822804507885
5,8	-0.03792681234074709	0.0018207798540072035	9.791639273818278e-96	-0.04435754726694111	-0.03149607741455306
5,9	-0.0020553983460085273	0.001820774028423189	0.2589653733733035	-0.00848611269707014	0.004375316005053085
5,10	0.02904122622801595	0.0018207691005284205	4.69474177862548e-57	0.02261052928157628	0.03547192317445562
5,12	0.0017778363780062353	0.00182077456114073	0.3288648165675636	-0.004652879854537803	0.008208552610550274
5,13	0.002256359363501527	0.0018207584887619149	0.2152650482124781	-0.004174300103691354	0.008687018830694407
5,14	0.004462495486426982	0.001820759912020487	0.014255291496299465	-0.001968169007512316	0.01089315998036628
5,15	-0.0020949520513855735	0.001820771712355186	0.24991160049125064	-0.008525658222425112	0.0043357541196539645
5,16	0.015396236174528913	0.0018207649160479852	2.8830792534783574e-17	0.008965554007077721	0.021826918341980105
6,7	0.000995345709177203	0.001820759053251384	0.5846124826666852	-0.005435315751712025	0.007426007170066431
6,8	0.0005266415386833336	0.001820753494250617	0.7723967116551628	-0.005904000288607518	0.006957283365974185
6,9	-0.0017196167050450295	0.0018207533776210523	0.3449450285888592	-0.008150258120416882	0.004711024710326822
6,10	0.008814653762078586	0.0018207497127569715	1.2963514227848929e-06	0.00238402529048431	0.015245282233672863
6,12	0.0009556624605032808	0.0018207589325804424	0.5996768708565704	-0.005474998574193381	0.007386323495199943
6,13	-8.350533288498455e-05	0.001820751610068387	0.9634196382799729	-0.006514140505512755	0.006347129839742786
6,14	-0.0002141364479114026	0.0018207455249368272	0.9063780315760875	-0.0066447501287218245	0.006216477232899019
6,15	0.00019140376303819484	0.0018207520682312409	0.9162784902110965	-0.006239233027755472	0.0066220405538318615
6,16	-0.0010433739525090094	0.0018207480397389312	0.566616928444247	-0.0074739965152420245	0.005387248610224006
7,8	0.07332107932668712	0.0018207732437149876	0.0	0.06689036774710302	0.07975179090627121
7,9	0.006896501784990367	0.0018207746568734448	0.00015233759510000587	0.00046578521433202503	0.01332721835564871
7,10	0.03935106016252595	0.0018207682865679687	7.30011330439748e-103	0.03292036609087858	0.04578175423417332
7,12	-0.006080525250139888	0.0018207775468207206	0.0008401729176301711	-0.0125112520276801	0.00035020152740032444
7,13	-0.0032825552275126263	0.0018207616122321564	0.07142145220864599	-0.009713225726357208	0.003148115271331955
7,14	0.0019376274875337225	0.0018207627365037565	0.2872530319100802	-0.0044930469820779065	0.00836830195714535
7,15	-0.023160525757464127	0.0018207690660093064	5.5966336250887224e-37	-0.029591222581987205	-0.01672982893294105
7,16	0.011309598982037565	0.0018207647621950936	5.313133650997529e-10	0.004878917357972857	0.017740280606102273
8,9	-0.003776914749136273	0.001820767118803516	0.03805433971327499	-0.010207604696406037	0.002653775198133491
8,10	-0.021340554038819036	0.0018207664683195111	1.157144745808562e-31	-0.02777124168867201	-0.014909866388966062
8,12	0.017368437498491547	0.0018207679268301287	1.5378767222608445e-21	0.010937744697386956	0.023799130299596138
8,13	-0.010728968298820515	0.0018207527572872033	3.839070802702447e-09	-0.01715960752326163	-0.004298329074379401
8,14	-0.0006842210484248011	0.0018207562785600387	0.7070758645786963	-0.007114872709499678	0.005746430612650076
8,15	0.022494827836391524	0.0018207665759465497	5.513615583462492e-35	0.01606413980641519	0.028925515866367858
8,16	0.012807135521082688	0.0018207596960729453	2.0473124230036984e-12	0.0063764717898393275	0.01923779925232605
9,10	0.09005726800239225	0.0018207608534049667	0.0	0.08362660018361714	0.09648793582116735
9,12	-0.006646431288306803	0.0018207653282347968	0.00026229321436409123	-0.013077114911543064	-0.00021574766507054255
9,13	-0.0008718476265397075	0.0018207492054943086	0.6320556491476623	-0.007302474306554559	0.005558779053475144
9,14	0.0009918158160298583	0.0018207525047661316	0.5859439844432311	-0.005438822516542823	0.007422454148602539
9,15	-0.017056134947503195	0.0018207594285483506	7.882996865675187e-21	-0.023486797733887815	-0.010625472161118572
9,16	-0.00040584942005211094	0.001820757918046449	0.8236136769467541	-0.006836506871559312	0.00602480803145509
10,12	-0.017026934584272683	0.0018207651714254943	9.173863321184197e-21	-0.02345761765368084	-0.010596251514864529
10,13	-0.01450257429806404	0.0018207520711042426	1.7036233954320497e-15	-0.02093321109900474	-0.00807193749712334
10,14	0.0012556805312574776	0.001820752115957347	0.4904196424207561	-0.005174956428097993	0.0076863174906129485
10,15	0.027445146251869387	0.0018207621005787557	3.608154432623163e-51	0.02101447402825422	0.03387581847548455
10,16	0.01866035051992864	0.001820753758383212	1.3076120324382049e-24	0.012229707759759113	0.02509099328009817
12,13	-0.005313209042625219	0.001820759395278527	0.0035238097379221437	-0.011743871711505566	0.0011174536262551294
12,14	0.0016356788011079454	0.0018207579163764488	0.36900536737410805	-0.004794978644501052	0.008066336246716942
12,15	-0.019185798611924938	0.0018207660267053245	6.408221026190521e-26	-0.025616484702059548	-0.012755112521790329
12,16	-0.0012574396507733752	0.0018207579209688514	0.48981351383366944	-0.007688097112602084	0.005173217811055334
13,14	-0.0019837243613341216	0.0018207477316322094	0.2759367620915582	-0.00841434583587811	0.004446897113209868
13,15	0.013541329184565774	0.001820752011397527	1.0536251762573289e-13	0.007110692594500684	0.019971965774630864
13,16	0.0007905550757324291	0.001820750516271186	0.6641519968388288	-0.005640076233759527	0.0072211863852243855
14,15	-0.009731834638889967	0.0018207544623686036	9.105259431173062e-08	-0.01616247988543556	-0.0033011893923443744
14,16	-0.01681385365803961	0.0018207516512566675	2.745823889499577e-20	-0.023244488976138514	-0.010383218339940704
15,16	0.09597894961653736	0.0018207617285469395	0.0	0.08954827870688555	0.10240962052618917
