Params: 	121
Performance: 	0.8784005504203745
Term	Coefficient	Standard Error	p-value	95% CI lower	95% CI upper
Intercept	7.713911781678581
1	0.11231841654048974	0.0018285842868807519	0.0	0.10586010275992608	0.1187767303210534
2	0.1436322910635659	0.0018286281911799537	0.0	0.13717382221892202	0.15009075990820978
3	0.36668950777131065	0.0018291072159809627	0.0	0.3602293470754922	0.3731496684671291
4	-0.009530199930103952	0.001829169389497261	1.8988964003060963e-07	-0.015990580214420465	-0.0030698196457874397
5	0.40817223704420624	0.0018288873148987956	0.0	0.40171285300943615	0.41463162107897633
6	0.03989348330924691	0.0018285659350181331	9.439657347940916e-105	0.03343523434499394	0.04635173227349989
7	0.11821842065689239	0.001828695108942144	0.0	0.11175971546771202	0.12467712584607277
8	0.2688816527107484	0.0018288170827179988	0.0	0.26242251672659556	0.2753407886949012
9	0.09455445899997382	0.0018286591804332949	0.0	0.08809588070545478	0.10101303729449286
10	0.30152493940349434	0.001828830163264747	0.0	0.29506575722060957	0.3079841215863791
11	0.03424727752770397	0.0018286592226922334	7.674882941517867e-78	0.027788699083932045	0.0407058559714759
12	0.010093898854088764	0.0018285396293782508	3.4126039613417594e-08	0.003635742797818086	0.01655205491035944
13	0.01386415959715779	0.0018285507032888605	3.493960876211974e-14	0.0074059644293241345	0.020322354764991446
14	0.034787697263735526	0.0018286573566227886	3.0368765390027814e-80	0.02832912541066992	0.04124626911680113
15	0.1697977379283794	0.001828651067216039	0.0	0.1633391882886526	0.1762562875681062
1,2	0.06206801698269954	0.0018283027497295974	3.507494211150759e-248	0.05561069755349069	0.06852533641190839
1,3	-0.004715168722513926	0.0018285542776075318	0.009923689342205352	-0.011173376514360428	0.001743039069332577
1,4	-0.008993223182446752	0.0018287209370456577	8.797319473458655e-07	-0.015452019593015197	-0.0025344267718783063
1,5	0.013670157092165867	0.0018285311579722106	7.857086056279335e-14	0.007212030955762031	0.020128283228569705
1,6	-0.0030787564139117783	0.0018282852231700179	0.09219950570780644	-0.009536013941669289	0.0033785011138457322
1,7	-0.008819091431009212	0.001828364762374468	1.4172308021575533e-06	-0.015276629880539856	-0.002361552981478567
1,8	-0.009754101762472527	0.0018284103912088524	9.633257420996855e-08	-0.016211801366909737	-0.0032964021580353196
1,9	-0.007063672100046707	0.0018283289269865554	0.00011201471445287855	-0.013521083983806637	-0.0006062602162867784
1,10	-0.0015795915939948793	0.001828394019712122	0.3876367224056818	-0.008037233376507389	0.0048780501885176296
1,11	-0.004239980132749786	0.001828331091115723	0.020398958037664467	-0.010697399659922887	0.002217439394423315
1,12	-0.00021537230193835921	0.0018282632518422368	0.9062256205794842	-0.006672552229921003	0.006241807626044285
1,13	0.0027116959387909222	0.0018282616834045561	0.13802854506109066	-0.003745478449680768	0.009168870327262612
1,14	-0.0003043104292765105	0.0018283223447546361	0.8678098367690903	-0.006761699065478525	0.006153078206925504
1,15	-0.0009418965404172121	0.001828332945133081	0.6064400061174496	-0.007399322615730281	0.005515529534895857
2,3	-0.023024995509469348	0.0018285933126859053	2.865415725588575e-36	-0.02948334116796296	-0.016566649850975737
2,4	-0.015639952444843036	0.0018287345073128723	1.2593818943433018e-17	-0.02209879678377026	-0.009181108105915811
2,5	-0.046433304139106055	0.0018285471134446073	7.550321722914315e-141	-0.05289148662809259	-0.039975121650119516
2,6	0.002206437511470377	0.0018282868476614156	0.22750531227052426	-0.004250825753772278	0.00866370077671303
2,7	0.003560715768932167	0.0018283635994337695	0.051485071400693735	-0.0028968185732483305	0.010018250111112664
2,8	0.004957145885274844	0.0018284549322789257	0.0067093991191751615	-0.0015007110322316705	0.01141500280278136
2,9	0.0032594732852534378	0.0018283755647550296	0.07464217827297309	-0.0031981033168325713	0.009717049887339447
2,10	-0.006208855362791071	0.0018284168976814472	0.0006852331824401801	-0.012666577947214448	0.00024886722163230696
2,11	0.00480741167239062	0.001828323024833628	0.008557420670714395	-0.0016499793657589312	0.011264802710540171
2,12	-0.0005827258848202371	0.0018282645219255982	0.7499320567262795	-0.007039910298566505	0.0058744585289260305
2,13	0.001058970929262066	0.0018282508394950995	0.5624406043312755	-0.005398165159979788	0.00751610701850392
2,14	0.0006709944726351145	0.0018283452356787826	0.7136248169252521	-0.005786475011232454	0.007128463956502683
2,15	0.009195826354190098	0.0018283037612717616	4.93907787613227e-07	0.0027385033523503613	0.015653149356029836
3,4	-0.06847856477510565	0.0018291620982041606	3.257350707480711e-300	-0.07493891930755552	-0.06201821024265579
3,5	-0.20211728644318083	0.0018289614983536834	0.0	-0.20857693248393688	-0.19565764040242478
3,6	-0.0002397627702668617	0.0018285179446222454	0.8956779659193832	-0.0066978422388956444	0.006218316698361921
3,7	-0.021548844642480428	0.0018286784662451434	5.512677022006028e-32	-0.028007491051893225	-0.01509019823306763
3,8	-0.07842749641160798	0.0018289204711255207	0.0	-0.08488699754971178	-0.07196799527350418
3,9	-0.011579461968189224	0.0018286464439096468	2.448211670902688e-10	-0.018037995279019635	-0.005120928657358815
3,10	-0.11838251292381365	0.001828802813153367	0.0	-0.12484159850978326	-0.11192342733784404
3,11	-0.002281009569584715	0.0018286071206194872	0.21225904030595857	-0.008739403995842748	0.004177384856673319
3,12	-0.0024403568740039155	0.0018285086658284305	0.18201162178627125	-0.00889840357118082	0.0040176898231729895
3,13	-0.0013862662725423122	0.0018285013382909132	0.4483707417033477	-0.007844287089842165	0.005071754544757541
3,14	-0.0010650938160241263	0.0018285800425763975	0.5602539783517351	-0.007523392606275611	0.005393204974227358
3,15	-0.010192432146156723	0.0018286274569942374	2.5123750202825934e-08	-0.0166508983977554	-0.003733965894558048
4,5	0.32532195779598044	0.00182897485085901	0.0	0.31886226459597133	0.33178165099598955
4,6	-0.000951976770376917	0.001828689591272628	0.6026639450090826	-0.007410662471890619	0.005506708931136785
4,7	0.00219707908078361	0.0018288639403009567	0.22963005157409933	-0.004262222398050482	0.008656380559617701
4,8	-0.03289860754523371	0.0018290220266353	5.606837035262549e-72	-0.03935846736374016	-0.026438747726727264
4,9	-0.004218044619982443	0.0018288207013597967	0.021093084035861607	-0.010677193384691431	0.0022411041447265457
4,10	-0.05669989910277226	0.0018288964066980138	6.301253847140089e-208	-0.06315931524855445	-0.05024048295699007
4,11	0.00031382412578086043	0.001828803289778653	0.8637524624353782	-0.006145263143565159	0.0067729113951268795
4,12	-0.004300273555772775	0.0018286720387105878	0.018699798780259194	-0.010758897263997941	0.002158350152452391
4,13	-0.0032540710886692125	0.0018286649471289079	0.07517079250822577	-0.009712669750381611	0.0032045275730431854
4,14	0.0003695154073905093	0.0018287634253828665	0.8398730472418213	-0.006089431066270832	0.0068284618810518505
4,15	-0.00558319957058738	0.001828790424300289	0.0022679330647849844	-0.012042241400794056	0.0008758422596192956
5,6	-0.002751305123005377	0.0018284853403423083	0.13241351259156184	-0.009209269437702271	0.0037066591916915174
5,7	-0.005852454141558397	0.0018286728442513404	0.0013737964104256672	-0.012311080694845166	0.0006061724117283731
5,8	-0.05831157352132191	0.001828749134417737	1.2090914831737322e-219	-0.06477046952121636	-0.05185267752142746
5,9	-0.01273146485130158	0.0018286399392364644	3.4135271497894735e-12	-0.0191899751885011	-0.006272954514102057
5,10	0.004499158122276886	0.0018286650813605062	0.01388539273016491	-0.0019594410135234646	0.010957757258077237
5,11	-0.007639366490298805	0.0018285949400796556	2.952246081486545e-05	-0.014097717896528278	-0.001181015084069332
5,12	0.0006261443710695175	0.001828499201270122	0.7320248909114595	-0.005831868898560302	0.007084157640699337
5,13	0.0033152257444524717	0.0018284710175855427	0.0698237185526469	-0.0031426879841937507	0.009773139473098694
5,14	-0.005836915341955226	0.0018285853484769586	0.0014140972467161692	-0.012295232871933917	0.0006214021880234658
5,15	-0.00025289784699017784	0.001828559127842096	0.8900006919052478	-0.006711122769212869	0.006205327075232513
6,7	-0.0009477300752522566	0.0018283353659522908	0.604212953862096	-0.007405164700573206	0.005509704550068693
6,8	-0.0015100136485864737	0.0018283798094276202	0.40888105187137336	-0.007967605242285219	0.004947577945112272
6,9	-0.0030326008273135405	0.001828321373152047	0.09719007200558502	-0.009489986031945877	0.003424784377318796
6,10	0.004757253183476001	0.0018283647429240526	0.009274726580891707	-0.001700285197358392	0.011214791564310395
6,11	0.0019889518265298646	0.0018282952097685302	0.2766597033554948	-0.004468340972550525	0.008446244625610253
6,12	-0.00014644645926490535	0.0018282488710960713	0.9361566064349437	-0.006603575596386115	0.006310682677856305
6,13	0.0002861998373395909	0.0018282373116153012	0.8756051232048061	-0.006170888473250139	0.006743288147929321
6,14	-0.0010752403614356643	0.0018283294542031977	0.55646941907624	-0.00753265410725387	0.005382173384382541
6,15	-0.002067423756958251	0.0018282989852758615	0.2581516608756635	-0.008524729890622779	0.004389882376706276
7,8	0.05416918020130479	0.0018285233262783564	2.7944831774029616e-190	0.04771108172539038	0.0606272786772192
7,9	0.0041931497281409436	0.0018284527360888534	0.021838519474759857	-0.0022646994327175946	0.010650998888999482
7,10	0.03194346005816588	0.0018285195156701737	5.081039816210615e-68	0.025485375040807102	0.038401545075524665
7,11	-0.009655891758547515	0.0018284569825338913	1.2939721082744266e-07	-0.016113755917278837	-0.003198027599816194
7,12	-0.0028855385069663786	0.0018283324501659187	0.11452154754204466	-0.009342962834121997	0.0035718858201892398
7,13	0.00043401921215649106	0.001828328462991827	0.8123590351420863	-0.006023391032836458	0.00689142945714944
7,14	-0.02003381719229001	0.0018284381162960294	6.915066823143793e-28	-0.026491614718006463	-0.013576019666573555
7,15	0.005476061336201433	0.0018283745734112631	0.0027461694911911877	-0.0009815117645917155	0.011933634436994581
8,9	-0.013448165326198655	0.0018284944325681566	1.9585868016327148e-13	-0.01990616175341446	-0.006990168898982849
8,10	-0.03832413956167946	0.0018286258003533055	7.193604952587649e-97	-0.04478259996224516	-0.03186567916111376
8,11	0.0031577150691994363	0.0018284793277521425	0.08418412438852813	-0.003300228009837608	0.009615658148236481
8,12	-0.01192446733238264	0.0018284106985444585	7.052516176676457e-11	-0.018382168022287877	-0.005466766642477403
8,13	-0.0010423721864073277	0.0018283768536693187	0.5686085082675659	-0.007499953340765263	0.005415208967950608
8,14	0.011377414109381132	0.0018284571111450224	4.956651766445038e-10	0.004919549496412592	0.01783527872234967
8,15	0.0013205879828569519	0.0018285206740718052	0.47016662963624556	-0.005137501125820601	0.007778677091534505
9,10	0.07269005731166411	0.0018284893170359472	0.0	0.0662320789518201	0.07914803567150813
9,11	-0.00857595779549478	0.001828412229321687	2.738231534777638e-06	-0.015033663891899317	-0.002118251699090242
9,12	-0.001919579611542847	0.0018283181383067716	0.2937649277017285	-0.008376953391136716	0.004537794168051022
9,13	-0.0011498147359616483	0.0018283206585957095	0.5294248176915104	-0.007607197416877099	0.005307567944953803
9,14	-0.016149432150138802	0.0018284201942814612	1.0754717773770527e-18	-0.02260716637771008	-0.009691697922567525
9,15	0.0019286711662960636	0.0018283543732505148	0.2914940517457962	-0.00452883059024598	0.008386172922838107
10,11	-0.020883092686268635	0.001828426792526763	3.745798208695153e-30	-0.02734085021795494	-0.01442533515458233
10,12	-0.016040429044504777	0.0018283535159599852	1.8221523509980015e-18	-0.022497927773211964	-0.00958293031579759
10,13	-0.00031357689117768664	0.0018283625362537212	0.8638262533678666	-0.006771107478349237	0.006143953695993864
10,14	0.01817363937473774	0.0018284778908857408	3.038540261618259e-23	0.011715701370519586	0.024631577378955893
10,15	0.006285641763342854	0.0018284750765679653	0.0005875549020765899	-0.00017228630108340453	0.012743569827769113
11,12	-0.0065759755089861895	0.0018283152623410621	0.0003227178391414762	-0.013033339131055952	-0.00011861188691642682
11,13	0.0015816924630358328	0.001828294064126212	0.38697984351826353	-0.004875596289789962	0.008038981215861628
11,14	-0.019829995531580966	0.001828380158907454	2.335077499368538e-27	-0.026287588359595486	-0.013372402703566448
11,15	0.0013349935090446463	0.0018283502628591555	0.4652960024141316	-0.00512249373014791	0.007792480748237202
12,13	-0.0007502607942646601	0.001828241667859085	0.6815352035760374	-0.0072073644905215764	0.005706842901992256
12,14	0.010498490471702189	0.001828286440609455	9.427249965939397e-09	0.004041228644112316	0.01695575229929206
12,15	0.001997609571558737	0.0018283087316271094	0.2745778708421845	-0.004459730984907641	0.008454950128025114
13,14	-0.008652695889944717	0.0018283004853003055	2.2256594640423665e-06	-0.015110007321493847	-0.002195384458395588
13,15	-0.015474441837950914	0.0018282865477537529	2.695020538994865e-17	-0.021931704043960037	-0.00901717963194179
14,15	0.08887608900504126	0.0018283613984134215	0.0	0.08241856243656863	0.0953336155735139
