Params: 	16
Performance: 	0.6244220719004929
Term	Coefficient	Standard Error	p-value	95% CI lower	95% CI upper
Intercept	7.370582638811115
1	0.12104044915344084	0.0032345895513114682	4.105017196096481e-300	0.111480983988283	0.1305999143185987
2	0.1379397618888289	0.00323459526818596	0.0	0.12838027982809228	0.1474992439495655
3	0.3402646514236033	0.003234602396301339	0.0	0.33070514829652436	0.3498241545506822
4	0.03459672057566159	0.003234611047653855	1.1792777269041412e-26	0.025037191880484574	0.04415624927083861
5	0.41317522664143	0.0032346094864583474	0.0	0.4036157025601905	0.42273475072266953
6	0.039417507936754526	0.0032345893361831694	4.3653083144346e-34	0.029858043407384148	0.0489769724661249
7	0.14415874808373605	0.003234609697883671	0.0	0.13459922337765282	0.15371827278981928
8	0.2624700860279675	0.0032346031090949422	0.0	0.2529105807943074	0.2720295912616276
9	0.11156453881943901	0.0032345985892302817	4.443768855161772e-256	0.10200504694372989	0.12112403069514813
10	0.32148300710729616	0.003234594535965252	0.0	0.3119235272105554	0.33104248700403693
12	0.03731177780061009	0.003234603892128414	1.0060750847520932e-30	0.027752270252782714	0.046871285348437465
13	0.008577380664196714	0.003234588813788753	0.00801101524612236	-0.0009820823212957942	0.018136843649689222
14	0.01639192849829034	0.0032345906329905687	4.048527574002145e-07	0.006832460136351729	0.025951396860228952
15	0.046637296035380686	0.003234595156114119	5.541058264760171e-47	0.03707781430585978	0.05619677776490159
16	0.18231933475545425	0.0032345908271630575	0.0	0.1727598658196607	0.1918788036912478
