Params: 	576
Performance: 	0.9334146486539509
Term	Coefficient	Standard Error	p-value	95% CI lower	95% CI upper
Intercept	7.710901920166126
1	0.11236910648745524	0.0013636533608437273	0.0	0.10701635364351206	0.11772185933139842
2	0.14356474158441807	0.0013637072945273413	0.0	0.13821177703441626	0.14891770613441987
3	0.3686950112673866	0.0013640804184877882	0.0	0.36334058209272446	0.3740494404420487
4	-0.008936615011473852	0.0013640696881703155	5.7868309409166644e-11	-0.014291002066386919	-0.003582227956560784
5	0.40699443074351244	0.0013639375257255783	0.0	0.40164056246626106	0.4123482990207638
6	0.04014593925226933	0.0013636053230891903	5.969627519949795e-188	0.034793374971075736	0.04549850353346292
7	0.1184306189693138	0.0013638027381704932	0.0	0.1130772797740781	0.1237839581645495
8	0.27007620767780494	0.0013639864411323958	0.0	0.26472214739275274	0.27543026796285713
9	0.09475442560717348	0.0013637964749967028	0.0	0.08940111099679364	0.10010774021755332
10	0.3030447613910645	0.0013638989443762618	0.0	0.2976910445573055	0.3083984782248235
11	0.03381812401770918	0.001363728168452826	1.8541116892761094e-134	0.028465077531221745	0.03917117050419661
12	0.009917280249192098	0.0013635933068399128	3.6007697544934586e-13	0.004564763135419745	0.015269797362964452
13	0.013820397967562958	0.0013635671332522879	4.1887362963573725e-24	0.008467983593056769	0.019172812342069148
14	0.034663530138384316	0.0013637165081125512	4.253216679116674e-141	0.029310529422267386	0.04001653085450124
15	0.1690280484050915	0.0013637566245844914	0.0	0.16367489021966058	0.17438120659052242
1,2	0.06215092395362938	0.0013632009358333806	0.0	0.05679994701500814	0.06750190089225062
1,3	-0.004442906078086735	0.0013636057919578326	0.0011223900377676814	-0.009795472199731889	0.0009096600435584187
1,4	-0.008921287903069754	0.0013637046435659055	6.165599378867966e-11	-0.014274242047244265	-0.0035683337588952434
1,5	0.013559986427203099	0.0013634487834323292	2.8606370839137397e-23	0.00820803661161896	0.01891193624278724
1,6	-0.002932697090354156	0.0013631606641964292	0.03145264847757507	-0.008283515950591692	0.0024181217698833798
1,7	-0.008501439734280771	0.001363282628323616	4.5460219306221606e-10	-0.013852737340691933	-0.003150142127869608
1,8	-0.009887177859393779	0.0013634067748391023	4.2072356140859863e-13	-0.015238962778514255	-0.004535392940273303
1,9	-0.0074587232917667015	0.0013632314188477938	4.500202817090431e-08	-0.012809819885460693	-0.0021076266980727103
1,10	-0.0015221398818282827	0.001363420518211804	0.2642541082989961	-0.006873978747853028	0.0038296989841964625
1,11	-0.004091691235898328	0.001363278256021603	0.0026898655133264747	-0.00944297167969859	0.0012595892079019346
1,12	-2.3310398496201225e-05	0.0013631482605454262	0.9863566181097636	-0.0053740805706432825	0.005327459773650881
1,13	0.0024441678081699664	0.0013631160098413887	0.072970736990984	-0.002906475770186704	0.007794811386526637
1,14	-0.00022325353835465217	0.0013632149821951635	0.8699133686171436	-0.0055742856132041645	0.00512777853649486
1,15	-0.0006494410958420224	0.001363316702811837	0.6338152113792634	-0.006000872454949412	0.0047019902632653675
2,3	-0.023332276337521878	0.0013636810423060207	2.486462509486348e-65	-0.028685137839596427	-0.01797941483544733
2,4	-0.016327894462368837	0.0013637892995250597	5.8470874001308544e-33	-0.02168118090684717	-0.010974608017890502
2,5	-0.046345649746355244	0.001363500668209127	1.0307969549345855e-248	-0.05169780322541761	-0.04099349626729288
2,6	0.002629756223940318	0.0013632007503288147	0.05372694978053772	-0.0027212199865192686	0.007980732434399906
2,7	0.0035632474077314825	0.0013633374659009687	0.0089631158528933	-0.001788265452795249	0.008914760268258215
2,8	0.005368368777982848	0.0013634843936631022	8.260133050851193e-05	1.6279181447393688e-05	0.010720458374518304
2,9	0.0030042890946346476	0.0013633250505254292	0.027556322741077215	-0.0023471750317792693	0.008355753221048565
2,10	-0.006567073127925642	0.0013634538894460753	1.467810294919552e-06	-0.011919042986161664	-0.00121510326968962
2,11	0.005182916729582918	0.0013632926653180276	0.000143941570120935	-0.0001684202750741083	0.010534253734239944
2,12	-0.0008645436556073763	0.0013631742129165312	0.5259460463879981	-0.0062154156986787175	0.004486328387463965
2,13	0.0010943156717662175	0.0013631446007119825	0.42210355882479267	-0.004256440134425089	0.006445071477957524
2,14	0.0007172306540827039	0.001363293481271324	0.5988214548697255	-0.004634109553438373	0.006068570861603781
2,15	0.009172684553767081	0.0013632969078177853	1.7459503620471865e-11	0.0038213308960123576	0.014524038211521805
3,4	-0.06997522457977555	0.0013642522574722298	0.0	-0.075330328274546	-0.0646201208850051
3,5	-0.20011789182774292	0.0013640458404020198	0.0	-0.2054721852729358	-0.19476359838255006
3,6	-0.0004338416478682737	0.0013635548476185234	0.7503584398711114	-0.005786207797537447	0.0049185245018009
3,7	-0.021577265125048442	0.001363770496060117	3.63452001818103e-56	-0.026930477760226453	-0.01622405248987043
3,8	-0.07805126396880188	0.0013640354634542004	0.0	-0.0834055166813287	-0.07269701125627506
3,9	-0.01209528689892998	0.0013637219317766689	7.740657517402727e-19	-0.017448308904572798	-0.006742264893287161
3,10	-0.11793145082551779	0.0013639678376946849	0.0	-0.1232854380864372	-0.11257746356459837
3,11	-0.0018812662678033033	0.0013637108876848583	0.16774436413304805	-0.007234244922037659	0.003471712386431052
3,12	-0.0022217176229693512	0.0013635675147959379	0.10325071818336369	-0.007574133495150034	0.0031306982492113316
3,13	-0.0012676341339833436	0.0013635406749256905	0.35255244463637136	-0.006619944651536581	0.0040846763835698935
3,14	-0.0007976280602173466	0.0013636546579276674	0.5586061252427217	-0.006150385995608219	0.0045551298751735254
3,15	-0.00954869772609735	0.0013638071882985335	2.5832888638499294e-12	-0.014902054389434698	-0.004195341062760004
4,5	0.3289468234944953	0.0013639621568264859	0.0	0.32359285853270575	0.3343007884562848
4,6	-0.0012349603728208283	0.0013636172790867655	0.36512794648899294	-0.00658757158492946	0.004117650839287804
4,7	0.0020183169375091493	0.0013638682058963651	0.1389240015051307	-0.003335279238397669	0.0073719131134159675
4,8	-0.03285316957608674	0.001364162467713574	5.3778715286697545e-127	-0.03820792081883397	-0.027498418333339512
4,9	-0.005310330264440211	0.0013638125974024362	9.891532589701579e-05	-0.01066370816015019	4.304763126976741e-05
4,10	-0.05726058901772342	0.0013640602288313998	0.0	-0.06261493894186357	-0.05190623909358327
4,11	0.0005997848078990731	0.0013638151131052931	0.6600961946260868	-0.004753602962707275	0.005953172578505421
4,12	-0.004437382428540571	0.0013636221975485657	0.0011386698895739166	-0.009790012947102841	0.0009152480900216989
4,13	-0.002818425495115723	0.0013636004195446846	0.03875178291554301	-0.008170970528410579	0.0025341195381791337
4,14	0.00039961334361260543	0.0013637694830665298	0.7695079018774601	-0.004953595315258479	0.00575282200248369
4,15	-0.005357406080495595	0.001363943999532677	8.588200664398101e-05	-0.010711299769402396	-3.512391588794163e-06
5,6	-0.0026706230953569064	0.0013633820993852078	0.05014246744851741	-0.00802231115584028	0.0026810649651264683
5,7	-0.005116494558355902	0.0013636386779788837	0.00017568261108525356	-0.010469189767603346	0.00023620065089154183
5,8	-0.05795383156314764	0.0013638292713903783	0.0	-0.06330727490931515	-0.052600388216980126
5,9	-0.011743587860411027	0.001363596801061795	7.495952504646691e-18	-0.01709611869006357	-0.006391057030758485
5,10	0.006284516019076314	0.0013636964963307163	4.0729461612482286e-06	0.0009315938552698216	0.011637438182882806
5,11	-0.007840854903024977	0.001363541672100234	8.988002072235125e-09	-0.0131931693347906	-0.0024885404712593553
5,12	0.00067463053808005	0.0013633936797350973	0.6207326842393348	-0.004677102978787318	0.006026364054947418
5,13	0.002833811977197306	0.0013633778846769095	0.03766934992995882	-0.0025178595392782747	0.008185483493672888
5,14	-0.005752634338050594	0.0013635540320795089	2.4623748274134218e-05	-0.011104997286481899	-0.00040027138961928974
5,15	-0.000715179287370752	0.0013636040077105208	0.5999503438674076	-0.0060677384053042975	0.0046373798305627935
6,7	-0.0006495658088500125	0.001363249972613726	0.6337334423455385	-0.0060007352317000134	0.004701603613999988
6,8	-0.0017303255438089818	0.00136335093050151	0.20438948365744417	-0.007081891256974742	0.003621240169356778
6,9	-0.0032661368916531985	0.0013632373933275845	0.01658688486099046	-0.008617256936991582	0.002084983153685184
6,10	0.004670930615723108	0.0013633495234978692	0.0006131680223293791	-0.000680629574526817	0.010022490805973033
6,11	0.0021396148205884147	0.0013632184847973765	0.11653415870360193	-0.0032114310030366263	0.007490660644213456
6,12	-0.00023243665958128448	0.0013631000457836656	0.8646018229775835	-0.005583017574171758	0.005118144255009189
6,13	0.0002473749299853091	0.0013631060917082387	0.8559929037587133	-0.005103229716691984	0.0055979795766626025
6,14	-0.0007375018159196077	0.0013631989326080049	0.5885057673362206	-0.0060884708912739595	0.004613467259434744
6,15	-0.0019550361912666504	0.0013632354563366132	0.15154946982281753	-0.0073061486333282554	0.0033960762507949547
7,8	0.055007303106077786	0.001363624634622206	0.0	0.04965466302126266	0.06035994319089291
7,9	0.004327387489388906	0.0013634125239304006	0.0015053082479971982	-0.0010244199966577992	0.009679194975435613
7,10	0.03149416659505476	0.0013635696129858273	4.736802342229237e-117	0.026141742486842676	0.03684659070326684
7,11	-0.009187891053958959	0.001363398734755749	1.6228229950430473e-11	-0.014539644413314855	-0.0038361376946030624
7,12	-0.0031623089298889887	0.0013632073879651992	0.020360454352125128	-0.00851331119508364	0.002188693335305661
7,13	0.0007649310909037532	0.0013632232878002196	0.5747201258180266	-0.0045861335859635165	0.006115995767771023
7,14	-0.02001055393672202	0.001363367482958322	1.3068975795089578e-48	-0.02536218462329878	-0.01465892325014526
7,15	0.005422552576953253	0.0013633512712934977	6.983807899745912e-05	7.098552607562834e-05	0.010774119627830878
8,9	-0.013255338767048867	0.0013635247710003762	2.6285471025766937e-22	-0.01860758685687384	-0.007903090677223893
8,10	-0.03882910926101575	0.0013638652933981239	4.8305358857966e-176	-0.044182694004484026	-0.03347552451754748
8,11	0.0031025600825024934	0.001363489938281947	0.022885363821908183	-0.0022495512783428234	0.00845467144334781
8,12	-0.011201447373877902	0.001363366601975017	2.1837530448442111e-16	-0.016553074602328112	-0.005849820145427694
8,13	-0.0008984061990501245	0.0013633427915472947	0.5099178954348211	-0.006249939964353199	0.00445312756625295
8,14	0.011375404896690623	0.0013634645598674987	7.53518081091962e-17	0.0060233931538156895	0.016727416639565555
8,15	0.0025146626722688456	0.0013635863291764354	0.065170184707694	-0.002837827052059023	0.007867152396596714
9,10	0.07224437873623389	0.0013634866958649654	0.0	0.06689228010285819	0.07759647736960959
9,11	-0.00842613460237876	0.0013633457779362302	6.469233955724296e-10	-0.013777680090163754	-0.003074589114593766
9,12	-0.002087106179159694	0.001363215271125071	0.12577520492772917	-0.007438139388146685	0.0032639270298272967
9,13	-0.0008034045734140981	0.0013632045529437913	0.5556307720113658	-0.0061543957102902615	0.004547586563462065
9,14	-0.01571129111458649	0.001363330875970567	1.1488406309199534e-30	-0.021062778107638604	-0.010359804121534375
9,15	0.0018374290714960224	0.001363328818936939	0.17774791734569115	-0.003514049847075495	0.00718890799006754
10,11	-0.02075313445325932	0.0013634493733628412	3.9397011268937754e-52	-0.02610508658449956	-0.015401182322019077
10,12	-0.015817328781054647	0.0013633499040388872	4.669647385405915e-31	-0.02116889046504343	-0.010465767097065863
10,13	-0.00019136652487709155	0.0013633763072926025	0.8883747083543643	-0.0055430318496410705	0.005160298799886887
10,14	0.018258118598606488	0.0013634783718018384	8.856437484593039e-41	0.01290605263970207	0.023610184557510905
10,15	0.0066568824313092585	0.001363598163731986	1.0561128030910996e-06	0.0013043462527631113	0.012009418609855407
11,12	-0.006530332656130254	0.0013632240956219844	1.6724375306610894e-06	-0.011881400503942848	-0.0011792648083176604
11,13	0.001677816000437606	0.0013631874069459655	0.21840555452886418	-0.0036731078331991426	0.007028739834074355
11,14	-0.020027574300517274	0.0013633147480869973	1.0794299686497244e-48	-0.025378997986737078	-0.01467615061429747
11,15	0.001369547824763638	0.0013633633462427285	0.3151279890682966	-0.003982066623950338	0.006721162273477614
12,13	-0.0009139105184588249	0.0013631144724072812	0.5025710374094301	-0.006264548061920537	0.0044367270250028875
12,14	0.010468212997021619	0.0013631669183767057	1.6456385976375406e-14	0.005117369587230492	0.015819056406812748
12,15	0.0015145949005627938	0.0013632625334287398	0.2665736417448487	-0.00383662382729405	0.006865813628419638
13,14	-0.008564702028806376	0.001363203248671453	3.3694258896213895e-10	-0.01391568804601821	-0.0032137160115945414
13,15	-0.015361114892872202	0.0013631832155683817	2.1370855981242365e-29	-0.020712022274081282	-0.01001020751166312
14,15	0.08842879602053227	0.0013633475892079407	0.0	0.08307724342295672	0.09378034861810783
1,2,3	-0.002245121600682012	0.001363218669295061	0.09958307967342027	-0.007596168148516397	0.0031059249471523725
1,2,4	-0.0022449650086353995	0.00136334964674758	0.09963922920498709	-0.007596525682677803	0.003106595665407004
1,2,5	-0.010789070098710099	0.0013631920365258458	2.5625206783123685e-15	-0.016140012104851373	-0.005438128092568825
1,2,6	-0.0021527749186289243	0.0013629469884963404	0.11423148073058693	-0.007502755036966082	0.0031972051997082333
1,2,7	-0.0029161593198365303	0.001363016911853198	0.03240380712783495	-0.008266413908547189	0.0024340952688741294
1,2,8	-0.0036228546649611747	0.0013631356039709832	0.007870736878692273	-0.008973575156216624	0.0017278658262942746
1,2,9	-0.001992711876391596	0.0013630100925197755	0.14375301917322256	-0.007342939697151235	0.003357515944368043
1,2,10	-0.006463531017566268	0.00136307689296195	2.1268646450756636e-06	-0.01181402105031254	-0.0011130409848199947
1,2,11	-0.0025217385896558293	0.0013630356439335567	0.06430998550271129	-0.007872066707460679	0.0028285895281490205
1,2,12	-0.0012354796248235933	0.0013629291001695752	0.36468428968593636	-0.006585389526055205	0.0041144302764080185
1,2,13	0.0003104614829703839	0.0013629026869528336	0.8198076327133885	-0.005039344738378136	0.005660267704318904
1,2,14	-0.0016474246208796894	0.0013630113299913115	0.22680054007613062	-0.006997657299090257	0.003702808057330878
1,2,15	0.003841213751969502	0.0013630506868891024	0.004833893511548994	-0.00150917341399626	0.009191600917935264
1,3,4	0.011123598280252944	0.0013636841366330716	3.560902127365254e-16	0.005770724632006651	0.01647647192849924
1,3,5	-0.007020956765742731	0.0013635041169149829	2.6317797897289964e-07	-0.012373123782021081	-0.0016687897494643798
1,3,6	-0.0029799048818964294	0.0013631380330718073	0.028818406055852112	-0.008330634908109015	0.0023708251443161563
1,3,7	0.001185097315052664	0.0013632766515268068	0.38468934873727145	-0.004166176830619109	0.006536371460724437
1,3,8	-0.007877179829971997	0.0013634949645489382	7.667265265125566e-09	-0.013229310920439007	-0.002525048739504987
1,3,9	-0.0021860479740213982	0.001363233000608665	0.10881757808086433	-0.0075371507766063325	0.003165054828563536
1,3,10	-0.009887111690650697	0.0013634033760893762	4.2081803522683694e-13	-0.01523888326864814	-0.0045353401126532545
1,3,11	-0.0025013466078959434	0.001363258287251919	0.06654041708119268	-0.007852548668221503	0.0028498554524296156
1,3,12	-0.000695794419623131	0.0013631324669284967	0.6097483324138473	-0.006046502597035801	0.004654913757789539
1,3,13	-0.0006806530016352924	0.001363084171926928	0.6175379324521304	-0.006031171606525782	0.004669865603255197
1,3,14	0.0005963065637015616	0.0013631753579170403	0.661795754084537	-0.004754569973843895	0.005947183101247018
1,3,15	-0.00274811035032395	0.001363305049960591	0.043832476187252174	-0.008099495968457542	0.002603275267809642
1,4,5	-0.009511105172472015	0.0013635326345006907	3.111781199168647e-12	-0.014863384128919608	-0.004158826216024422
1,4,6	0.001105308533225581	0.001363259323654936	0.41749601205047293	-0.004245897595296014	0.006456514661747176
1,4,7	0.0058462603261937585	0.0013634239377217946	1.8088823796707272e-05	0.0004944080375556478	0.011198112614831869
1,4,8	0.008295906115273402	0.0013635890600845841	1.186686364811001e-09	0.0029434056713031525	0.013648406559243653
1,4,9	0.005152825963054185	0.001363372435272161	0.00015745312281093031	-0.00019882416285572652	0.010504476088964095
1,4,10	0.0005689583390195499	0.0013634941997450623	0.6764767524565077	-0.004783169749360392	0.0059210864273994916
1,4,11	-0.001243502062043659	0.001363411262963726	0.3617483223530431	-0.006595304598413894	0.004108300474326576
1,4,12	-0.00038032705049330373	0.0013632580350792297	0.7802590166750041	-0.005731528120964609	0.004970874019978001
1,4,13	-0.0010225623217820644	0.0013632326528065066	0.45319944245808397	-0.006373663759138089	0.004328539115573959
1,4,14	0.001973625206445442	0.001363341694925711	0.14772832597198665	-0.003377904254285467	0.007325154667176351
1,4,15	0.0008556981468534688	0.001363451828748752	0.5302726085408057	-0.004496263622520842	0.006207659916227779
1,5,6	-0.002813711390885626	0.0013631194094476792	0.039009725792606996	-0.008164368313727605	0.0025369455319563528
1,5,7	-0.001778358301946656	0.0013632658248113468	0.19207822677128064	-0.007129589949478042	0.00357287334558473
1,5,8	-0.007485758340218595	0.0013633360444359835	4.032965378587866e-08	-0.01283726562106433	-0.0021342510593728593
1,5,9	-0.0036904223307842677	0.0013632116499429116	0.006789976306464053	-0.009041441325533492	0.0016605966639649562
1,5,10	-0.0013596667308125743	0.0013632737880247196	0.3186003505844019	-0.006710929636370561	0.003991596174745413
1,5,11	-0.0018200009049326171	0.0013632397744026072	0.18186784223437355	-0.007171130296712305	0.003531128486847071
1,5,12	-0.00271328188682402	0.0013630992054887723	0.0465418948408903	-0.008063859503002296	0.0026372957293542545
1,5,13	-0.0008219676669658157	0.0013630714563646776	0.5464956876574956	-0.006172436359419646	0.004528501025488014
1,5,14	-0.0022922297646603904	0.0013631864600360626	0.09267127985508572	-0.007643149881388707	0.0030586903520679262
1,5,15	-0.0008847636042618665	0.0013632252375992827	0.5163287051572807	-0.0062358359346815564	0.0044663087261578235
1,6,7	0.0014737995158027404	0.0013629764659338292	0.2795677436526595	-0.003876296310412886	0.006823895342018367
1,6,8	-0.0017708163385785763	0.0013630266073666629	0.19389186169296382	-0.007121108985118859	0.0035794763079617063
1,6,9	-0.0006843933124610953	0.0013629737047346653	0.6155778890296024	-0.006034478300132924	0.004665691675210733
1,6,10	-0.0013078870363980605	0.001363024861844093	0.3372904260902895	-0.006658172831233087	0.004042398758436966
1,6,11	-0.0008669229945555586	0.00136299888479412	0.52475442829173	-0.0062171068215942865	0.004483260832483169
1,6,12	0.0016217099984507724	0.001362917781745115	0.23410217133553965	-0.0037281554745335604	0.006971575471435105
1,6,13	0.00083044328609563	0.0013628760553287427	0.5423091599906925	-0.004519258398054738	0.006180144970245998
1,6,14	0.00039226524128540587	0.001362946087506474	0.7734964843125847	-0.004957711340393384	0.005742241822964195
1,6,15	0.0005198517219165838	0.0013629918303465118	0.7029054328134741	-0.004830304414276669	0.005870007858109837
1,7,8	-0.0018873040123294008	0.001363166894247138	0.16621538670070543	-0.007238147327404659	0.0034635393027458578
1,7,9	0.0034648550885284547	0.0013630673031429404	0.011028222598858653	-0.0018855973012709736	0.008815307478327882
1,7,10	-0.006169928598898618	0.0013631626905686641	6.0278183779720476e-06	-0.011520755413261488	-0.0008191017845357489
1,7,11	4.5687285220481766e-05	0.001363115835985418	0.9732626797302546	-0.005304955610698798	0.005396330181139762
1,7,12	0.0009942251468027467	0.0013629580668370932	0.4657249899205852	-0.004355798457380355	0.006344248750985848
1,7,13	0.00014337767606537044	0.0013629710134756003	0.9162217859252202	-0.0052066967475987505	0.005493452099729491
1,7,14	0.0004596851755750038	0.0013630589465644964	0.7359342752182407	-0.0048907344121206665	0.005810104763270674
1,7,15	0.002371353958475717	0.0013630630370981803	0.08191724572323215	-0.0029790816858047417	0.0077217896027561754
1,8,9	0.0012192737144482886	0.0013631247062044168	0.3710775146560149	-0.004131403999769641	0.006569951428666218
1,8,10	-0.006284220222161383	0.0013632540051659525	4.047990076067229e-06	-0.011635405474001374	-0.0009330349703213928
1,8,11	-0.002273526532267006	0.0013631531130016339	0.09535671697523125	-0.0076243157517757645	0.003077262687241752
1,8,12	-0.001935864103584972	0.0013630261077045578	0.15553924732809796	-0.007286154788800015	0.0034144265816300713
1,8,13	0.00015901839098379084	0.0013629830990205419	0.9071228043649409	-0.005191103472108057	0.005509140254075639
1,8,14	0.0016251269514448163	0.001363081219318604	0.23317416562030624	-0.003725380063562894	0.006975633966452527
1,8,15	-0.0041004422383973185	0.0013631986035933462	0.0026321933528482195	-0.009451410022269392	0.0012505255454747545
1,9,10	-0.005376769119975472	0.0013631204719885036	8.015521220897527e-05	-0.010727430213612305	-2.6108026338639116e-05
1,9,11	-0.00036919129024982206	0.0013630660769228065	0.7865054524914347	-0.005719638866763486	0.0049812562862638415
1,9,12	-0.0004019569975076895	0.0013629501914500701	0.7680593412906843	-0.005751949688409238	0.004948035693393859
1,9,13	0.0008753825308178542	0.0013629430012037766	0.5207001431077412	-0.00447458193618721	0.006225346997822919
1,9,14	0.000772051515644967	0.0013630294138025601	0.5711101656125821	-0.004578252147007006	0.00612235517829694
1,9,15	0.0022167960421089934	0.001363024224010226	0.10387878415872485	-0.0031334872490347407	0.0075670793332527275
1,10,11	-0.0014314760063905696	0.0013631129412469587	0.29365625386450445	-0.006782107539583833	0.003919155526802694
1,10,12	0.001290756708490319	0.0013630315399557585	0.3436588490897585	-0.004059555299957518	0.006641068716938156
1,10,13	-0.0014642195169189375	0.0013629949234098423	0.28271161206179946	-0.00681438779432345	0.003885948760485575
1,10,14	-0.0018999505323925928	0.0013630961763179544	0.1633730237256389	-0.00725051625815709	0.003450615193371904
1,10,15	-0.003683529169731758	0.0013631985259425726	0.006893548491369402	-0.009034496648801004	0.0016674383093374882
1,11,12	-0.0010137714623207703	0.0013629803500226005	0.4570089689562671	-0.006363882534762317	0.004336339610120777
1,11,13	-0.0004097890290700387	0.0013629227013708333	0.7636686670175493	-0.00575967381307674	0.004940095754936663
1,11,14	-0.0010118822606564014	0.0013630406933820265	0.45786797941596036	-0.006362230199077277	0.0043384656777644744
1,11,15	-0.0016812767577154587	0.0013630614771245196	0.21741482180385663	-0.00703170627862638	0.0036691527631954627
1,12,13	6.439701076527138e-05	0.0013628756765596986	0.9623136149903377	-0.005285303186601772	0.005414097208132315
1,12,14	-4.254050440666334e-05	0.0013629076488877263	0.975099831406528	-0.005392366202853887	0.0053072851940405615
1,12,15	0.0017640901906673737	0.0013630071571612242	0.19558401026256841	-0.003586126107920074	0.0071143064892548215
1,13,14	-0.0003624821102469634	0.0013629128555962945	0.7902707430812776	-0.005712328246603774	0.004987364026109847
1,13,15	-0.00088587443699948	0.0013629376083911383	0.5157135763730893	-0.006235817735580064	0.004464068861581104
1,14,15	-0.0012275936708320135	0.0013630180249934601	0.367784681919857	-0.006577852628955659	0.0041226652872916325
2,3,4	0.026423055971778915	0.001363757504778252	3.834817626922333e-83	0.021069894331320636	0.031776217612237194
2,3,5	-0.0036707759206138224	0.001363546340272812	0.0071045600539987085	-0.009023108676372009	0.0016815568351443632
2,3,6	-0.00075657808005683	0.0013631473461155827	0.5788829135932505	-0.006107344662789559	0.004594188502675899
2,3,7	0.0024890644379659405	0.001363297876199116	0.06789485624119734	-0.002862293020979078	0.007840421896910959
2,3,8	-0.018082503263124973	0.0013635657719893988	4.983371192492062e-40	-0.023434912294261645	-0.012730094231988301
2,3,9	-0.003260166069262641	0.0013633279015473842	0.016793344016936804	-0.008611641386802042	0.00209130924827676
2,3,10	-0.011931574451778296	0.0013634666620223506	2.2202366649177253e-18	-0.01728359444624831	-0.006579554457308283
2,3,11	0.0007088365954036249	0.0013632767096815983	0.6031016514230141	-0.004642437778543335	0.006060110969350585
2,3,12	-0.00044416739137093184	0.0013631446065189392	0.7445473923121839	-0.005794923220356304	0.00490658843761444
2,3,13	-0.000410700515324605	0.001363109043221106	0.7631901107214855	-0.005761316747584679	0.004939915716935469
2,3,14	0.001168855688118961	0.0013632126578612149	0.3912153564873122	-0.004182167263015162	0.006519878639253084
2,3,15	-0.007337215112241616	0.0013632784627781074	7.417556304968135e-08	-0.01268849636762384	-0.001985933856859393
2,4,5	0.008010873240744475	0.001363601781436948	4.276518777630917e-09	0.0026583228616096147	0.013363423619879335
2,4,6	0.00010135484854632837	0.0013632820517103154	0.9407353858666911	-0.005249940494482826	0.005452650191575483
2,4,7	0.00604189224012092	0.0013634949559638671	9.403599437888491e-06	0.0006897611833529159	0.011394023296888923
2,4,8	0.009213760298837033	0.0013636519532219393	1.4365680383515685e-11	0.0038610129802360968	0.014566507617437968
2,4,9	0.0008543956489386467	0.0013634346572186401	0.5308935753675266	-0.0044974987169742854	0.006206290014851579
2,4,10	0.005462750670617298	0.001363535819747172	6.18163186373408e-05	0.00011045921111163363	0.010815042130122963
2,4,11	0.0006072654806428893	0.0013634167774128122	0.6560339744109611	-0.004744558701611759	0.005959089662897538
2,4,12	0.00047978232432030476	0.0013632831428970513	0.7248919769418722	-0.004871517301947589	0.0058310819505881985
2,4,13	0.0008685547603947165	0.0013632281181694384	0.5240442342581719	-0.004482528877136103	0.006219638397925536
2,4,14	-0.0002215185547192952	0.001363388893173309	0.8709317381008191	-0.00557323328288056	0.005130196173441969
2,4,15	0.0019349219202927552	0.001363449776977333	0.15586904403329022	-0.0034170317952567242	0.007286875635842235
2,5,6	-0.0007444491916689146	0.0013631270328785022	0.5849781336323363	-0.006095136038787979	0.00460623765545015
2,5,7	0.001031336317717249	0.0013633162052812022	0.4493606049590728	-0.004320093088431569	0.006382765723866067
2,5,8	-0.008962348194942297	0.0013634487559543822	4.998609459766046e-11	-0.014314297902667163	-0.0036103984872174304
2,5,9	-0.0008044165319430266	0.00136327505544355	0.5551534715907387	-0.006155684412504151	0.004546851348618098
2,5,10	-0.01149689235497156	0.0013633344546642155	3.513903045945498e-17	-0.016848393395481154	-0.006145391314461967
2,5,11	-0.0027732963788015736	0.0013632338221420826	0.04192459685401932	-0.008124402406154228	0.00257780964855108
2,5,12	-0.0019757439317775113	0.001363138343745139	0.1472336156006961	-0.007326475177477107	0.003374987313922084
2,5,13	-0.0013555794429207547	0.0013630940108002882	0.31999344694299153	-0.006706136668371917	0.003994977782530408
2,5,14	0.0012292786190216815	0.0013632542034455373	0.3672105899671505	-0.00412190741112579	0.006580464649169153
2,5,15	-0.0023888397268278716	0.00136323915215529	0.07972750401235457	-0.007739966676098201	0.0029622872224424578
2,6,7	-6.567530174039771e-05	0.0013629980538723524	0.9615695556038761	-0.005415855867159287	0.0052845052636784915
2,6,8	-0.0009459088515955325	0.0013630321263695675	0.48770365911701374	-0.006296223161895346	0.004404405458704281
2,6,9	-0.0003380550427670467	0.0013629914077283036	0.8041171999080964	-0.005688209520055712	0.005012099434521619
2,6,10	-0.002086162463337043	0.001363048889202727	0.12590017552031335	-0.007436542572838798	0.003264217646164712
2,6,11	-0.0008654942276838731	0.0013629605043137785	0.5254262033236783	-0.0062155273997019055	0.004484538944334159
2,6,12	-0.0003955036958586122	0.0013629047594706323	0.7716714788107011	-0.005745318052467792	0.004954310660750568
2,6,13	-0.0015586202671514088	0.0013628675177092436	0.25278460324518953	-0.006908288438556994	0.0037910479042541764
2,6,14	0.00014638940153903837	0.0013629592173083393	0.91446792905791	-0.005203638718592479	0.005496417521670556
2,6,15	0.0005530910324822308	0.0013629801346229553	0.6848957281226375	-0.0047970191944504085	0.00590320125941487
2,7,8	-0.003951613909926187	0.001363229509973676	0.003749550243770932	-0.009302703010710575	0.0013994751908582015
2,7,9	-0.0015027613154418255	0.0013631367610902416	0.27028373084319385	-0.006853486348741154	0.003847963717857503
2,7,10	8.756427162598e-05	0.0013632101524673629	0.9487844136577354	-0.005263448845077744	0.0054385773883297035
2,7,11	-0.0029586192254895255	0.0013631006577390018	0.029975956275597015	-0.008309202542190213	0.0023919640912111618
2,7,12	0.0005803890789250199	0.0013629666610679649	0.6702362601393445	-0.004769668260219664	0.005930446418069704
2,7,13	0.0002960513217906621	0.0013629749549585184	0.8280463731203741	-0.005054038573388805	0.005646141216970129
2,7,14	-1.6043744497431026e-05	0.0013630914494207184	0.9906090978844283	-0.005366590915757279	0.005334503426762417
2,7,15	0.0006811438830640597	0.0013630666524807066	0.61727977703697	-0.004669305952688847	0.006031593718816967
2,8,9	-0.002266714526728478	0.0013632294949798946	0.0963717980898867	-0.007617803568657729	0.0030843745152007726
2,8,10	-0.005266175676705473	0.0013633753666563967	0.00011241138216481396	-0.01061783730918718	8.548595577623653e-05
2,8,11	-0.0065316771005150855	0.0013631630837490259	1.6624655092188993e-06	-0.01188250545823007	-0.0011808487428001
2,8,12	-0.001973027807993368	0.001363087606858629	0.14777545814690654	-0.007323559896032111	0.003377504280045375
2,8,13	0.00011932861080757654	0.001363021466917252	0.9302371880184745	-0.005230943857910399	0.005469601079525552
2,8,14	-0.0025775277221912547	0.0013631257374730325	0.05864756648301839	-0.007928209484451137	0.0027731540400686284
2,8,15	-0.005616568986425537	0.001363227242083488	3.797565134345781e-05	-0.01096764918505341	-0.000265488787797666
2,9,10	-0.0038479875977543276	0.0013631753663512108	0.004763447812817726	-0.00919886416840646	0.001502888972897804
2,9,11	-0.0014934056335398592	0.0013630756769264145	0.2732558800502588	-0.006843890892978004	0.0038570796258982857
2,9,12	-0.00039022341011026723	0.001362995520952233	0.7746514904245234	-0.005740394033049813	0.004959947212829279
2,9,13	0.00013115047692037257	0.001362975220367292	0.9233435477188188	-0.005218940460068992	0.005481241413909736
2,9,14	-0.001435120440021434	0.0013631031163774251	0.2924254856641539	-0.006785713407623289	0.003915472527580421
2,9,15	0.0016426306779000754	0.0013630507369949971	0.22816863317290573	-0.0037077566847465125	0.006993018040546663
2,10,11	-0.002492410715176887	0.0013631102527009182	0.06748804490130512	-0.007843031695011887	0.002858210264658113
2,10,12	0.0003699729845350469	0.0013630287586082386	0.7860586832573244	-0.004980328106280587	0.005720274075350681
2,10,13	0.00031874372078041	0.001362996033789267	0.8150989150714311	-0.0050314289151999645	0.0056689163567607845
2,10,14	-0.000132612552575408	0.0013631499529424482	0.9225015580579002	-0.005483389367893865	0.005218164262743049
2,10,15	-0.0033148293680298375	0.0013631940028164342	0.015035217697608039	-0.008665779092457769	0.002036120356398093
2,11,12	-0.00020925960538398236	0.0013629886903107893	0.8779813503156195	-0.005559403415985097	0.005140884205217132
2,11,13	0.0007657885757646268	0.001362914612520444	0.5742047411631015	-0.004584064457052096	0.00611564160858135
2,11,14	-0.002915098983960829	0.001363045021098029	0.03247037719815068	-0.008265463909978996	0.002435265942057338
2,11,15	-0.0009322671854774152	0.0013630274867607044	0.4940004279080914	-0.006282563283905906	0.004418028912951076
2,12,13	-4.980794802712796e-05	0.0013628786606323241	0.9708471252547187	-0.005399519858783872	0.005299903962729616
2,12,14	-0.0009560940328098219	0.0013629311767579225	0.4829972435478668	-0.006306012085280231	0.0043938240196605876
2,12,15	-0.00057196702236402	0.0013629829987537887	0.6747487456858725	-0.005922088491878465	0.004778154447150425
2,13,14	-0.0009251779400213343	0.0013629434825458552	0.49726407021348895	-0.00627514429643998	0.004424788416397311
2,13,15	0.0005293864796979478	0.0013629258747518975	0.697708528972523	-0.004820510760791467	0.005879283720187363
2,14,15	0.004013810603397974	0.0013630337077627879	0.0032343990175795847	-0.0013365099143496416	0.009364131121145591
3,4,5	-0.08719187581064362	0.0013639282283647355	0.0	-0.0925457075929351	-0.08183804402835215
3,4,6	0.007560178338740172	0.0013636345733098623	2.9778243363828012e-08	0.0022074992415630004	0.012912857435917344
3,4,7	0.018665400520844477	0.0013638730462666325	1.6407794178304552e-42	0.013311785345016963	0.024019015696671992
3,4,8	0.06750945626597996	0.0013641438578014542	0.0	0.06215477807277954	0.07286413445918037
3,4,9	0.01699137135342361	0.0013638427377882284	1.5270987981508736e-35	0.011637875147562093	0.02234486755928513
3,4,10	0.07571230107089143	0.001364021839818108	0.0	0.07035810183526639	0.08106650030651646
3,4,11	0.003826979179401599	0.0013637328499967356	0.005015224937106878	-0.0015260856835649294	0.009180044042368128
3,4,12	0.004858534596472362	0.001363589625803507	0.0003671182308952983	-0.000493968068116162	0.010211037261060887
3,4,13	0.001583667923710298	0.001363565201863697	0.24548116700140737	-0.0037687388695101555	0.006936074716930751
3,4,14	0.005788713793165808	0.001363765988637541	2.1956081576958707e-05	0.00043551885098786977	0.011141908735343747
3,4,15	0.01785157100099153	0.0013638949623259369	4.839471429732897e-39	0.012497869797987213	0.023205272203995847
3,5,6	-0.0030496586290640545	0.0013634413020298603	0.025310584172762645	-0.008401579077875455	0.0023022618197473454
3,5,7	0.001401424250983047	0.0013637124640008028	0.3041206519126409	-0.003951560590769264	0.006754409092735358
3,5,8	-0.014331806180816217	0.0013639344228546899	8.787893897181025e-26	-0.01968566227835867	-0.008977950083273763
3,5,9	-0.0020788688376272586	0.0013636897908185423	0.12740790197371127	-0.007431764680265638	0.0032740270050111205
3,5,10	-0.08818139092255478	0.0013637833922227817	0.0	-0.09353465417908083	-0.08282812766602873
3,5,11	-0.006476585231447639	0.0013635962476386588	2.0468431333406768e-06	-0.011829113888746598	-0.00112405657414868
3,5,12	-0.0028366041365434315	0.001363440078194839	0.03749001081879651	-0.008188519781431357	0.002515311508344494
3,5,13	-0.002529204487493237	0.0013634297662144042	0.06360118112861084	-0.007881079654731796	0.002822670679745321
3,5,14	-0.0008112033038764101	0.0013635828801780074	0.5519107636068632	-0.006163679489839857	0.004541272882087037
3,5,15	-0.018386687795710212	0.001363658007617915	2.5556611779256183e-41	-0.02373945887965079	-0.013033916711769632
3,6,7	-0.0021335072360098156	0.0013632454478255307	0.11758816844765506	-0.007484658897694423	0.003217644425674792
3,6,8	-0.0038628625657878713	0.0013634087739779171	0.004610836566479422	-0.00921465533213425	0.0014889302005585076
3,6,9	-0.0028726340140565326	0.001363216336649554	0.03510406569168351	-0.00822367140555014	0.002478403377437076
3,6,10	0.003308036318405672	0.0013633392107286432	0.015254126820492781	-0.002043483391098641	0.008659556027909986
3,6,11	-0.00196519304738049	0.001363185443247274	0.1494200793004549	-0.007316109172904563	0.003385723078143584
3,6,12	-0.00024079818080349584	0.0013630937995828874	0.8597800435278302	-0.005591354577162328	0.0051097582155553364
3,6,13	-0.0012951929910842985	0.0013630687341956702	0.3420160708683253	-0.006645650998199527	0.00405526501603093
3,6,14	-0.0004395073735132867	0.0013631546017164996	0.747137203417423	-0.005790302436679209	0.004911287689652636
3,6,15	-0.0022898231553907036	0.0013632220305536034	0.09302293559931947	-0.00764088289718386	0.003061236586402453
3,7,8	-0.027711902957516008	0.001363674362255284	3.217228060148475e-91	-0.0330647382383663	-0.022359067676665713
3,7,9	-0.006016672538270564	0.001363431867908679	1.0234064428000374e-05	-0.011368555955296296	-0.0006647891212448317
3,7,10	0.006513592442026966	0.00136357877493078	1.788793381236933e-06	0.0011611323704034254	0.011866052513650506
3,7,11	-0.0052909780291404765	0.0013634025849000927	0.00010436247625556367	-0.010642746501480125	6.079044319917161e-05
3,7,12	-0.0009205120814763899	0.0013632072994107923	0.499518965121567	-0.006271513999068147	0.004430489836115367
3,7,13	0.0014779389596743485	0.0013632094663685525	0.27830162128033714	-0.0038730714638835475	0.0068289493832322445
3,7,14	0.001033556138771194	0.001363328190562404	0.44838933805667214	-0.004317920313239776	0.006385032590782164
3,7,15	0.003460624835307461	0.0013633349960414376	0.011142369239884098	-0.0018908783302718528	0.008812128000886776
3,8,9	-0.005497713000534804	0.0013636582466989113	5.553132007623692e-05	-0.010850485022940774	-0.00014494097812883452
3,8,10	-0.05919570758457579	0.0013640004853559596	0.0	-0.06454982299746312	-0.05384159217168847
3,8,11	-0.00999677821460817	0.0013635348748009038	2.3305908559060764e-13	-0.015349065964913262	-0.004644490464303075
3,8,12	6.494566492499729e-05	0.00136342387423277	0.9620080440114315	-0.0052869063744994445	0.005416797704349439
3,8,13	-0.0016695286418769162	0.001363386170186891	0.2207556479340309	-0.0070212326814909935	0.003682175397737161
3,8,14	-0.001382620920119343	0.0013635489546096136	0.3105967792918179	-0.006734963937942031	0.003969722097703346
3,8,15	-0.02176712571122691	0.0013636944814360416	3.95753822355981e-57	-0.02712003996596097	-0.01641421145649285
3,9,10	-0.004737165657917059	0.001363518274523178	0.0005130280960750234	-0.010089388247099571	0.000615056931265452
3,9,11	0.0007769955855433212	0.0013633714040722517	0.5687445232632722	-0.0045746504925943295	0.006128641663680972
3,9,12	0.0002578358680300763	0.0013632102148469765	0.8499853005120753	-0.005093177493532541	0.005608849229592694
3,9,13	0.0011646568392009657	0.0013632053693481364	0.39291667220240545	-0.004186337502309753	0.006515651180711684
3,9,14	-0.0025500592853547367	0.0013633346891218621	0.06142965576070179	-0.007901561246181672	0.0028014426754721985
3,9,15	-0.005235914574211305	0.0013633369076711892	0.00012301836928556843	-0.01058742524351692	0.00011559609509431083
3,10,11	-0.0038718673977322163	0.0013634237904658318	0.004516916448690896	-0.009223719108346032	0.0014799843128815984
3,10,12	0.001968583267586546	0.0013633482104541796	0.14876785855032906	-0.0033829717685688373	0.0073201383037419295
3,10,13	0.0008511180568976894	0.0013633134104195077	0.5324344072461056	-0.004500300378571693	0.006202536492367071
3,10,14	0.00414579990237917	0.0013634753747200953	0.0023629251194493836	-0.0012062542920708158	0.009497854096829156
3,10,15	-0.01411051589419867	0.0013636287302275947	4.700611743028345e-25	-0.019463172055506565	-0.008757859732890777
3,11,12	-0.0011934412526956178	0.0013631719764146091	0.38131492702166914	-0.006544304516818902	0.004157422011427666
3,11,13	-0.0006637968554708343	0.001363139908276924	0.626288914958175	-0.006014534242431986	0.004686940531490318
3,11,14	0.0004951924152233611	0.0013632596413317595	0.7164269722946641	-0.004856014960276072	0.005846399790722794
3,11,15	-0.002980928868792733	0.0013633238542451896	0.028785271801391118	-0.008332388299444047	0.0023705305618585814
3,12,13	-0.0008963004260111249	0.0013630743186926393	0.5108270166835549	-0.006246780353969942	0.0044541795019476926
3,12,14	-0.0011100934680391972	0.0013631274843784321	0.4154378029982657	-0.0064607820874323625	0.004240595151353968
3,12,15	-0.005496515313391284	0.0013632146413152949	5.5429050758233866e-05	-0.010847546050183971	-0.00014548457659859654
3,13,14	0.001691221805125976	0.001363129819263469	0.21472950190473872	-0.0036594759793987987	0.007041919589650751
3,13,15	-0.0006730835155419404	0.0013631546634271948	0.6214727878720536	-0.006023878820941049	0.004677711789857169
3,14,15	-0.006122054108008441	0.0013633162503577053	7.128914310360478e-06	-0.011473483691096199	-0.0007706245249206826
4,5,6	-0.01092252573166425	0.0013634610309960621	1.1780539482915761e-15	-0.01627452362264899	-0.005570527840679512
4,5,7	-0.03268414574444661	0.001363655409256934	8.143602180217706e-126	-0.03803690662903263	-0.0273313848598606
4,5,8	-0.05386288959622103	0.001363818100492276	0.0	-0.05921628909322693	-0.048509490099215125
4,5,9	-0.005592065235593455	0.0013636812921517913	4.129176515222274e-05	-0.010944927718388396	-0.00023920275279851362
4,5,10	-0.049399627953179356	0.001363726775858206	1.6515368509593933e-281	-0.05475266897331073	-0.044046586933047985
4,5,11	-0.016832080219600195	0.001363616711426143	6.350537704807472e-35	-0.02218468920346879	-0.011479471235731597
4,5,12	-0.0008741020137767114	0.0013634505210102707	0.521465314790829	-0.006226058649881031	0.004477854622327609
4,5,13	0.0016051989427650001	0.0013634500747048135	0.2390820419001727	-0.003746755941455099	0.006957153826985099
4,5,14	-0.009344721601577463	0.0013635968099735226	7.365644380745902e-12	-0.014697252466211239	-0.003992190736943688
4,5,15	0.009388967053862017	0.001363647096435293	5.8797727095242986e-12	0.004036238799621042	0.014741695308102992
4,6,7	-0.00014076603784053676	0.0013633876413039255	0.917767392949334	-0.005492475852034957	0.005210943776353883
4,6,8	0.004109983774826364	0.0013635038285151058	0.0025779496177957494	-0.0012421821093950378	0.009462149659047766
4,6,9	0.0005786719168524232	0.0013633570071898426	0.6712432307504603	-0.00477291764915724	0.005930261482862086
4,6,10	0.004766803852909743	0.001363408223793266	0.00047251449985286786	-0.0005849867537950871	0.010118594459614574
4,6,11	0.0002638195283512952	0.0013633477434922435	0.8465619165182658	-0.005087733674836926	0.005615372731539516
4,6,12	0.0028435324094236297	0.0013632193438898128	0.03699620059067989	-0.0025075167863996646	0.008194581605246925
4,6,13	-0.0014551548632500341	0.0013632037678978032	0.2857759070945755	-0.0068061429185827015	0.0038958331920826332
4,6,14	0.0004087892375247912	0.0013633109654019584	0.7642933139108623	-0.004942619600509483	0.005760198075559065
4,6,15	-9.98008223507818e-05	0.0013633553066619392	0.9416455575670941	-0.0054513837132728945	0.005251782068571331
4,7,8	0.0023871269816029502	0.0013638073519425188	0.08006939165684952	-0.002966230324086649	0.00774048428729255
4,7,9	0.0013449771316700054	0.0013635987171691395	0.323972049037212	-0.004007561219284748	0.006697515482624759
4,7,10	0.009739359394343512	0.0013636790350489928	9.4002916446931e-13	0.004386505771361315	0.01509221301732571
4,7,11	-0.005276419032224061	0.0013635492960873629	0.00010922520503025822	-0.010628763390450439	7.592532600231554e-05
4,7,12	0.002544535134280511	0.0013633427805676925	0.06199555594695591	-0.0028069985879242967	0.00789606885648532
4,7,13	0.001565236788317232	0.001363366759416533	0.2509495447870164	-0.003786391058138658	0.006916864634773122
4,7,14	-0.0019126517290188223	0.001363511931137615	0.16070450629278574	-0.007264849418489949	0.003439545960452304
4,7,15	0.0019160936414184988	0.0013635145608181412	0.1599536329244389	-0.003436114370345902	0.0072683016531829
4,8,9	0.013414114651757004	0.001363756320081537	8.487593811936765e-23	0.008060957661592483	0.018767271641921525
4,8,10	0.010885774480954347	0.0013639631491255716	1.5008420095768562e-15	0.005531805624090079	0.016239743337818614
4,8,11	0.004448092059772937	0.0013636746541621537	0.00110808853923058	-0.0009047443669003155	0.00980092848644619
4,8,12	0.0001943025871963197	0.001363526529305636	0.8866859622950202	-0.0051579524045098435	0.005546557578902483
4,8,13	-0.0005108978599866476	0.0013634849795174412	0.7078861061127009	-0.005862989756177989	0.004841194036204694
4,8,14	0.0011752864427678686	0.0013636299838874727	0.3887597319545404	-0.004177374639535103	0.00652794752507084
4,8,15	0.0031659694344493387	0.0013638236624874103	0.02027207119892523	-0.002187451895073634	0.00851939076397231
4,9,10	-0.005930847870704913	0.0013636236778808862	1.3698542533290842e-05	-0.011283484200020316	-0.0005782115413895108
4,9,11	-0.0002321435143905412	0.0013635163099841318	0.8648118255242253	-0.0055843583921617295	0.005120071363380647
4,9,12	0.0008374267552433278	0.0013633526026929563	0.5390606920974252	-0.004514145521780797	0.006188999032267452
4,9,13	0.0013493684911065375	0.0013633310645445136	0.32229981959326204	-0.004002119242155484	0.006700856224368559
4,9,14	-0.00036599804693861204	0.0013634822515411198	0.7883709594522752	-0.005718079234995884	0.00498608314111866
4,9,15	0.002016026226046432	0.0013634680604855806	0.13925683898658922	-0.003335999257815714	0.0073680517099085786
4,10,11	0.010958042859690188	0.0013635255640608432	9.56213674566768e-16	0.005605791656862459	0.016310294062517917
4,10,12	-0.00020759212951260847	0.0013634352770658055	0.8789854702209052	-0.005559488928513576	0.005144304669488359
4,10,13	-0.0002384675569919066	0.0013634099029132699	0.8611552104637509	-0.005590264754751791	0.0051133296407679775
4,10,14	0.0031806128304960705	0.001363588266991134	0.019679033696614764	-0.002171884500341955	0.008533110161334095
4,10,15	0.005425795782663036	0.0013637020582937043	6.944148083085343e-05	7.285178646566134e-05	0.01077873977886041
4,11,12	0.0009785028698112552	0.0013633336684661663	0.4729303081456223	-0.0043729950846326535	0.006330000824255164
4,11,13	0.0008434409832105728	0.0013633196594417404	0.5361402010628287	-0.004508001981565514	0.00619488394798666
4,11,14	-0.0020157572323403587	0.001363449721023949	0.13930428604822384	-0.007367710728255843	0.0033361962635751257
4,11,15	0.0002813738908880141	0.0013634624964313784	0.8365054570057514	-0.0050706297523746	0.005633377534150628
4,12,13	-0.0016344163815756145	0.0013632165884950721	0.23055991592212965	-0.006985454761639231	0.003716621998488002
4,12,14	-0.0012834047074819985	0.001363271909917085	0.34649945306638064	-0.006634660240898155	0.004067850825934158
4,12,15	0.0005518030820999553	0.0013633514523237788	0.6856712819588997	-0.004799764679376404	0.0059033708435763145
4,13,14	-0.00020713905435210643	0.0013632757296683162	0.8792335359455834	-0.005558409581449835	0.005144131472745622
4,13,15	0.001697695569701476	0.0013632998273075806	0.21303665402422203	-0.003653669547935761	0.007049060687338713
4,14,15	-0.002008570816079268	0.0013635117018618269	0.14073772664225676	-0.007360767605573419	0.0033436259734148837
5,6,7	-0.00040869049375026265	0.0013631992151254414	0.764329817829114	-0.0057596606780712	0.004942279690570674
5,6,8	-0.0010342630439137065	0.0013632903860601648	0.4480664323628162	-0.006385591101792645	0.004317065013965232
5,6,9	-0.0009985799669220106	0.0013631949934174172	0.46385118028846306	-0.006349533579759108	0.004352373645915087
5,6,10	-0.0062913681071494285	0.001363204308942318	3.944000493247611e-06	-0.011642358286245838	-0.0009403779280530182
5,6,11	0.0010293592324828182	0.0013631570000972857	0.4501773234433809	-0.004321445245054779	0.006380163710020415
5,6,12	-0.0025033024802497	0.0013630549135313624	0.0662875540102976	-0.007853706237067673	0.002847101276568273
5,6,13	0.0006001032635260667	0.0013630488938050525	0.6597479344457672	-0.00475027686404121	0.005950483391093344
5,6,14	0.0011641759479713906	0.0013631449898659064	0.3930911407723071	-0.004186581385767042	0.0065149332817098235
5,6,15	0.00037405421211120574	0.0013631680029197535	0.7837785369988599	-0.004976793454840172	0.005724901879062583
5,7,8	-0.01607436461695968	0.001363534582139437	5.213300526722561e-32	-0.02142665121847979	-0.010722078015439566
5,7,9	-0.004695117406000312	0.0013634411513412776	0.0005748187028531242	-0.010047037263313342	0.0006568024513127187
5,7,10	-0.015164691150341381	0.0013634611818683802	1.1070600682600027e-28	-0.020516689633545707	-0.009812692667137055
5,7,11	0.00391828211952033	0.0013633927183230518	0.0040568360434556985	-0.0014334476235133	0.00927001186255396
5,7,12	-0.0015689560242712793	0.001363210645579423	0.24977102175729884	-0.00691997107658933	0.0037820590280467714
5,7,13	-0.0004228406854422731	0.001363208066130248	0.7564256902468195	-0.005773845612640331	0.004928164241755785
5,7,14	0.003430589254273874	0.001363378805019401	0.0118663662103552	-0.0019210858748249949	0.008782264383372743
5,7,15	0.007410832021735529	0.001363312640131649	5.492659130806639e-08	0.002059416609879511	0.012762247433591547
5,8,9	0.002943185511357487	0.0013635297486824015	0.03089617140600766	-0.002409082117378461	0.008295453140093435
5,8,10	-0.030919558666266476	0.0013636145114650853	6.458950049423096e-113	-0.03627215901462098	-0.025566958317911965
5,8,11	0.003604054217290863	0.0013634171041495995	0.008211928988001369	-0.001747771247504729	0.008955879682086455
5,8,12	-0.0008198387170761448	0.0013633013202714731	0.5476027097738241	-0.006171209695049264	0.004531532260896975
5,8,13	-0.0019363870572548098	0.0013632753660944156	0.15550318741344613	-0.007287656157214758	0.003414882042705138
5,8,14	0.000678429452576363	0.0013634062479975556	0.6187702677661129	-0.004673353398531325	0.006030212303684051
5,8,15	-0.004254439847694294	0.001363528672486671	0.001809112940482725	-0.009606703252035742	0.001097823556647155
5,9,10	-0.011302719389413943	0.0013634323958355552	1.178148903274655e-16	-0.01665460487871271	-0.005950833900115176
5,9,11	0.0022096821540310545	0.0013633645486343055	0.10507989739262652	-0.0031419370144343756	0.007561301322496485
5,9,12	-0.0015609366447154605	0.0013631877653759634	0.2521915683099061	-0.006911861885298612	0.0037899885958676913
5,9,13	0.0013733449437386414	0.0013631777397157953	0.31372228736940677	-0.00397754094308899	0.006724230830566272
5,9,14	0.001378534878541211	0.0013633148873518075	0.31194576710726996	-0.003972889354335192	0.006729959111417614
5,9,15	-0.00024401262944796429	0.0013632962829045444	0.8579488831181636	-0.005595363834228769	0.005107338575332841
5,10,11	-0.004901366233140686	0.0013633319900144888	0.00032471751497157794	-0.010252857599152924	0.00045012513287155144
5,10,12	-0.001283979669357397	0.0013632221328752274	0.3462658435826611	-0.006635039812793947	0.004067080474079153
5,10,13	0.000593009170485187	0.0013632087268002078	0.6635583007700327	-0.00475799835004275	0.005944016691013124
5,10,14	-0.004095308792294659	0.0013633412238968168	0.002667738363654496	-0.009446836404094362	0.0012562188195050427
5,10,15	-0.004063656189788885	0.001363417759782194	0.0028800621413996373	-0.009415484228141171	0.0012881718485634004
5,11,12	-0.00011156904715096255	0.0013631499525222138	0.9347693041396901	-0.005462345860819872	0.005239207766517947
5,11,13	0.0010761105527112864	0.0013631417354733983	0.42986430986136936	-0.004274634006549957	0.00642685511197253
5,11,14	0.0025219089237081983	0.0013633019655921877	0.06434407122232529	-0.00282946458734436	0.007873282434760757
5,11,15	0.0025407716218994944	0.0013632724176649725	0.06236898067522559	-0.0028104859045810495	0.00789202914838004
5,12,13	-0.00013553429665584364	0.0013630835291739637	0.9207958100850526	-0.005486050378546092	0.005214981785234405
5,12,14	0.0017468705905016382	0.001363150184282436	0.20002921911515345	-0.003603907132896403	0.0070976483138996795
5,12,15	-0.0020785156711905922	0.0013631722898614818	0.12732812639023341	-0.007429380165687875	0.0032723488233066906
5,13,14	0.0009395552915525719	0.001363142976113037	0.4906669064372474	-0.004411194137595363	0.006290304720700507
5,13,15	0.0001493958787259879	0.0013631517944616414	0.9127305458952445	-0.005201388165113573	0.005500179922565549
5,14,15	0.0032339707362046277	0.001363290088433629	0.01768943064351778	-0.00211735615339993	0.008585297625809184
6,7,8	0.001707512828384961	0.0013631119359039637	0.21033960648083858	-0.0036431147585322694	0.007058140415302191
6,7,9	0.0021347027866933724	0.0013630544615770013	0.1173313188109287	-0.003215699196066719	0.007485104769453464
6,7,10	-0.0039403297526607595	0.0013631340559652596	0.0038472217909501817	-0.009291044167524453	0.0014103846622029338
6,7,11	0.00042777326868885177	0.0013630424492122796	0.7536468649849207	-0.004922581561898062	0.005778128099275765
6,7,12	0.000704299393371504	0.0013629291779301636	0.6053313924312307	-0.004645610813093991	0.006054209599836999
6,7,13	-0.0011267742583621412	0.0013629546111838487	0.40840522712339544	-0.006476784298058649	0.004223235781334367
6,7,14	0.0008266736765254676	0.0013630371166647958	0.5441912335408774	-0.004523660222195966	0.006177007575246901
6,7,15	0.0004304714530226558	0.0013630126550183428	0.7521385681372539	-0.004919766426320703	0.005780709332366014
6,8,9	-9.936318372128286e-05	0.001363086051173305	0.9418895388628223	-0.0054498891652235105	0.005251162797780945
6,8,10	-0.00425218993663673	0.001363201343812155	0.0018146544480512501	-0.009603168476698346	0.0010987886034248872
6,8,11	-0.002628177306464443	0.0013630716216173349	0.053848159891624336	-0.00797864664758505	0.0027222920346561645
6,8,12	-0.00019674374893087227	0.0013629910614122453	0.8852273488790237	-0.0055468968668240205	0.005153409368962276
6,8,13	-0.0008000383409873073	0.001362968836245138	0.5572199404034525	-0.006150104218361818	0.004550027536387204
6,8,14	0.0006328805236561069	0.0013630641206669853	0.642430870441584	-0.004717559373960404	0.005983320421272618
6,8,15	-0.0007850805849898019	0.001363134318345987	0.5646613568476615	-0.006135796029777393	0.004565634859797789
6,9,10	-0.0014265406441765736	0.0013630975685052526	0.2953183279653065	-0.0067771118346982686	0.003924030546345121
6,9,11	-0.0016820440963545326	0.0013630504165523223	0.21720125270784232	-0.007032430201166478	0.0036683420084574125
6,9,12	0.0016275655078976034	0.0013629333751667113	0.2324229909446041	-0.0037223611739937677	0.0069774921897889745
6,9,13	-0.0005622579804316283	0.001362939442420901	0.6799513593782562	-0.005912208478135032	0.004787692517271775
6,9,14	0.0011119593815276108	0.0013630386071859445	0.4146238852336992	-0.004238380367941196	0.006462299130996417
6,9,15	0.0008863086325309813	0.0013629995851904674	0.5155269127258251	-0.004463877943775741	0.006236495208837704
6,10,11	-0.0006211027652739832	0.0013630334446473502	0.6486255389239239	-0.005971422250213741	0.0047292167196657745
6,10,12	-0.0009391072309236428	0.0013629561025949105	0.49081429585817504	-0.006289123124860701	0.004410908663013416
6,10,13	-0.0004673242605467559	0.0013629597447724383	0.7316951092980825	-0.005817354451134767	0.004882705930041255
6,10,14	-0.0018006595820164884	0.001363084676120407	0.18650495869442588	-0.007151180166019232	0.0035498610019862554
6,10,15	-0.0012131382794748867	0.0013631116366541161	0.3734849578100695	-0.006563764691745745	0.004137488132795971
6,11,12	0.0005707737157856895	0.0013629559544059682	0.6753824617983173	-0.0047792415964648454	0.0059207890280362245
6,11,13	0.0012339044699348073	0.0013629056843154105	0.365287805045594	-0.004115913516970502	0.006583722456840116
6,11,14	-0.0022246385611827263	0.0013629947673835696	0.10265381682724015	-0.0075748062261368175	0.003125529103771365
6,11,15	0.0005443229638656226	0.0013630015295589314	0.6896335627900823	-0.0048058712446767725	0.005894517172408018
6,12,13	0.000290041048713211	0.001362849971013311	0.8314691375733861	-0.005059558246591415	0.005639640344017837
6,12,14	-0.0010035563629787435	0.001362918668609757	0.4615360907520877	-0.006353425317175657	0.00434631259121817
6,12,15	0.001606342564962988	0.0013629487070190441	0.23857485019867575	-0.0037436442990967655	0.006956329429022742
6,13,14	0.000995657054116696	0.001362929828138034	0.465073567781106	-0.004354255704611806	0.006345569812845198
6,13,15	-0.0003479000410980884	0.0013629206497446575	0.7985234476983182	-0.005697776771850083	0.005001976689653906
6,14,15	0.002094447755335481	0.0013629970145232516	0.12438942281262158	-0.003255728730323101	0.007444624240994063
7,8,9	0.008988158420405314	0.0013633342426907418	4.3852279890468854e-11	0.003636658211955866	0.014339658628854762
7,8,10	-0.007928781393197661	0.0013634356118261235	6.111345908901598e-09	-0.013280679506234364	-0.00257688328016096
7,8,11	0.005585857065656837	0.0013633126616782257	4.191054269071319e-05	0.00023444156922397454	0.010937272562089699
7,8,12	-0.00027932652822053664	0.0013631310071756278	0.8376395577067426	-0.0056300289756606595	0.005071375919219586
7,8,13	0.0025852001538487837	0.0013631091334143973	0.057896972774330466	-0.0027654164324473008	0.007935816740144867
7,8,14	0.0003589821569729493	0.0013632260749402191	0.7922958015850606	-0.004992093460263762	0.005710057774209661
7,8,15	0.006016929873659878	0.001363262680681156	1.0199318592202223e-05	0.00066571056779266	0.011368149179527096
7,9,10	-0.012833070138442692	0.0013632667833691117	5.117042396358879e-21	-0.0181843055486039	-0.007481834728281484
7,9,11	0.00026031021415497124	0.001363234466341225	0.848565662370961	-0.005090798341874611	0.005611418770184553
7,9,12	0.0014452857518301096	0.0013630397349431987	0.28899805073521717	-0.0039050584244278083	0.0067956299280880275
7,9,13	0.001460270844798127	0.001363081965362696	0.28404243313473093	-0.003890239098658813	0.006810780788255067
7,9,14	0.005620099560846248	0.0013631796585561787	3.752783863807655e-05	0.00026920614198839947	0.010970992979704096
7,9,15	0.003450878010681257	0.0013631222136473078	0.01135923906331615	-0.0018997899194943798	0.008801545940856893
7,10,11	-0.00304831665155764	0.0013632434100872245	0.025353763595766923	-0.00839946031450164	0.002302827011386359
7,10,12	-0.00047006286778155	0.0013630984060940365	0.7302103472108306	-0.005820637346093144	0.004880511610530044
7,10,13	-0.0013577789526977371	0.0013631283953511404	0.31922109612573674	-0.006708471147934951	0.003992913242539477
7,10,14	-0.0020875428657931	0.0013632433916453495	0.1257038595213907	-0.007438686456347148	0.0032636007247609485
7,10,15	0.00014201803471939126	0.0013632541199737585	0.9170305360485407	-0.0052091676677760435	0.005493203737214826
7,11,12	0.00021786700057311453	0.0013630442716585462	0.8730092969750569	-0.005132494983667885	0.005568228984814114
7,11,13	-0.0005639661801550358	0.001363054072712453	0.6790586613535883	-0.0059143666365038886	0.004786434276193817
7,11,14	0.006729990464780317	0.0013631757423909286	7.974299353188706e-07	0.0013791124180582929	0.01208086851150234
7,11,15	0.0008753346948344991	0.0013631115931047753	0.5207744956175246	-0.004475291546491994	0.0062259609361609925
7,12,13	0.0018664052593012938	0.0013629573132061326	0.1708906136515733	-0.003483615386651818	0.0072164259052544056
7,12,14	0.004259669356368713	0.0013630077286204934	0.0017784741359263888	-0.001090549185369609	0.009609887898107034
7,12,15	-0.0008274866102534022	0.001363015249525468	0.5437889217832476	-0.006177734673823773	0.004522761453316968
7,13,14	0.0008607660299788135	0.001363050523570896	0.5277184340372905	-0.004489620494913476	0.006211152554871103
7,13,15	-0.0018987878943530299	0.0013629818160966485	0.16359545479725898	-0.007248904721579667	0.0034513289328736074
7,14,15	0.004136266661616745	0.0013630841457676242	0.0024113926034587192	-0.0012142518405905455	0.009486785163824035
8,9,10	-0.013843242882985397	0.0013633816015282457	3.480854691506043e-24	-0.019194928989229268	-0.008491556776741528
8,9,11	0.0123667535770586	0.0013632438456429275	1.239812211060165e-19	0.007015608204426424	0.017717898949690777
8,9,12	-0.0008325552183760503	0.0013631203828441403	0.5413552250133082	-0.006183215962094232	0.0045181055253421315
8,9,13	-8.128000229512891e-05	0.00136309767702337	0.9524515880080788	-0.005431851618783333	0.0052692916141930755
8,9,14	0.005683240595137751	0.0013632008899958764	3.067046623907449e-05	0.00033226383644260546	0.011034217353832896
8,9,15	0.0005004880730334928	0.001363247635211455	0.7135250930458814	-0.004850672174803992	0.0058516483208709775
8,10,11	0.028225374725469793	0.001363309546794339	1.3833170914157602e-94	0.022873971455900487	0.033576777995039095
8,10,12	-0.0032059760978158693	0.0013632246504282249	0.018691019659763004	-0.008557046123411152	0.002145093927779413
8,10,13	-0.002711611246729767	0.0013631911152923058	0.04669173561151246	-0.008062549636750117	0.002639327143290583
8,10,14	-0.004736168736545747	0.0013633225549244074	0.0005134726321293396	-0.01008762306696909	0.0006152855938775974
8,10,15	0.0018755669175122888	0.001363471756385681	0.16896097671306	-0.0034764730738781943	0.007227606908902772
8,11,12	0.004446181411644826	0.0013631161282459993	0.0011083431856122967	-0.0009044626314858358	0.009796825454775488
8,11,13	0.00030861099938704964	0.0013630491800646727	0.8208822958260953	-0.005041770251836019	0.0056589922506101184
8,11,14	0.003973983034064942	0.0013631870864378337	0.0035569549081128854	-0.001376939541480225	0.00932490560961011
8,11,15	-0.0010914326647798768	0.0013632223531643512	0.4233536648785814	-0.0064424936729180204	0.004259628343358267
8,12,13	-0.0007534369412333167	0.0013630298253645816	0.5804273950024079	-0.006103742219390993	0.0045968683369243596
8,12,14	-0.0005709158954198545	0.0013630315689836371	0.6753232023304151	-0.005921228017810916	0.004779396226971207
8,12,15	0.004478148565971979	0.0013631487710762614	0.0010203979624446033	-0.0008726236101634028	0.00982892074210736
8,13,14	-0.0034506947394179754	0.0013630375807828063	0.011358502901496191	-0.008801030459943302	0.001899640981107351
8,13,15	5.441941186019872e-05	0.0013630893442822087	0.9681543030607069	-0.0052961194960928085	0.005404958319813206
8,14,15	0.003956761703047665	0.0013632494323367963	0.003705155636338465	-0.0013944055990515979	0.009307929005146928
9,10,11	-0.01224904047781868	0.0013631981581637676	2.7158525789908283e-19	-0.017600006513244622	-0.0068980744423927385
9,10,12	-0.00058521463809761	0.0013630968950913902	0.6676880409248781	-0.005935783185265744	0.004765353909070524
9,10,13	0.0014872000284778574	0.0013630857580912118	0.2752575531923441	-0.0038633248025883044	0.006837724859544019
9,10,14	-0.007285099262559373	0.0013632167722490126	9.152609822658477e-08	-0.012636138363912912	-0.0019340601612058339
9,10,15	0.0004688334912227518	0.0013632187967945251	0.7309113596841814	-0.004882213557085682	0.005819880539531186
9,11,12	0.002675009054135997	0.0013630223218929318	0.04970649769409031	-0.0026752667706207147	0.00802528487889271
9,11,13	3.2207095230170346e-05	0.0013630389798162596	0.9811487797792768	-0.0053181341169255885	0.005382548307385929
9,11,14	0.006768514057410711	0.0013631517926400462	6.89400748964437e-07	0.0014177300207214635	0.01211929809409996
9,11,15	0.0004450271232697596	0.0013630858468156417	0.744059593439587	-0.004905498056066687	0.005795552302606206
9,12,13	0.000613919154261941	0.0013629439455556558	0.6523991354903814	-0.004736049019610537	0.005963887328134419
9,12,14	0.0015351037419023758	0.0013630131661810149	0.26006518144371993	-0.003815136143909433	0.006885343627714185
9,12,15	-0.0005088385566781057	0.0013630231290391787	0.7089156769054757	-0.00585911754972853	0.004841440436372318
9,13,14	-0.00036392137322315953	0.0013629915700427103	0.7894694351409121	-0.005714076487645078	0.004986233741198759
9,13,15	0.0006430344724286108	0.0013629879442062886	0.6370850060331577	-0.004707106409486151	0.005993175354343372
9,14,15	-0.0020906520750629144	0.0013631116815627621	0.12510495480458206	-0.007441278663613823	0.003259974513487994
10,11,12	0.004002165894717965	0.0013630563343329512	0.003325329372282809	-0.0013482434391769715	0.009352575228612901
10,11,13	0.0014841780635494514	0.0013630102801577225	0.2762075966091752	-0.003866050493746014	0.006834406620844917
10,11,14	-0.004741140561967496	0.0013631472515155361	0.0005056964953564296	-0.010091906773366363	0.0006096256494313706
10,11,15	-0.0017347705454092144	0.0013631567015767456	0.20316494448302302	-0.007085573851163192	0.0036160327603447636
10,12,13	-0.00107909226380953	0.0013630115359338712	0.4285433110654593	-0.006429325750407078	0.004271141222788018
10,12,14	0.0021110466218552115	0.0013630542172006783	0.12144903011424218	-0.0032393544016537275	0.0074614476453641505
10,12,15	0.0014127952860919918	0.0013631482711972038	0.30001384328237984	-0.003937974927866546	0.00676356550005053
10,13,14	0.0008662660841783562	0.0013630733775892145	0.5250912437646065	-0.004484210149664216	0.006216742318020928
10,13,15	0.0019406243525141587	0.0013630807904939897	0.1545419627037016	-0.003409880979226939	0.007291129684255256
10,14,15	0.0017152063303736767	0.0013632381891502913	0.20833409974353304	-0.0036359168388100894	0.007066329499557443
11,12,13	0.0015442511186277985	0.0013629345449947148	0.25720865972361306	-0.0038056801551931297	0.006894182392448727
11,12,14	6.816144963629148e-05	0.0013629771985176535	0.9601153461471437	-0.0052819372521929345	0.0054182601514655175
11,12,15	-0.0011832540802917055	0.00136301048033669	0.3853363242219672	-0.006533483423350304	0.004166975262766893
11,13,14	-0.0029011717300162507	0.0013629718243179177	0.03329818724439603	-0.008251249336482282	0.0024489058764497794
11,13,15	-0.0011145317275282527	0.0013629613379474012	0.41351870068992236	-0.006464568171810977	0.004235504716754471
11,14,15	-0.0019411894856201286	0.0013630685772232389	0.1544182382879561	-0.007291646876570976	0.003409267905330719
12,13,14	-0.0005986177396074717	0.0013629165228980118	0.6605064673838907	-0.005948478271235295	0.004751242792020351
12,13,15	0.0022436161570246983	0.001362954435649584	0.09974460953860378	-0.0031063931936466055	0.007593625507696002
12,14,15	-0.02242026591213502	0.0013629959122372604	1.5238097305784718e-60	-0.02777043807098692	-0.017070093753283118
13,14,15	-0.0012165613483409964	0.0013629758774364271	0.372090423743357	-0.006566654864525912	0.004133532167843919
