Params: 	17
Performance: 	0.7249056321141458
Term	Coefficient	Standard Error	p-value	95% CI lower	95% CI upper
Intercept	8.249669373741408
1	-0.011691900699152144	0.0023357053183212274	5.579898349662217e-07	-0.01863813423036805	-0.0047456671679362355
2	0.14581993589109146	0.0023357454424495503	0.0	0.1388735830333649	0.15276628874881804
3	0.48091965971293327	0.002336254794885042	0.0	0.47397179207466533	0.4878675273512012
4	-0.010828632361674955	0.0023358489695198526	3.5618250845445345e-06	-0.017775293102078968	-0.0038819716212709424
5	0.3098107210051205	0.0023358550581000954	0.0	0.30286404215768054	0.3167573998525605
6	-0.008630510703209818	0.002335708787339926	0.0002200447726143941	-0.015576754551058485	-0.0016842668553611493
7	0.28538057295356567	0.0023358212933726427	0.0	0.2784339945201977	0.29232715138693366
8	0.19196708196041357	0.002335738760899876	0.0	0.18502074897317494	0.1989134149476522
9	0.05541923360598497	0.002335710814645806	6.525367565994152e-124	0.048472983729062356	0.06236548348290758
10	0.18021467565571547	0.0023358888791695006	0.0	0.17326789622664623	0.1871614550847847
11	0.6352586060087309	0.002336124765553358	0.0	0.6283111250691173	0.6422060869483444
12	0.0406540773326361	0.0023357176717961896	1.075288289144449e-67	0.03370780706300061	0.047600347602271595
13	0.0012351783037827246	0.0023357080230030805	0.5969294238331176	-0.005711063270978588	0.008181419878544038
14	0.008166735290153816	0.0023357071375883867	0.00047177208255250685	0.0012204963485573919	0.015112974231750238
15	0.006720871342464985	0.0023357040982182296	0.004010359491740243	-0.00022535856024509787	0.013667101245175069
16	0.1302994974605351	0.0023357140895893646	0.0	0.12335323784414638	0.1372457570769238
