Params: 	137
Performance: 	0.9158228341423927
Term	Coefficient	Standard Error	p-value	95% CI lower	95% CI upper
Intercept	8.392496181954996
1	-0.015125070144637256	0.001381428382638227	7.125236459188144e-28	-0.02004902606127652	-0.010201114227997993
2	0.15704070123062477	0.0013817464027659446	0.0	0.15211561176474825	0.1619657906965013
3	0.5471218120873926	0.0013820737035371436	0.0	0.542195555992403	0.5520480681823823
4	0.0013388910645409577	0.0013819805364997065	0.3326384382293881	-0.0035870329463602284	0.006264815075442144
5	0.329775601400189	0.0013818263093546795	0.0	0.3248502271156962	0.3347009756846818
6	-0.009036841855263388	0.0013814365731163643	6.131248648880146e-11	-0.013960826965998988	-0.004112856744527788
7	0.25924347323687597	0.001382046736485814	0.0	0.2543173132630994	0.2641696332106525
8	0.19775432238464297	0.0013815905900603853	0.0	0.1928297882967383	0.20267885647254763
9	0.046696356802286565	0.0013814698829124775	2.9451894070818077e-248	0.04177225296229238	0.05162046064228075
10	0.19497038571564437	0.00138184589278274	0.0	0.19004494162808566	0.19989582980320308
11	0.6900063777965131	0.0013820305335217797	0.0	0.6850802755764946	0.6949324800165315
12	0.022707583089595813	0.0013814938448984567	1.3864793989998142e-60	0.01778339383962735	0.02763177233956428
13	0.0014978532124071235	0.0013814358788763615	0.2782480087644714	-0.0034261294237831344	0.0064218358485973815
14	0.008624781529389992	0.001381427246911433	4.308926978857002e-10	0.0037008296609292194	0.013548733397850763
15	-0.013842163126230066	0.0013814972706676332	1.3004038728469015e-23	-0.018766364586991807	-0.008917961665468325
16	0.12680099403736292	0.001381505166653226	0.0	0.12187676443219249	0.13172522364253336
1,2	0.02885291952431229	0.0013810931025769971	1.3549732709525013e-96	0.02393015867812472	0.033775680370499855
1,3	-0.0071870770497746775	0.0013812071425988214	1.9620040227455305e-07	-0.012110244379604288	-0.002263909719945067
1,4	0.003340432885622876	0.0013811729294942038	0.01558537849475296	-0.0015826124952001662	0.008263478266445919
1,5	0.005396481188132149	0.0013811335684931437	9.343575345563775e-05	0.0004735761054501398	0.010319386270814157
1,6	0.0006086523711670592	0.0013809908138640136	0.6594056247072282	-0.004313743877680661	0.005531048620014779
1,7	0.0011528955634348519	0.0013811707149334943	0.4038765739331872	-0.003770141923819877	0.0060759330506895805
1,8	0.0007811359353554308	0.001381041356031965	0.5716583928749182	-0.0041414404657246105	0.005703712336435472
1,9	0.00012925252915182636	0.0013809948773287537	0.9254321460163438	-0.004793158203487816	0.005051663261791468
1,10	0.00012012560527878413	0.0013810744613689378	0.9306878275924936	-0.004802568796286775	0.005042820006844344
1,11	-0.0003856513452413918	0.0013812417600005647	0.780087446614234	-0.005308942065152077	0.004537639374669293
1,12	0.0010302664465223826	0.0013810056372204945	0.45565431543743606	-0.0038921826386176606	0.005952715531662426
1,13	9.705982552797414e-05	0.0013809896850037258	0.9439687907476437	-0.004825332399616192	0.00501945205067214
1,14	-0.0004632660985359211	0.0013809884219378966	0.7372793699386393	-0.0053856538216150215	0.004459121624543179
1,15	0.001419047876879461	0.001381012228079049	0.3041692854057685	-0.003503424700681458	0.00634152045444038
1,16	-0.0049255508886950575	0.0013810132564424287	0.00036187882960060576	-0.009848027131748892	-3.0746456412241233e-06
2,3	-0.01839316957709537	0.001381516923562694	2.1809426137860386e-40	-0.02331744108853084	-0.013468898065659898
2,4	-0.01492989016416979	0.0013814919398699233	3.364696685484631e-27	-0.01985407262386477	-0.010005707704474811
2,5	-0.03033409816371483	0.0013813569556191119	1.7435185043374715e-106	-0.035257799486270315	-0.025410396841159342
2,6	0.0009737084616281387	0.0013810893347743047	0.4807945734979193	-0.003949038954623725	0.005896455877880002
2,7	-0.0037709701006470933	0.0013814508909779583	0.006340610687282209	-0.008695006245891753	0.0011530660445975664
2,8	-0.01216445985249174	0.001381188886388701	1.3140832477877385e-18	-0.01708756210998393	-0.00724135759499955
2,9	-0.0033754492816184534	0.0013811155221596593	0.014528033528542768	-0.008298290040046197	0.0015473914768092904
2,10	-0.020344187086509972	0.001381387239405539	5.1807273286096385e-49	-0.02526799635243135	-0.015420377820588596
2,11	-0.04978224461856636	0.0013816072129137868	1.813224602333012e-281	-0.05470683795688053	-0.044857651280252195
2,12	-0.008018475221130382	0.0013811415504294403	6.440587529882058e-09	-0.012941408754583309	-0.003095541687677455
2,13	0.0009535887915839245	0.0013810800244073232	0.48990370366130254	-0.003969125438845814	0.005876303022013663
2,14	0.0009503843660296565	0.0013810803271999557	0.49136359580649025	-0.0039723309436725165	0.0058730996757318295
2,15	-0.005645943111015739	0.0013811600747488245	4.359664901142065e-05	-0.010568942672453308	-0.0007229435495781696
2,16	0.001086803082591823	0.0013811876226962568	0.4313659939456045	-0.0038362946706017977	0.006009900835785444
3,4	-0.08788737975887861	0.0013817391146619823	0.0	-0.09281244324707648	-0.08296231627068075
3,5	-0.1068259705424788	0.0013819069783335912	0.0	-0.11175163236304728	-0.10190030872191033
3,6	-0.00663765396292792	0.0013812092937085076	1.5457476728286136e-06	-0.011560828960161357	-0.001714478965694483
3,7	-0.03362876807294714	0.0013818930412651165	3.2739019630544687e-130	-0.0385543802163035	-0.02870315592959077
3,8	-0.05192618743512305	0.001381433977193958	7.518199816624212e-306	-0.05685016329296675	-0.047002211577279344
3,9	-0.004369391435854984	0.0013812599442429101	0.0015604460055107254	-0.009292746971581538	0.0005539640998715708
3,10	-0.14275071259846028	0.001381493515394619	0.0	-0.14767490067394703	-0.13782652452297353
3,11	-0.25489042303350395	0.001382161857130819	0.0	-0.25981699334269004	-0.2499638527243179
3,12	-0.002497097679424196	0.0013812728815699637	0.07063867782814309	-0.007420499328889901	0.0024263039700415092
3,13	-0.004518010769073417	0.001381210455180793	0.0010720524564909878	-0.009441189906252437	0.0004051683681056033
3,14	0.0003045235875533542	0.001381202764175079	0.8255003074153424	-0.004618628135846156	0.005227675310952864
3,15	0.0006601110393468744	0.0013812678616602228	0.6327214092123981	-0.004263272717179478	0.005583494795873227
3,16	-0.000706939841478669	0.0013812987409087942	0.6087972510517905	-0.005630433663832983	0.004216553980875645
4,5	0.3026225816666993	0.0013815499463633077	0.0	0.2976981924489705	0.3075469708844281
4,6	0.003516979670373635	0.0013811846982373305	0.01088793056955865	-0.0014061076588942761	0.008440066999641546
4,7	-0.023325585984786124	0.0013818673313009183	8.730538273954622e-64	-0.02825110648768402	-0.018400065481888227
4,8	-0.013043677708937041	0.0013813661580725624	3.754433518829809e-21	-0.017967411832668242	-0.00811994358520584
4,9	-0.0007060867531328806	0.001381234019468652	0.6092128297388913	-0.005629349882733139	0.004217176376467378
4,10	-0.03806737126074089	0.001381680042864346	4.0250996527913594e-166	-0.042992224193740144	-0.033142518327741635
4,11	-0.03146609462737313	0.0013819265128339265	2.6234735459041085e-114	-0.03639182607660981	-0.02654036317813645
4,12	-0.0011492437830809554	0.0013812456297162287	0.40539268573613185	-0.006072548296185395	0.0037740607300234845
4,13	0.002181264971416112	0.0013811783787780654	0.114277213737641	-0.0027417998328050945	0.007104329775637319
4,14	-0.0006544107227642914	0.0013811685403923666	0.6356374105332705	-0.005577440459096289	0.004268619013567706
4,15	-0.0010636365720050507	0.001381237993567022	0.4412669675873643	-0.005986913866860221	0.0038596407228501193
4,16	-0.004564826969719478	0.0013812631155245675	0.0009508960624381833	-0.00948819380914536	0.0003585398697064056
5,6	-0.0046783067510481405	0.0013811389060887577	0.0007063150356884639	-0.009601230859027324	0.00024461735693104194
5,7	-0.009674317762720265	0.0013816778262742385	2.5507222969107817e-12	-0.01459916279491763	-0.0047494727305229
5,8	-0.05357310293190439	0.0013812560602314411	0.0	-0.0584964446234813	-0.04864976124032748
5,9	-0.010069318267826496	0.0013811634630594269	3.124673351478227e-13	-0.0149923299065402	-0.005146306629112792
5,10	0.021819134736341592	0.0013814078020936032	4.315362198534424e-56	0.016895252176885187	0.026743017295797998
5,11	-0.11782711483586764	0.0013818378904282217	0.0	-0.12275253039987682	-0.11290169927185845
5,12	-0.015793292072721215	0.0013811941628760701	3.0087181439742873e-30	-0.020716413137696676	-0.010870171007745752
5,13	0.0014811848076857204	0.0013811292452705424	0.2835243801105112	-0.00344170486532484	0.006404074480696281
5,14	0.0018062829114777398	0.0013811330249873467	0.19093675023500264	-0.0031166202339351218	0.0067291860568906015
5,15	-0.0028940694509028255	0.0013811855260745464	0.036143676620249365	-0.007817159730909268	0.0020290208291036177
5,16	-0.005384869385720598	0.0013812100927034134	9.682526027747506e-05	-0.010308047230887192	-0.0004616915405540054
6,7	0.003064130302622474	0.0013811749700638606	0.026524585156406676	-0.0018589223515961062	0.007987182956841053
6,8	0.002696808739578462	0.0013810411367361217	0.050855259039434254	-0.0022257668798446517	0.007619384359001576
6,9	0.0015758802450467242	0.001381004472229167	0.25382776763495557	-0.003346564687604481	0.006498325177697929
6,10	0.010254802554950366	0.0013810751422448744	1.139821009384503e-13	0.005332105726474271	0.015177499383426461
6,11	0.007353421828006867	0.001381242871894196	1.0198060004572391e-07	0.002430127144868487	0.012276716511145248
6,12	-0.00038828217126904777	0.001381020281732912	0.778591645716758	-0.005310783455230594	0.0045342191126924985
6,13	0.0007934499501866532	0.0013810033363339	0.5656004070274642	-0.004128990933685555	0.005715890834058861
6,14	0.0005650415893611836	0.0013809984571679233	0.6824277347824595	-0.004357381903237991	0.005487465081960358
6,15	0.0007561099504426547	0.0013810224260220533	0.5840371029472149	-0.004166398976611604	0.0056786188774969135
6,16	-0.0008157144165889564	0.0013810119665939467	0.5547474922281384	-0.00573818606211378	0.004106757228935868
7,8	-0.027344637340444407	0.0013813616658170094	5.9594145397316205e-87	-0.032268355452004016	-0.0224209192288848
7,9	-0.016844440212043694	0.0013812085703556163	3.5892312920163773e-34	-0.021767612630961965	-0.011921267793125422
7,10	0.014849285853042894	0.0013816832765324361	6.4395495402144856e-27	0.009924421393974446	0.01977415031211134
7,11	-0.11648928243179146	0.0013819620027706897	0.0	-0.12141514038116837	-0.11156342448241456
7,12	-0.017741787482702658	0.0013812166287754132	1.0215292288174032e-37	-0.022664988625009225	-0.01281858634039609
7,13	0.0015775882378422472	0.0013811685778310422	0.2533699271799113	-0.0033454416319359656	0.00650061810762046
7,14	0.002384090990673989	0.0013811661487929724	0.08432644570141863	-0.0025389302210539573	0.007307112202401936
7,15	-0.01437523527258552	0.001381224403500312	2.398898571397536e-25	-0.01929846412707981	-0.00945200641809123
7,16	0.0007921973769725622	0.0013812221337174682	0.5662756429555013	-0.004131023387119936	0.0057154181410650606
8,9	-0.00805039445621128	0.0013810628512135239	5.598487918769651e-09	-0.012973047474601162	-0.003127741437821397
8,10	0.016411504888693425	0.0013811847612672362	1.5854717110466796e-32	0.011488417334762056	0.021334592442624794
8,11	0.06531530784765113	0.0013814476055061553	0.0	0.060391283413124545	0.07023933228217773
8,12	-0.007322809716118732	0.0013810942299720792	1.1480849436957052e-07	-0.012245574580787282	-0.002400044851450181
8,13	-0.008201912515833569	0.0013810401473081436	2.883557816642266e-09	-0.013124484608544904	-0.003279340423122233
8,14	0.0014478073754950246	0.0013810375331303395	0.2944824662951034	-0.0034747553992549697	0.006370370150245019
8,15	0.006081353797572641	0.0013810709313467563	1.0675990742828239e-05	0.0011586719783992089	0.011004035616746073
8,16	-0.0024307957672316353	0.0013811230576771557	0.07841025000006573	-0.00735366338521752	0.0024920718507542494
9,10	0.024080559694435753	0.0013811094499240344	6.3658530104158355e-68	0.019157740579852096	0.02900337880901941
9,11	0.0021075011602324813	0.0013812902864281471	0.1270775515160631	-0.002815962527016367	0.00703096484748133
9,12	-0.010295975744515752	0.001381047701404785	9.087024909444666e-14	-0.015218574763008634	-0.0053733767260228694
9,13	0.0006016169263541303	0.0013810008753787385	0.6631006263616441	-0.004320815185702702	0.005524049038410963
9,14	-0.0008908586828687733	0.0013809967741317565	0.5188751877246531	-0.0058132761764628635	0.004031558810725317
9,15	-0.005263467364523985	0.001381017511532349	0.0001383697022649491	-0.010185958774397505	-0.0003409759546504649
9,16	0.0006134585165545325	0.0013810272800743014	0.6568962563160916	-0.004309067712257521	0.005535984745366586
10,11	0.02927280020897542	0.0013817051128756073	2.834290878029701e-99	0.024347857916562507	0.03419774250138833
10,12	0.0075339714509621535	0.0013811348533658628	4.917845935833985e-08	0.0026110617884867173	0.012456881113437589
10,13	-0.004718858407296855	0.0013810721722689139	0.0006339951428812265	-0.009641544649606568	0.0002038278350128585
10,14	-0.0010215450773759828	0.0013810636262883503	0.4594969410609021	-0.005944200858438419	0.003901110703686453
10,15	0.013028339924197118	0.0013811220967229877	4.107655734009722e-21	0.008105475731431114	0.01795120411696312
10,16	0.0019840276373303788	0.0013811220206948146	0.15085558682924025	-0.002938836284441212	0.00690689155910197
11,12	0.001703505693058046	0.001381320985844797	0.21748932818104605	-0.003220067419026827	0.006627078805142919
11,13	0.004396497940546737	0.0013812530666666742	0.0014583876737795942	-0.0005268330807839767	0.009319828961877451
11,14	0.0009398103520473072	0.0013812421160922634	0.49624763694318397	-0.003983481637114718	0.005863102341209333
11,15	-0.006848477796539964	0.0013813089612110974	7.141901778767977e-07	-0.011772008048084983	-0.0019249475449949448
11,16	-0.022448602331138094	0.0013813424357781948	2.8793662859084406e-59	-0.027372251899250508	-0.01752495276302568
12,13	0.0023431231152566696	0.0013810165922216202	0.0897648167327579	-0.00257936501783062	0.007265611248343959
12,14	0.0005383287678252628	0.0013810145781371717	0.6966807748371249	-0.004384152186270223	0.0054608097219207485
12,15	-0.013354600762895278	0.001381043543427219	4.1905394760063756e-22	-0.018277184960715228	-0.008432016565075327
12,16	-0.0020056598980852927	0.0013810499072758704	0.14643095769943573	-0.006928266779173239	0.0029169469830026534
13,14	-0.0016120362974621112	0.0013810064788087816	0.2430972810103316	-0.0065344883823549305	0.003310415787430708
13,15	0.011498675158076985	0.0013810146253345405	8.507598753088859e-17	0.006576194035751452	0.01642115628040252
13,16	0.0002913824179518222	0.0013810113466461785	0.8328941481820216	-0.004631087017834502	0.005213851853738146
14,15	-0.004191226893026919	0.0013810082844530078	0.0024070967891979575	-0.009113685413948332	0.0007312316278944939
14,16	-0.010764284855434573	0.0013810082549485772	6.56319464492615e-15	-0.015686743271190552	-0.0058418264396785935
15,16	0.06458830584902008	0.001381038270880939	0.0	0.0596657404446358	0.06951087125340435
