Params: 	697
Performance: 	0.9439367009496965
Term	Coefficient	Standard Error	p-value	95% CI lower	95% CI upper
Intercept	8.24045290781715
1	-0.011417766595545418	0.0010607240047314696	5.3649018249419435e-27	-0.015629599966722037	-0.007205933224368801
2	0.14508402729602732	0.0010608911980101543	0.0	0.14087153004788794	0.1492965245441667
3	0.48726606000079664	0.0010611558595839073	0.0	0.4830525118568131	0.4914796081447802
4	-0.009318811287792206	0.0010611183125255937	1.6440094738632437e-18	-0.013532210343084956	-0.005105412232499458
5	0.3124317031604035	0.0010610405281049817	0.0	0.3082186129649244	0.3166447933558825
6	-0.008347295608998124	0.0010607311533319954	3.620039484660594e-15	-0.01255915736523449	-0.004135433852761758
7	0.2828612398557901	0.0010611450096853596	0.0	0.2786477347936681	0.2870747449179121
8	0.19170554209877555	0.0010608247642459362	0.0	0.18749330864022126	0.19591777555732984
9	0.05515896341177008	0.0010607437257447157	0.0	0.05094705173405818	0.05937087508948198
10	0.1817716077486876	0.001061089062687305	0.0	0.17755832483618456	0.18598489066119067
11	0.641438585633445	0.0010612395065158636	0.0	0.6372247053512824	0.6456524659156077
12	0.040902513159959214	0.001060742277987625	0.0	0.036690607230879003	0.045114419089039424
13	0.0007187708283505345	0.0010607301477255212	0.4980158110159967	-0.0034930869349085	0.004930628591609569
14	0.00823821735061973	0.0010607130723466378	8.177239960634258e-15	0.004026427388834299	0.012450007312405162
15	0.006845394536105073	0.0010607207443783446	1.100582570668141e-10	0.002633574110863527	0.01105721496134662
16	0.1293211862565586	0.0010607595899411611	0.0	0.12510921158663413	0.1335331609264831
1,2	0.02931342123750636	0.0010605437930666806	3.626603338270046e-167	0.025102303435601533	0.03352453903941119
1,3	-0.007264420944783995	0.0010607774365933023	7.546077696514243e-12	-0.01147646647868885	-0.00305237541087914
1,4	0.0027667397624649304	0.0010606661295017637	0.009096329074555529	-0.0014448638026332413	0.006978343327563102
1,5	0.008030680681741629	0.0010606444338190444	3.7388173725902244e-14	0.003819163264029657	0.012242198099453601
1,6	0.0004788263519137446	0.0010604684328208126	0.651613880392256	-0.0037319922158858968	0.004689644919713386
1,7	-0.00038900410112209863	0.0010606914938896244	0.7138098976810551	-0.004600708380991271	0.0038227001787470736
1,8	-0.000162834751497443	0.0010605121936669544	0.8779701791409327	-0.004373827081172284	0.004048157578177398
1,9	-0.0006763144128996354	0.0010604761406849488	0.5236413402344802	-0.0048871635864357775	0.0035345347606365067
1,10	-0.0013580472153582428	0.0010607015186147198	0.20043403384168054	-0.00556979130055991	0.002853696869843424
1,11	-0.0002735875021254233	0.0010607995772329234	0.7964796166780401	-0.004485720950213797	0.00393854594596295
1,12	-0.00010384633388167436	0.0010604919093571048	0.9219939069856036	-0.00431475812033061	0.0041070654525672615
1,13	-0.0014147959891625556	0.0010604671612072258	0.1821676089966379	-0.005625609507746269	0.0027960175294211576
1,14	-0.0009252976455207118	0.0010604597349706188	0.3829150461473808	-0.005136081676630752	0.0032854863855893285
1,15	0.0021771819885418563	0.0010604682460378008	0.04007294866412201	-0.002033635837595563	0.0063879998146792755
1,16	-0.0032522905930232743	0.0010604796286644291	0.002164466271803106	-0.007463153616334012	0.0009585724302874632
2,3	-0.02240137731884938	0.0010609643182429031	1.2896157449860549e-98	-0.02661416490663888	-0.01818858973105988
2,4	-0.010688900068492865	0.0010608769672138083	7.386897625656493e-24	-0.014901340810186958	-0.006476459326798773
2,5	-0.03527092597123973	0.0010608014311157042	2.4604177018156637e-240	-0.03948306678056941	-0.031058785161910046
2,6	-0.0004210300912232158	0.0010605584859667593	0.6913768808866272	-0.0046322062344558495	0.003790146052009418
2,7	-0.006082950134425019	0.001060844275955103	9.84953018364353e-09	-0.010295261068427621	-0.001870639200422416
2,8	-0.015448231510733185	0.0010606478341796328	5.614958749860727e-48	-0.01965976243031005	-0.01123670059115632
2,9	-0.002523472062126225	0.0010605742344160214	0.017346371417599597	-0.0067347107379722914	0.0016877666137198417
2,10	-0.01931798806868347	0.0010608589980386066	6.6674606882232815e-74	-0.02353035745989296	-0.015105618677473981
2,11	-0.03848823075298516	0.0010609689563059997	3.217318542115637e-285	-0.04270103675720423	-0.03427542474876609
2,12	-0.006901525083509767	0.0010605736929910452	7.705521177160837e-11	-0.011112761609511225	-0.0026902885575083094
2,13	0.0008909477005631626	0.0010605500217942881	0.40086625555140776	-0.0033201948338476527	0.005102090234973978
2,14	0.0008032203408646216	0.0010605525797721352	0.44883689118734504	-0.00340793235054878	0.005014373032278023
2,15	-0.00025932431957637926	0.0010605423728532015	0.8068285409350844	-0.004470436482217367	0.003951787843064609
2,16	-0.0010549636955256726	0.001060606047883184	0.3198956852559988	-0.00526632869360264	0.0031564013025512953
3,4	-0.081734342125625	0.001061262372619785	0.0	-0.08594831320258357	-0.07752037104866642
3,5	-0.1133958458533736	0.0010611408210299967	0.0	-0.1176093342835363	-0.1091823574232109
3,6	-0.006621245415820369	0.0010607844961221444	4.3518305230012203e-10	-0.010833318981106647	-0.002409171850534091
3,7	-0.024126717722599084	0.001061204554047546	5.749629073599952e-114	-0.028340459218449902	-0.019912976226748265
3,8	-0.051672526992566054	0.0010608809648184922	0.0	-0.055884983607611495	-0.04746007037752061
3,9	-0.003663055205387367	0.001060796695953994	0.0005545097379789372	-0.007875177212736499	0.0005490668019617643
3,10	-0.14869307243409724	0.001061193338765739	0.0	-0.15290676939725342	-0.14447937547094106
3,11	-0.23411292378975965	0.0010612723531554227	0.0	-0.23832693449658696	-0.22989891308293234
3,12	0.00347949219955368	0.0010607961204201254	0.0010383493700918418	-0.0007326275225141314	0.007691611921621491
3,13	-0.006117594313934313	0.0010607857051836082	8.10488456474084e-09	-0.010329672680059828	-0.0019055159478087984
3,14	0.00031256850567639924	0.0010607716342601185	0.7682534803765209	-0.0038994539888134658	0.004524591000166264
3,15	0.00534824918466432	0.0010607773570376119	4.62389889995588e-07	0.0011362039666524878	0.009560294402676152
3,16	0.002764829393307182	0.0010608191789472318	0.009154352316693749	-0.0014473818876143208	0.0069770406742286845
4,5	0.295961202222442	0.0010610374820266488	0.0	0.29174812412207374	0.30017428032281024
4,6	0.0030107883549608597	0.001060668903480036	0.004532983887658454	-0.00120082622481616	0.007222402934737879
4,7	-0.012900025278475355	0.0010611937709900196	5.805188446647829e-34	-0.017113723957871252	-0.008686326599079457
4,8	-0.012584598883025851	0.0010607938107653908	1.9850666128603282e-32	-0.01679670943411154	-0.008372488331940165
4,9	-0.0026371053880470743	0.001060671391831244	0.012911895414850856	-0.006848729848359096	0.0015745190722649474
4,10	-0.025805795280105587	0.0010611521028474284	4.918825025024458e-130	-0.030019328507156957	-0.021592262053054218
4,11	-0.029922580970339903	0.0010613086582629977	8.224414321003168e-174	-0.034136735834424836	-0.02570842610625497
4,12	-0.004986032698294588	0.001060693875505458	2.5978008112121466e-06	-0.009197746434882945	-0.0007743189617062307
4,13	0.0019784946828477028	0.0010606760143256242	0.062141902082997996	-0.0022331481320749455	0.006190137497770351
4,14	-0.0008172172777105441	0.001060660369993413	0.4410182645341021	-0.00502879797343896	0.003394363418017872
4,15	-0.0030509550329994896	0.0010606662073268619	0.004023077970646351	-0.007262558907118994	0.001160648841120015
4,16	-0.0023338588884229752	0.001060740565774986	0.027795129827735333	-0.0065457580187937205	0.00187804024194777
5,6	-0.004207496518389262	0.0010606568618965158	7.290012924348391e-05	-0.008419063284462541	4.070247684017508e-06
5,7	-0.0057444997941358145	0.0010610096678330197	6.179224052258954e-08	-0.009957467452251028	-0.0015315321360206014
5,8	-0.051627876050800374	0.001060728765536975	0.0	-0.05583972832578176	-0.04741602377581899
5,9	-0.009660628384123304	0.001060665217132457	8.620813440218746e-20	-0.01387222832646242	-0.005449028441784187
5,10	0.016830240042034265	0.0010608857362388823	1.438228693293443e-56	0.012617764481035364	0.021042715603033165
5,11	-0.10920767076901491	0.0010611765340502828	0.0	-0.11342130100542501	-0.10499404053260482
5,12	-0.011118325765072802	0.001060669522681854	1.0926720297463943e-25	-0.01532994280352415	-0.006906708726621454
5,13	0.00048223097562462985	0.0010606446333361256	0.6493565799327421	-0.0037292872343129323	0.004693749185562192
5,14	0.001759715393360682	0.0010606294214069803	0.097095814318692	-0.002451742414332254	0.005971173201053618
5,15	-0.0001659571159381562	0.0010606404499077036	0.8756640248672058	-0.004377458714671149	0.004045544482794837
5,16	-0.008771297834586907	0.00106068167436281	1.371053896350534e-16	-0.012982963123907603	-0.004559632545266212
6,7	0.0016828958461330371	0.001060699967671346	0.11261054194470063	-0.0025288420807135547	0.005894633772979629
6,8	0.0034406563743283325	0.0010605254987534382	0.0011780312231426688	-0.0007703887860611982	0.007651701534717863
6,9	0.0024803454222591254	0.001060483060617387	0.0193445952304734	-0.0017305312283608203	0.006691222072879071
6,10	0.00937908942525642	0.0010607067915794663	9.610966585999966e-19	0.0051673244026112855	0.013590854447901556
6,11	0.006336264351377911	0.0010608103172957445	2.3410574941867047e-09	0.002124088257554363	0.010548440445201458
6,12	0.0012645478588679572	0.0010604936583800074	0.23310327506666406	-0.0029463708724535324	0.005475466590189447
6,13	0.001098501738576096	0.0010604799720139969	0.30027450886121726	-0.0031123626480781324	0.005309366125230325
6,14	0.0007473012715511207	0.0010604658060851383	0.4810048101461214	-0.003463506866228156	0.004958109409330397
6,15	8.609417738970893e-05	0.0010604653035967547	0.9352948582229971	-0.004124711965151096	0.004296900319930514
6,16	-0.0008562954098907168	0.0010604842902484687	0.41940629495469517	-0.0050671769430260015	0.003354586123244568
7,8	-0.03115763169140573	0.0010608042799885055	2.3245610068701546e-188	-0.035369783812799135	-0.026945479570012323
7,9	-0.01664708740912	0.0010607046001022541	2.1019600746215542e-55	-0.020858843730032342	-0.012435331088207656
7,10	0.007148764746666751	0.001061150214302775	1.632810280804679e-11	0.0029352390184891313	0.011362290474844371
7,11	-0.0996426702640042	0.0010612395061474196	0.0	-0.10385655054470384	-0.09542878998330455
7,12	-0.017309628462570815	0.0010607182719630898	9.609340519821625e-60	-0.021521439070554496	-0.013097817854587135
7,13	0.002659150732326143	0.001060698964274051	0.012179250973235517	-0.0015525832103151383	0.006870884674967425
7,14	0.0029009903520336028	0.00106068983051054	0.006239694172199085	-0.0013107073230302618	0.007112688027097467
7,15	-0.016369751362275253	0.0010606825311751554	1.225310652845563e-53	-0.02058142005375411	-0.012158082670796396
7,16	-0.00315585301871848	0.0010607447592072506	0.0029297516527375944	-0.007367768800016208	0.001056062762579248
8,9	-0.011541499902354063	0.0010605441895038164	1.4754764629081783e-27	-0.01575261927839802	-0.007330380526310108
8,10	0.01585156768081436	0.0010608074741062447	2.1107301054542966e-50	0.011639402876487761	0.02006373248514096
8,11	0.06557989963468443	0.0010608910870292397	0.0	0.06136740282721869	0.06979239644215017
8,12	-0.007094833157892869	0.0010605482229492462	2.2535674675418245e-11	-0.011305968549601583	-0.0028836977661841545
8,13	-0.007310967774492883	0.00106053482386107	5.488058779864901e-12	-0.01152204996223292	-0.003099885586752846
8,14	0.000649982671937754	0.001060520181154809	0.5399509870535079	-0.0035610413737798526	0.004861006717655361
8,15	0.008677524617535572	0.0010605143168848027	2.8341027014141057e-16	0.004466523857166463	0.012888525377904681
8,16	-0.004043577589233157	0.0010605544891935362	0.00013758603914128047	-0.008254737862415935	0.00016758268394962209
9,10	0.03586527556211218	0.0010607092448382985	2.1128697948059094e-248	0.031653500798273886	0.04007705032595047
9,11	0.005215175059656054	0.001060823605984128	8.847968330714159e-07	0.0010029462002300099	0.0094274039190821
9,12	-0.010964049966929349	0.001060502093979858	4.937433510200399e-25	-0.015175002193618906	-0.006753097740239792
9,13	0.00037277319640847007	0.0010604877585940634	0.7252061295202408	-0.0038381221085408337	0.004583668501357774
9,14	-0.000870485791656348	0.0010604918053495008	0.4117449547344081	-0.005081397165120666	0.00334042558180797
9,15	-0.006175872602277211	0.001060484553020194	5.785877885243257e-09	-0.01038675517880429	-0.0019649900257501327
9,16	0.0011104427915648446	0.0010604908399926077	0.29505621637034596	-0.003100464748741782	0.005321350331871471
10,11	0.031180776814255518	0.0010612012820124552	1.698101955876524e-188	0.026967048310725536	0.0353945053177855
10,12	0.008625746251252207	0.001060737041570197	4.3038085703279806e-16	0.0044138611144964555	0.012837631388007958
10,13	-0.005475335134106414	0.0010607002010339598	2.450594718962874e-07	-0.009687073987569579	-0.0012635962806432479
10,14	-0.0012016330514445844	0.0010606971205824	0.25727269373095524	-0.005413359673310634	0.0030100935704214654
10,15	0.013338805808300385	0.0010606975442894362	3.18124901865264e-36	0.009127077504014189	0.017550534112586582
10,16	0.0011887099470393805	0.0010607514736503353	0.2624496221858852	-0.003023232495402365	0.005400652389481126
11,12	0.008073091987211605	0.0010608233710082248	2.7740829235640483e-14	0.003860864060808049	0.012285319913615162
11,13	0.0011201059029531807	0.0010608095685698514	0.2910191827084072	-0.0030920672178927702	0.005332279023799132
11,14	0.0009418467147486731	0.00106078962595572	0.37461231028027286	-0.0032702472196478975	0.005153940649145244
11,15	0.000987038790449854	0.0010608025019403459	0.3521343128763831	-0.0032251062708199578	0.005199183851719666
11,16	-0.015219705307164835	0.001060835594664949	1.318081777812395e-46	-0.019431981770233045	-0.011007428844096624
12,13	0.0035344664358986262	0.0010604900213770408	0.0008600683373935029	-0.0006764378539183841	0.007745370725715637
12,14	0.0015020576527323293	0.0010604829800252107	0.15666621427913843	-0.002708818677879003	0.005712933983343662
12,15	-0.01609064373476509	0.001060483202628447	6.592789606908629e-52	-0.02030152094927057	-0.011879766520259611
12,16	-0.001431037967442335	0.0010605193757463566	0.1772214722537416	-0.005642058815112022	0.0027799828802273522
13,14	-0.0038622323269116294	0.001060487763261702	0.0002708068912907626	-0.008073127650394798	0.0003486629965715397
13,15	0.009844835176155652	0.0010604757406722984	1.6911783569170868e-20	0.005633987590955988	0.014055682761355315
13,16	-0.00035730860462329476	0.0010604909542919648	0.7361726411406015	-0.004568216598780163	0.003853599389533574
14,15	-0.0053818065461229015	0.0010604702669313913	3.8874185499115044e-07	-0.00959263239665406	-0.0011709806955917416
14,16	-0.009359249484961786	0.0010604800096039304	1.11690004848536e-18	-0.01357011402087495	-0.005148384949048622
15,16	0.06469120728610274	0.0010604978875185076	0.0	0.06048027176207496	0.06890214281013052
1,2,3	-0.0010991130526522468	0.001060511795371903	0.30002012373234543	-0.005310103800810706	0.0031118776955062124
1,2,4	-0.0006958278531510806	0.0010603263622991777	0.511672531906428	-0.004906082299311716	0.003514426593009555
1,2,5	-0.0011645642212023966	0.0010602886898836263	0.27205744428375656	-0.005374669080914263	0.0030455406385094695
1,2,6	0.0003969667110404135	0.0010601819370150225	0.7080837217022493	-0.003812714263388901	0.004606647685469728
1,2,7	-0.0007376824599785413	0.0010602790805357798	0.4865919194032674	-0.004947749163702841	0.003472384243745758
1,2,8	0.0004166972763763807	0.0010602187248209543	0.6942989851010786	-0.003793129771968471	0.0046265243247212325
1,2,9	2.6619005826580833e-05	0.0010601898919787934	0.9799690801357883	-0.004183093555501613	0.004236331567154775
1,2,10	-0.0034165645900161978	0.0010603240575615702	0.0012727933769399223	-0.007626809884719221	0.0007936807046868251
1,2,11	-0.006278845827548635	0.0010604499376262752	3.217748696641372e-09	-0.010489590956190483	-0.002068100698906788
1,2,12	-2.121434920047613e-05	0.0010601946052235173	0.9840355672303693	-0.0042309456254831035	0.004188516927082151
1,2,13	0.000971710304155474	0.0010601814402203574	0.35938148210908083	-0.0032379686976435054	0.005181389305954453
1,2,14	-0.00015881639335067017	0.0010601728934429174	0.8809210295581326	-0.0043684614583269915	0.00405082867162565
1,2,15	0.0010917846547596338	0.001060174123783069	0.30310014624968085	-0.0031178652955475413	0.005301434605066809
1,2,16	-0.0007943072752887824	0.001060199120163152	0.4537359826697269	-0.0050040564791127284	0.0034154419285351637
1,3,4	-0.0013705646248357538	0.0010606159910893625	0.1962806376766044	-0.00558196910455678	0.0028408398548852723
1,3,5	0.0016481310114748252	0.0010606770607224925	0.12022564734188194	-0.00256351595839221	0.00585977798134186
1,3,6	-0.0007049888133445845	0.0010604234962092699	0.5061692128389954	-0.004915628950638987	0.0035056513239498177
1,3,7	0.002256185547278508	0.0010606827922978355	0.03341505957787866	-0.001955484181044253	0.006467855275601269
1,3,8	0.0025039789350760518	0.0010604920976312801	0.01822145723026048	-0.001706933598956092	0.006714891469108196
1,3,9	0.00019997161995088768	0.0010604376943840594	0.8504268406534722	-0.004010724894257888	0.004410668134159663
1,3,10	0.0022176829347257247	0.001060600739843723	0.03653483927652034	-0.0019936609866360584	0.006429026856087507
1,3,11	0.006192348842940523	0.0010608149292359596	5.329462049745644e-09	0.0019801544364139376	0.010404543249467109
1,3,12	0.0012010929822616652	0.0010604436827410769	0.25737289382186634	-0.0030096273100098415	0.005411813274533172
1,3,13	0.0005502134892774041	0.001060423117505742	0.6038586372721044	-0.0036604251442929857	0.004760852122847794
1,3,14	-0.00036606646727500424	0.0010604139686111605	0.7299369644776812	-0.004576668773186799	0.0038445358386367907
1,3,15	-0.00023761897701183102	0.0010604254125163221	0.8226966194323009	-0.004448266723416573	0.003973028769392911
1,3,16	-7.194596253704694e-06	0.0010604377846755615	0.9945867728442155	-0.004217891468984358	0.0042035022764769486
1,4,5	-0.0017497480830375202	0.0010603979747111235	0.09893025335946622	-0.005960286881720657	0.0024607907156456166
1,4,6	-0.0008652302564190334	0.0010602437527088182	0.41446470904437205	-0.0050751566833890935	0.0033446961705510267
1,4,7	-0.0013841223336357976	0.001060495431601739	0.19184114141105207	-0.00559504810591651	0.002826803438644915
1,4,8	-0.001697531324625308	0.0010602844749125098	0.10937858064685108	-0.005907619447885535	0.0025125567986349195
1,4,9	-0.0004055733130789857	0.0010602487748962075	0.7020721159309351	-0.004615519681726945	0.0038043730555689737
1,4,10	0.0009284126499782067	0.0010605028164764356	0.3813347473846942	-0.0032825424455397946	0.005139367745496208
1,4,11	0.0008167714864900505	0.0010606128066943574	0.4412470426171249	-0.003394620348903998	0.005028163321884099
1,4,12	-4.692404462283001e-05	0.001060256311984479	0.9646994751023661	-0.004256900340904897	0.004163052251659237
1,4,13	0.00030567500500901235	0.0010602405548971602	0.7731125241217313	-0.0039042387243603564	0.004515588734378381
1,4,14	-6.384715087459289e-05	0.0010602251094121605	0.9519803100369122	-0.0042736995506154575	0.004146005248866272
1,4,15	-0.0005682861999981199	0.001060242886672932	0.5919630285933253	-0.004778209188185962	0.003641636788189722
1,4,16	0.00025196630924131935	0.0010602529194534017	0.8121553805437803	-0.003957996516264618	0.004461929134747257
1,5,6	0.0011223448787247535	0.001060251902400837	0.2898022545255395	-0.003087613908354681	0.005332303665804188
1,5,7	0.00010033067065153521	0.001060436808984205	0.9246228498898464	-0.0041103623278862115	0.004311023669189282
1,5,8	0.0014905437170769798	0.0010602603555971745	0.15978009639443094	-0.002719448635241168	0.005700536069395128
1,5,9	-0.0004900948731620374	0.001060240104250694	0.6439043902348329	-0.004700006813142445	0.0037198170668183705
1,5,10	0.0011998382329879865	0.0010604083783936117	0.25785447325601896	-0.0030107418757596835	0.0054104183417356564
1,5,11	-0.003502843422950561	0.0010606226977898712	0.0009583590727789211	-0.007714274533072038	0.0007085876871709158
1,5,12	0.0010008334467798792	0.0010602466482810735	0.34519222785357917	-0.003209104477684156	0.005210771371243914
1,5,13	0.0002548855946477961	0.0010602323557652533	0.8100167610018433	-0.003954995578300462	0.004464766767596055
1,5,14	0.0009854218558783823	0.0010602280320914888	0.3526629255502005	-0.003224442148990935	0.0051952858607477
1,5,15	-1.845500882105902e-05	0.0010602320647837772	0.9861123186932534	-0.0042283350263646255	0.0041914250087225075
1,5,16	1.0079407501504406e-06	0.001060246177149467	0.9992414808089085	-0.004208928112984256	0.004210943994484557
1,6,7	0.00012023169013549925	0.0010602300162823363	0.9097125974384265	-0.004089640193391404	0.004330103573662402
1,6,8	-0.00029443994542441634	0.0010601848015030536	0.7812242850481432	-0.0045041322939210916	0.003915252403072259
1,6,9	-0.0014946047485969328	0.001060170578365313	0.15861026048583893	-0.005704240621058455	0.0027150311238645893
1,6,10	-0.0012917965544177908	0.0010602597353190613	0.22308510021337644	-0.005501786443787947	0.0029181933349523657
1,6,11	0.0016493696604994255	0.0010603689651987596	0.11983971269642071	-0.002561053949659919	0.00585979327065877
1,6,12	-0.0007349066232655473	0.0010601764802637892	0.4881911506042492	-0.00494456593048752	0.0034747526839564256
1,6,13	-0.0004600254348533228	0.0010601660414151929	0.664349253664777	-0.004669643292376149	0.003749592422669503
1,6,14	-0.00018591417136193736	0.00106016009252703	0.8607939952897644	-0.004395508407541629	0.004023680064817754
1,6,15	0.0019045681575671353	0.0010601687867400709	0.0724235450994498	-0.002305060600860058	0.006114196915994329
1,6,16	0.0007720191675361747	0.0010601770213148722	0.46649485757168785	-0.0034376422880457837	0.004981680623118133
1,7,8	-0.0006058699197923345	0.0010602699196113911	0.5677102992140597	-0.004815900248091096	0.003604160408506427
1,7,9	0.001299219665786216	0.0010602367039320786	0.22042710366011772	-0.002910678772495962	0.005509118104068394
1,7,10	-0.0007617233789720726	0.0010604590754769816	0.4725775184217167	-0.004972504791420428	0.0034490580334762826
1,7,11	-0.0005259416906394578	0.00106061825684787	0.6199792589730619	-0.004737355167043175	0.003685471785764259
1,7,12	0.00011186329449941121	0.001060235854247952	0.9159731082819695	-0.004098031769928736	0.004321758358927558
1,7,13	-0.0009499323458901122	0.0010602314442149864	0.3702738080427993	-0.00515980989933149	0.0032599452075512654
1,7,14	0.0009593940261996611	0.0010602130838895448	0.36551820182700123	-0.0032504106236107477	0.00516919867601007
1,7,15	0.0012036639429824636	0.0010602206050378295	0.25625571271154607	-0.0030061705711688985	0.005413498457133826
1,7,16	-0.0008300845864941606	0.001060233260346186	0.43367326868304856	-0.005039969351276055	0.003379800178287734
1,8,9	0.0011802728206394986	0.0010601881697660015	0.26559786406656893	-0.003029432902271466	0.0053899785435504634
1,8,10	0.0005499644188717594	0.0010602950847690218	0.6039787707135976	-0.0036601658331114166	0.004760094670854935
1,8,11	-0.000623114442229478	0.0010604296914722682	0.5567991317571828	-0.004833779179151421	0.003587550294692465
1,8,12	0.0001773011110476133	0.0010601940563673964	0.8671860071550238	-0.004032427985883443	0.00438703020797867
1,8,13	0.0005400141167523093	0.0010601787588705018	0.6105007122464309	-0.0036696542381689226	0.004749682471673541
1,8,14	7.836010101049118e-06	0.0010601757366518294	0.9941027230691785	-0.004201820344449302	0.0042174923646514
1,8,15	0.000657203856454563	0.0010601807433125278	0.5353272098341202	-0.003552472378121614	0.00486688009103074
1,8,16	0.0006764043411094413	0.001060187205089214	0.5234729715062642	-0.0035332975513443386	0.004886106233563221
1,9,10	-0.00047379858401052147	0.0010602663793585112	0.65497225789395	-0.004683814854971884	0.003736217686950841
1,9,11	-4.694960544376209e-05	0.001060375646154347	0.9646842307649807	-0.004257399743777796	0.0041635005328902715
1,9,12	-0.0005163120911469872	0.001060175288376408	0.6262555176917932	-0.004725966665723122	0.003693342483429148
1,9,13	-0.0005056417709117852	0.0010601713449517804	0.6334040387357265	-0.004715280687270166	0.0037039971454465954
1,9,14	0.00023787443307171467	0.0010601613461918874	0.8224657079421733	-0.003971724781054606	0.004447473647198035
1,9,15	0.0005892967974312699	0.0010601741458802633	0.5783160073657425	-0.0036203532406175803	0.00479894683548012
1,9,16	-0.000685209310138781	0.0010601768454101984	0.5180770339932013	-0.004894870067253304	0.0035244514469757416
1,10,11	0.0033152268442570958	0.0010606582996815293	0.0017750383654723861	-0.0008963456308515912	0.007526799319365783
1,10,12	-0.00037916452635506845	0.0010602699773367065	0.7206354092377668	-0.004589195083864642	0.003830866031154505
1,10,13	0.00022087681657919495	0.0010602505679291004	0.8349757952234323	-0.0039890766716924745	0.004430830304850864
1,10,14	-0.0016508512916774028	0.0010602392380050366	0.11946230705634014	-0.00586075979204265	0.0025590572086878448
1,10,15	-0.0005085065410701216	0.0010602546536729069	0.6315078588587237	-0.004718476252668532	0.003701463170528289
1,10,16	-0.0007415997091413306	0.0010602664806108992	0.48427558296595374	-0.0049516163821471315	0.00346841696386447
1,11,12	0.00021731365047997567	0.0010603807028993397	0.8376202283025398	-0.0039931565667503735	0.004427783867710325
1,11,13	0.0011868949296400264	0.0010603659315564218	0.2630054165884512	-0.003023516634788311	0.005397306494068364
1,11,14	0.0007307407910198405	0.001060351066613993	0.49073148505064546	-0.0034796117489494446	0.0049410933309891256
1,11,15	-0.0013481370888639415	0.0010603695916509693	0.20359668042916657	-0.005558563186486859	0.002862289008758976
1,11,16	0.0003829290192651578	0.001060383915724232	0.718008703752145	-0.003827553955179166	0.004593411993709481
1,12,13	-0.0005591843697088251	0.0010601725883205909	0.5978853720119992	-0.0047688282231311595	0.0036504594837135093
1,12,14	-0.0005409234924632703	0.0010601621366261354	0.6098941170386403	-0.004750525845179204	0.0036686788602526632
1,12,15	0.0001808734193372262	0.0010601673919809563	0.8645322685530573	-0.004028749800898168	0.00439049663957262
1,12,16	0.00016871783604836127	0.0010601776957051333	0.8735582206740259	-0.004040946297345539	0.0043783819694422615
1,13,14	-0.0005006865439107708	0.0010601580058720713	0.6367318528906527	-0.004710272494577031	0.0037088994067554894
1,13,15	5.5781807127373156e-05	0.0010601659247454881	0.958037946320434	-0.004153835587133233	0.00426539920138798
1,13,16	-0.0003242508679645404	0.0010601605223932468	0.7597193058167426	-0.004533846811020733	0.0038853450750916518
1,14,15	-3.951174879657758e-05	0.0010601610755435547	0.9702701844695212	-0.0042491098882553365	0.004170086390662181
1,14,16	0.00038741057360017206	0.0010601632803203477	0.7147951141325461	-0.0038221963204002314	0.0045970174676005756
1,15,16	-0.0011481413205305848	0.0010601693206756064	0.2788217722213269	-0.005357772199063948	0.0030614895580027782
2,3,4	0.013709302593421405	0.001060844789464194	3.730417716320314e-38	0.009496989620420235	0.017921615566422577
2,3,5	-0.014967032215117646	0.0010608120313159166	3.910769353327565e-45	-0.01917921511482786	-0.010754849315407433
2,3,6	0.002692047091928689	0.0010605167632804786	0.011137491265140135	-0.0015189633823819368	0.006903057566239315
2,3,7	-0.018736959627507696	0.0010608525574269906	1.205002690933866e-69	-0.022949303444880057	-0.014524615810135335
2,3,8	-0.003360594169215473	0.0010606354707584612	0.00153314989059678	-0.007572075997162808	0.0008508876587318623
2,3,9	-0.002600491012325402	0.0010605388425791252	0.014207288330113976	-0.006811589157251981	0.0016106071326011774
2,3,10	0.007059474491226936	0.0010607842390349788	2.8567750597910178e-11	0.0028474019467606814	0.011271547035693191
2,3,11	-0.024040295745078905	0.001060996445483715	3.265273933514882e-113	-0.028253210901005237	-0.019827380589152573
2,3,12	0.0011198433163851912	0.0010605360272066906	0.2910078756242352	-0.003091243649498094	0.005330930282268476
2,3,13	-0.0009641245491252472	0.0010605094792476527	0.3632931407807073	-0.005175106100612975	0.0032468570023624806
2,3,14	-0.0007954442600301946	0.0010605166789223088	0.45322525753499265	-0.0050064543993785186	0.0034155658793181293
2,3,15	-0.0007095688984552857	0.001060500614750896	0.5034413800377877	-0.004920515251547302	0.003501377454636731
2,3,16	-0.007641475312470851	0.0010605699264702062	5.865896102600843e-13	-0.011852696882689192	-0.0034302537422525115
2,4,5	-0.005857466839922068	0.0010605266554469801	3.3424317185686305e-08	-0.01006851659321271	-0.0016464170866314267
2,4,6	0.0008854507667598772	0.0010603309721313647	0.4036813446117289	-0.0033248219837334154	0.00509572351725317
2,4,7	-0.00473261285433765	0.0010606733346698247	8.137758799877607e-06	-0.008944245029109166	-0.0005209806795661333
2,4,8	0.0009504437360479305	0.0010604676271440934	0.37012284602118795	-0.0032603716326385793	0.00516125910473444
2,4,9	0.001213248547753197	0.0010603418346386742	0.25254290029715554	-0.0029970673346675115	0.005423564430173906
2,4,10	0.0032820053150095924	0.0010606922695203431	0.001974230900658487	-0.0009297020446685875	0.007493712674687772
2,4,11	0.008855799602069963	0.0010608081149454988	7.070980504883651e-17	0.00464363225315293	0.013067966950986994
2,4,12	0.0016561924042382391	0.001060356866293006	0.11831186667122803	-0.0025541831646070786	0.005866567973083557
2,4,13	-0.0018502865492627425	0.0010603257047932487	0.08098672359721479	-0.006060538384654317	0.002359965286128832
2,4,14	-0.00015874156344177978	0.0010603326784905493	0.8809945205400849	-0.004369021089402136	0.004051537962518576
2,4,15	-0.001818880929316001	0.0010603210017076472	0.08627571238305155	-0.0060291140900921286	0.0023913522314601265
2,4,16	1.3225005114577554e-05	0.0010604048521031023	0.9900493549678571	-0.004197341101736296	0.004223791111965451
2,5,6	-0.00011979174402606792	0.0010603053660875157	0.9100479324387595	-0.004329962820201153	0.004090379332149018
2,5,7	-0.004596668440296734	0.0010605443294794948	1.4648003351847265e-05	-0.008807788372144302	-0.00038554850844916676
2,5,8	0.0051083751356653575	0.0010603694650644195	1.4567196272879627e-06	0.00089794954068163	0.009318800730649085
2,5,9	-0.00014670244353634163	0.0010603246842358545	0.8899593881264373	-0.004356950226584732	0.004063545339512049
2,5,10	-0.001209304791367053	0.0010605344327632399	0.2541745262288661	-0.0054203854261688274	0.0030017758434347213
2,5,11	-0.00956907720333515	0.0010607657458691804	1.9157454410380864e-19	-0.013781076316699156	-0.005357078089971143
2,5,12	0.0020357065098445893	0.0010603190612037978	0.0548750173479854	-0.0021745189457425974	0.006245931965431776
2,5,13	0.0005158232405802782	0.0010602989433647857	0.6266225386661363	-0.0036943223327893585	0.004725968813949915
2,5,14	-0.0005189548032561372	0.0010602995936855172	0.6245307334840392	-0.004729102958864458	0.0036911933523521836
2,5,15	-0.00038881399645567666	0.0010602952179941845	0.7138413980569887	-0.004598944777438087	0.0038213167845267335
2,5,16	-0.0028667016737875597	0.0010603455724208881	0.006862054278485345	-0.00707703239787848	0.0013436290503033603
2,6,7	-0.00041406795831300594	0.0010602959094739458	0.6961525437559986	-0.004624201484964903	0.003796065568338891
2,6,8	-1.8731157136388232e-05	0.0010602362680193198	0.985904590124163	-0.004228627864532967	0.004191165550260191
2,6,9	0.0003232543327594626	0.0010602023929558856	0.7604443050177065	-0.0038865078663937024	0.004533016531912628
2,6,10	0.0009659242157419147	0.0010603377779213913	0.3623204507356368	-0.003244375558608125	0.005176223990091954
2,6,11	0.000918256658917295	0.0010604685486734933	0.3865498585883318	-0.0032925623689003952	0.005129075686734985
2,6,12	0.00024673743139672424	0.0010602113045331686	0.8159758847307503	-0.003963060153095533	0.004456535015888981
2,6,13	-0.001203530162369619	0.0010601923992372357	0.2562959164972232	-0.005413252679308067	0.0030061923545688287
2,6,14	-0.001347551097131988	0.0010601908295810192	0.2037170169180014	-0.005557267381411983	0.002862165187148007
2,6,15	0.00020327451695856952	0.0010601944336165404	0.8479517785017057	-0.004006456077921555	0.004413005111838694
2,6,16	0.0013194991317614646	0.0010602209819466513	0.21330142204249036	-0.0028903368789876425	0.005529335142510572
2,7,8	-0.0006408023379365982	0.0010604157796266112	0.5456507035667326	-0.004851411834875726	0.0035698071590025294
2,7,9	0.0005389204527492561	0.0010603048132344828	0.6112662192589542	-0.003671248428203658	0.00474908933370217
2,7,10	-0.0034487366251480913	0.001060619071562796	0.0011480674052676547	-0.007660153336553088	0.0007626800862569052
2,7,11	-0.019576264770491132	0.00106076938568767	7.546690319998104e-76	-0.023788278336539258	-0.015364251204443005
2,7,12	-0.0012719639406208049	0.0010603053535907716	0.23029127685662293	-0.005482134967174873	0.0029382070859332635
2,7,13	0.001257670921219936	0.0010602860511341762	0.2355628096001771	-0.0029524234607682786	0.005467765303208151
2,7,14	0.000925078454698163	0.0010602875297380124	0.38295049799158554	-0.0032850217984053956	0.0051351787078017215
2,7,15	0.0012838927660788445	0.0010602839187446877	0.22594006200750652	-0.0029261931487971253	0.005493978680954814
2,7,16	-0.0019423848107723548	0.001060337086607995	0.06697756896998534	-0.006152681840113495	0.002267912218568786
2,8,9	-7.391672512173375e-06	0.0010602455199345106	0.9944374861764367	-0.004217325116632889	0.004202541771608542
2,8,10	0.005800850871935846	0.0010604528338980068	4.513130442981493e-08	0.0015900942430226023	0.01001160750084909
2,8,11	-0.019293805112364414	0.0010605725587229282	9.225930295956606e-74	-0.023505037134509747	-0.01508257309021908
2,8,12	0.0007215164457785254	0.0010602548966600744	0.49618265099117254	-0.003488454230652825	0.004931487122209876
2,8,13	0.0007118632602764342	0.001060229518449191	0.5019530751110304	-0.003498006646496624	0.0049217331670494925
2,8,14	-0.00011710789043281253	0.0010602225648082889	0.9120481323508665	-0.0043269501862753445	0.0040927344054097195
2,8,15	-0.00037478132240269767	0.0010602202629221606	0.7237194273519119	-0.004584614478110031	0.0038350518333046353
2,8,16	0.0009852574443675044	0.0010602626538154995	0.3527589843483927	-0.0032247440335220383	0.005195258922257047
2,9,10	-0.0026772570059505683	0.0010603481993305963	0.011576040021592083	-0.006887598160752892	0.0015330841488517548
2,9,11	-0.0056853740128368635	0.001060481915913464	8.299427993031783e-08	-0.009896246118163064	-0.0014745019075106626
2,9,12	0.000546830268013403	0.0010602038122275268	0.6060109598884755	-0.003662937566663833	0.004756598102690639
2,9,13	0.001098760472487836	0.001060203825465175	0.3000348152046328	-0.0031110074147523365	0.0053085283597280085
2,9,14	0.00016831049230543044	0.001060206561626668	0.8738643416382958	-0.0040414682594539135	0.004378089244064774
2,9,15	0.000481667668040614	0.0010601947407212352	0.6496000817581563	-0.0037280641462649183	0.004691399482346146
2,9,16	-2.2894444284880452e-05	0.0010602181189271228	0.9827718167372311	-0.0042327190867976336	0.004186930198227873
2,10,11	-0.024157263070700152	0.0010608113339099204	2.477961393083222e-114	-0.028369443201209484	-0.01994508294019082
2,10,12	0.0011326475424824145	0.0010603553545390247	0.2854445968036534	-0.0030777220236177603	0.005343017108582589
2,10,13	-2.285272441846821e-05	0.0010603242017317598	0.9828049265082316	-0.004233098591580315	0.004187393142743379
2,10,14	-0.0002464076907530595	0.0010603216240223222	0.816236195432553	-0.004456643322563785	0.003963827941057666
2,10,15	-0.0005135873310723217	0.0010603185418966217	0.6281244159407369	-0.004723810724638395	0.003696636062493751
2,10,16	-0.0007833631234634257	0.001060394025197655	0.46006324790263264	-0.004993886239751753	0.0034271599928249012
2,11,12	-0.0020178009701261566	0.0010604845996226514	0.057082141199252305	-0.00622868373169834	0.002193081791446027
2,11,13	-0.0007468852277571249	0.0010604553015407497	0.48124470049184576	-0.0049576516549779456	0.003463881199463696
2,11,14	-0.001252800309427999	0.0010604624298392918	0.23745952129970282	-0.005463595041095165	0.0029579944222391675
2,11,15	-0.0005600939060173612	0.0010604585110073762	0.5973887370500566	-0.004770873077117439	0.003650685265082717
2,11,16	-0.00500896918129499	0.0010605189008936762	2.327376857885845e-06	-0.009219988143459722	-0.0007979502191302569
2,12,13	0.0007923412987621559	0.0010601911534150047	0.4548508530829729	-0.003417376271370503	0.005002058868894815
2,12,14	0.0010881352703881741	0.001060189455547342	0.30472618447870947	-0.00312157555799484	0.005297846098771188
2,12,15	-0.0003901754428963823	0.0010601902649566058	0.7128565799881963	-0.004599889485213401	0.0038195385994206363
2,12,16	-2.201720386973971e-05	0.0010602248845243947	0.9834319534453918	-0.00423186871064524	0.004187834302905761
2,13,14	-0.00020894683753111543	0.0010601928019412926	0.8437625834372626	-0.004418670953492851	0.00400077727843062
2,13,15	0.0006907101600441279	0.0010601820552625443	0.5147251928040182	-0.0035189712839124683	0.004900391604000724
2,13,16	-0.0009278699439603608	0.0010602155734460827	0.38148417247190824	-0.005137684479091795	0.003281944591171073
2,14,15	0.0009472507573497456	0.0010601879624966746	0.37160658792230405	-0.0032624541425536665	0.005156955657253158
2,14,16	0.0006069376172682245	0.0010602119473190018	0.5670068570771738	-0.0036028625195437787	0.004816737754080228
2,15,16	-0.0006274462291556262	0.0010602188823993944	0.5539811398123906	-0.004837273903199651	0.0035823814448883986
3,4,5	-0.06870447313707706	0.0010609823809471792	0.0	-0.07291733244672852	-0.0644916138274256
3,4,6	0.007786553442734007	0.0010606239123854776	2.1375895348767828e-13	0.0035751175097987874	0.011997989375669227
3,4,7	0.02018553273801793	0.0010611524070515362	1.8701317304616198e-80	0.01597199830305856	0.024399067172977303
3,4,8	0.015548140412231556	0.0010607745335363343	1.4520662290401874e-48	0.011336106405540343	0.01976017441892277
3,4,9	0.0012944917542591916	0.0010606335478470774	0.22228403017624793	-0.002916982438353882	0.005505965946872265
3,4,10	0.021876628966778295	0.001061034726771389	3.841385680432861e-94	0.017663561806745148	0.026089696126811442
3,4,11	0.06281685034516753	0.001061361898599859	0.0	0.05860248407884555	0.0670312166114895
3,4,12	0.002506436564475637	0.0010606519348345257	0.018125316985339847	-0.001705110637635651	0.006717983766586925
3,4,13	0.0004811465855281815	0.001060623529926129	0.6500858942638859	-0.0037302878287697287	0.004692580999826092
3,4,14	0.00029103090878852475	0.0010606222946899	0.7837809248434895	-0.0039203986007376014	0.004502460418314651
3,4,15	0.0011225057716230738	0.001060619909830695	0.2899004978586598	-0.0030889142683053613	0.005333925811551509
3,4,16	0.0023353377839328403	0.0010606925490278525	0.027689359665982315	-0.0018763706855901728	0.0065470462534558535
3,5,6	0.001085621912578931	0.001060693179656754	0.3060743137826366	-0.00312608906099211	0.005297332886149972
3,5,7	-0.03866583301846284	0.0010609445908667308	8.001135390209905e-288	-0.04287854227445169	-0.03445312376247399
3,5,8	-0.0006887191350311017	0.0010607775926525507	0.5161734930195034	-0.004900765288602851	0.003523327018540648
3,5,9	0.0019448840448306852	0.0010607027889416917	0.06672095759663452	-0.0022668650844781283	0.006156633174139499
3,5,10	-0.03869454057210932	0.001060903901139902	2.893849145129694e-288	-0.042907088260764385	-0.03448199288345425
3,5,11	-0.010372812605620035	0.0010612105974934967	1.5027011486972517e-22	-0.014586578098276072	-0.006159047112963998
3,5,12	0.002921083183126519	0.0010607016534984284	0.005890365293987869	-0.0012906614376599962	0.007132827803913034
3,5,13	-0.000929634557556857	0.0010606757024850663	0.38078603028394287	-0.005141276134249332	0.0032820070191356184
3,5,14	-0.00014615104356846195	0.0010606724553506688	0.8904060904188652	-0.0043577797268136735	0.00406547763967675
3,5,15	0.0015657236246027356	0.00106067509981628	0.13990654811190295	-0.0026459155590633776	0.005777362808268849
3,5,16	-0.009853070472385072	0.001060710396780286	1.6029895066966636e-20	-0.014064849810257405	-0.005641291134512739
3,6,7	0.001010467973556535	0.0010606883237967882	0.3407695148645893	-0.003201223718775504	0.005222159665888574
3,6,8	-0.0012763082938699877	0.001060500638055807	0.22878892225425915	-0.0054872547394991785	0.002934638151759203
3,6,9	-0.002713761886642657	0.0010604472964840972	0.01049747276152579	-0.006924496528060011	0.0014969727547746968
3,6,10	-0.002505538746230676	0.0010606107409397855	0.018162260481316844	-0.006716922379100784	0.0017058448866394318
3,6,11	0.004943611091981565	0.001060826471018257	3.1661904042972965e-06	0.000731370856319761	0.00915585132764337
3,6,12	-0.0023011243487076564	0.0010604452595466196	0.030013535000166625	-0.006511850902025556	0.0019096022046102435
3,6,13	-0.0005426284089717365	0.0010604383543184486	0.608861378854997	-0.004753327543592298	0.0036680707256488247
3,6,14	-0.0006514607480718766	0.0010604291676672816	0.5389949384807218	-0.0048621234051131786	0.0035592019089694255
3,6,15	-0.00040975731986207103	0.001060427641981922	0.6991961044341566	-0.004620413918840689	0.0038008992791165467
3,6,16	1.6349037900643265e-05	0.0010604445999940375	0.9876994264713636	-0.004194374896521519	0.004227072972322806
3,7,8	-0.01005933509240715	0.0010608165058642186	2.561424971409966e-21	-0.014271535759276185	-0.005847134425538115
3,7,9	-0.005197624216376939	0.0010607034114759606	9.599067440910493e-07	-0.009409375817592297	-0.000985872615161581
3,7,10	-0.0046523132899813245	0.0010610635624684452	1.1639881735405441e-05	-0.008865494948367109	-0.0004391316315955412
3,7,11	-0.013479376055544242	0.0010612704258823092	6.46133744878173e-37	-0.01769337910971809	-0.009265373001370392
3,7,12	-0.0076815008947861	0.0010607082679130412	4.4757551035476457e-13	-0.011893271779532017	-0.003469730010040183
3,7,13	0.00047822793395580626	0.0010606894493691232	0.6520882652452632	-0.003733468227703882	0.0046899240956154945
3,7,14	-0.0009956274344231492	0.001060673980737039	0.34790155215498164	-0.005207262174543843	0.0032160073056975444
3,7,15	-0.004351448850823555	0.001060674222836318	4.0916463305513704e-05	-0.008563084552251635	-0.00013981314939547334
3,7,16	-0.009545222300296715	0.0010607319059030276	2.344998023360457e-19	-0.013757087044778632	-0.005333357555814799
3,8,9	-0.002315073233374383	0.0010605204990119152	0.029042449609760816	-0.006526098541212166	0.0018959520744634
3,8,10	-0.016726995164537635	0.00106074821213265	6.49080868390026e-56	-0.020938924656420173	-0.012515065672655097
3,8,11	-0.04548617080539868	0.0010609192785046228	0.0	-0.049698779553195994	-0.04127356205760136
3,8,12	0.0006072830465310985	0.0010605187068355396	0.5668984088400639	-0.0036037351450839607	0.004818301238146158
3,8,13	0.0019736860845968214	0.0010605072257374578	0.0627378619100561	-0.002237286518842782	0.006184658688036425
3,8,14	0.00010829967701241061	0.0010604992010651603	0.9186606273962024	-0.004102641062735577	0.004319240416760398
3,8,15	0.0011294088418407873	0.0010604901992599832	0.2868856241016582	-0.0030814961542988007	0.005340313837980375
3,8,16	-9.09775819694092e-05	0.0010605221534488675	0.9316370849880526	-0.0043020094591058365	0.004120054295167018
3,9,10	0.010608804884546685	0.001060614373687222	1.546765330408809e-23	0.006397406827069597	0.014820202942023773
3,9,11	-0.01346413474911847	0.001060832241178738	7.257652909899956e-37	-0.01767639789644661	-0.009251871601790328
3,9,12	0.0019714070856495496	0.0010604578525192849	0.063029634680453	-0.00223936947078158	0.006182183642080679
3,9,13	0.00027317408862619855	0.0010604501562850811	0.7967149160420115	-0.003937571908247585	0.004483920085499982
3,9,14	0.0007604738272419809	0.0010604462008283692	0.4732988284469858	-0.0034502564636380625	0.004971204118122024
3,9,15	-0.0020682893362728317	0.0010604415140889883	0.05113238655508872	-0.006279001017443621	0.002142422344897958
3,9,16	-0.00255497398193537	0.0010604500519941235	0.015984675053390913	-0.006765719564699419	0.0016557716008286788
3,10,11	0.04174324946484066	0.001061272972154172	0.0	0.03752923630014536	0.045957262629535964
3,10,12	0.006110985002390506	0.001060640623397758	8.370529661366493e-09	0.0018994827147778455	0.010322487290003167
3,10,13	-0.0005208906000153412	0.0010606001877360679	0.6233375169509887	-0.004732232329114636	0.003690451129083953
3,10,14	0.0012894437310409946	0.001060601879976344	0.22407858844882866	-0.0029219047174631925	0.005500792179545182
3,10,15	0.0055565875600896795	0.0010606004298451953	1.6187914384502427e-07	0.0013452448696438914	0.009767930250535468
3,10,16	-0.001997677427173942	0.0010606545963607991	0.05964557185092091	-0.0062092351974491694	0.0022138803431012858
3,11,12	-0.010910995747203962	0.0010608443717087116	8.594345371598568e-25	-0.015123307061416914	-0.006698684432991009
3,11,13	0.0031521958525952444	0.0010608354978716187	0.0029652988389224054	-0.0010600802261341788	0.007364471931324668
3,11,14	-0.000913370074909322	0.0010608115470448144	0.38923541298412323	-0.005125551051716707	0.0032988109018980633
3,11,15	0.005258179710887614	0.0010608258656751744	7.189048690195747e-07	0.0010459418788710418	0.009470417542904187
3,11,16	-0.023964037901703553	0.0010608647277862262	1.5432277228567557e-112	-0.028176430044111397	-0.019751645759295708
3,12,13	-0.0006754102570052083	0.001060436818306863	0.524181194574304	-0.0048861032925605775	0.003535282778550161
3,12,14	0.0006557574909917471	0.0010604404154924561	0.5363256397200835	-0.003554949827964635	0.004866464809948129
3,12,15	-0.0021484590170334807	0.0010604340120980806	0.04276705621530589	-0.006359140909931813	0.002062222875864852
3,12,16	-0.00046106179422591466	0.0010604675510609372	0.6637292752550992	-0.004671876860807848	0.0037497532723560186
3,13,14	-0.000858675336032625	0.0010604460960248682	0.4180982359643588	-0.00506940521076777	0.0033520545387025202
3,13,15	-0.002169572410724743	0.0010604343518557577	0.04076756170548876	-0.00638025565270419	0.0020411108312547036
3,13,16	-0.0005089348392209956	0.0010604461531185118	0.6312822313731195	-0.004719664940658764	0.0037017952622167725
3,14,15	0.0010961666144754844	0.0010604234922962016	0.3012773522384103	-0.0031144735072812365	0.005306806736232205
3,14,16	-0.00064184658649101	0.0010604364622436883	0.5450041511977446	-0.004852538208220771	0.0035688450352387513
3,15,16	-0.00025296307247960753	0.001060459564508179	0.8114622990880286	-0.004463746426731776	0.003957820281772561
4,5,6	-0.005976396526699091	0.0010603997249112678	1.747972923188512e-08	-0.010186942274929275	-0.0017658507784689076
4,5,7	-0.022461777449261554	0.001060782130705699	3.6054027419759513e-99	-0.026673841622151813	-0.018249713276371295
4,5,8	-0.04850857965847194	0.0010604884892831386	0.0	-0.05271947786477976	-0.04429768145216412
4,5,9	-0.006298326359376506	0.0010604100377492156	2.8734193774566445e-09	-0.010508913056953386	-0.0020877396617996254
4,5,10	-0.02940722680567147	0.0010607380572548826	3.6971845982873143e-168	-0.03361911597542226	-0.025195337635920675
4,5,11	-0.03263740803241648	0.001061007737730726	2.9092278663907616e-206	-0.03685036802664437	-0.028424448038188586
4,5,12	-0.013371605388953028	0.0010604101925455194	2.061117789425755e-36	-0.017582192701182008	-0.009161018076724047
4,5,13	-0.0008311359691352497	0.0010603981966581843	0.4331626896749281	-0.0050416756491070466	0.003379403710836547
4,5,14	0.0007663660541100455	0.0010603905061136577	0.4698542259378028	-0.0034441430888964954	0.0049768751971165865
4,5,15	-0.004256615966321091	0.001060405663918106	5.973161446695245e-05	-0.008467185296658478	-4.6046635983704176e-05
4,5,16	0.002015611077871491	0.0010604301407456833	0.057339480381977656	-0.002195055442987418	0.0062262775987304
4,6,7	-0.000888194439973955	0.0010604869356310384	0.40229532418184855	-0.005099086477171123	0.003322697597223213
4,6,8	-0.0007460331752754193	0.001060293585453954	0.48167826085692844	-0.00495615747390484	0.0034640911233540014
4,6,9	-0.0024722388912055207	0.001060247204379279	0.019716589075400196	-0.006682179023777385	0.001737701241366344
4,6,10	-0.000547213529183365	0.0010605070445020882	0.6058615457099891	-0.004758185412988856	0.0036637583546221255
4,6,11	-0.000606050862213825	0.0010606221242751362	0.5677232815039248	-0.004817479695071386	0.0036053779706437363
4,6,12	-0.002545229853423668	0.0010602568018812804	0.016372033485393355	-0.006755208094946616	0.00166474838809928
4,6,13	-0.00018146372903320163	0.0010602482681436583	0.8641047076621367	-0.0043914080855109	0.004028480627444497
4,6,14	-0.0006483913142776784	0.0010602334690817026	0.5408342632095278	-0.004858276907888949	0.003561494279333592
4,6,15	0.0003816895113426997	0.0010602398228788726	0.7188460923746307	-0.0038282213113902228	0.004591600334075623
4,6,16	-0.0010889747741624888	0.0010602539077104302	0.3043826297139264	-0.005298941523756043	0.003120991975431065
4,7,8	0.0015419194017295725	0.001060628997562853	0.14601273303046258	-0.0026695367229988675	0.005753375526458012
4,7,9	-0.0008761408436930955	0.001060505687395863	0.4087199372579974	-0.005087107338815703	0.0033348256514295124
4,7,10	-0.01583960562064258	0.0010608505697473351	2.521094509400996e-50	-0.02005194154550429	-0.011627269695780868
4,7,11	0.013849595010570247	0.001061085406831382	6.921484191212104e-39	0.009636326614431402	0.018062863406709092
4,7,12	0.0027100946300124256	0.0010605107608331688	0.01060701378223423	-0.0015008920102869252	0.006921081270311776
4,7,13	-0.000300950093190774	0.0010604995200398772	0.7765787959238191	-0.004511892099496651	0.003909991913115103
4,7,14	-0.0006483736550262145	0.001060484872524868	0.5409412347261682	-0.004859257500215492	0.003562510190163063
4,7,15	-0.0004213928315280231	0.001060492584039661	0.6911064744501524	-0.004632307296949521	0.0037895216338934747
4,7,16	-0.0007977879266641077	0.0010605683565028268	0.45191747827875073	-0.005009003262988455	0.00341342740966024
4,8,9	-0.0011635925426619897	0.0010603122047769227	0.2724682949952239	-0.005373790773327906	0.0030466056880039264
4,8,10	-0.0066863297534146965	0.0010606378927812967	2.918392969300005e-10	-0.01089782119852593	-0.0024748383083034627
4,8,11	0.011486626270865316	0.0010607537934547602	2.6582998567739057e-27	0.007274674617139911	0.01569857792459072
4,8,12	0.0017564001376059414	0.0010603166495075302	0.09762829653928884	-0.002453815741821212	0.005966616017033095
4,8,13	-0.001405255101241917	0.001060298507923209	0.18506346884764507	-0.005615398945596884	0.0028048887431130504
4,8,14	0.0004793252943625405	0.001060281312940755	0.6512174363116358	-0.0037307502736070586	0.0046894008623321395
4,8,15	-0.0007972261851354528	0.001060292176980408	0.4521182430641657	-0.005007344891116968	0.0034128925208460623
4,8,16	0.0012980063616110475	0.0010603438933890358	0.22090503580121007	-0.0029123176955218747	0.00550833041874397
4,9,10	0.0010128130654930116	0.0010605003927339914	0.3395645552560139	-0.0031981324060330147	0.005223758537019038
4,9,11	0.003969167166365556	0.0010606279104046824	0.0001825184424562057	-0.00024228464156695814	0.00818061897429807
4,9,12	0.0005345372851481948	0.0010602566701533502	0.6141518356674898	-0.0036754404333206037	0.004744515003616993
4,9,13	0.0008860399257965522	0.0010602570373544782	0.4033358013185532	-0.0033239392507235	0.005096019102316604
4,9,14	-0.0007688870572016594	0.0010602554779648218	0.4683379274604378	-0.004978860041828849	0.0034410859274255304
4,9,15	-0.00013681351376823234	0.0010602502270131797	0.8973272843114694	-0.004346765648359732	0.004073138620823267
4,9,16	-0.0011728419357675268	0.001060269460842295	0.2686556430371431	-0.005382870442424674	0.00303718657088962
4,10,11	0.003303152629083428	0.001061072772253459	0.0018525874482042824	-0.0009100655987395413	0.007516370856906397
4,10,12	-0.0014446963311213756	0.0010605219351810052	0.173123740573389	-0.005655727341578193	0.0027663346793354417
4,10,13	0.002177995598554432	0.0010605033066112142	0.04000517685321786	-0.0020329614431493894	0.006388952640258253
4,10,14	0.000496950124033578	0.0010604953122233599	0.6393558250124692	-0.00371397517422954	0.004707875422296696
4,10,15	0.0010352679742615077	0.0010604946854502581	0.3289629827235361	-0.0031756548352638667	0.005246190783786882
4,10,16	-0.002751218019820586	0.0010605612693031573	0.009485652357564168	-0.006962405214890523	0.0014599691752493517
4,11,12	0.006510976686620387	0.0010606531761783594	8.371804789323846e-10	0.0022994245554857524	0.010722528817755022
4,11,13	-0.002270681468216014	0.001060632050137194	0.0322878561199418	-0.006482149713849063	0.0019407867774170352
4,11,14	0.0011919867750951642	0.0010606191624214026	0.2610769458239637	-0.003019430297083521	0.005403403847273849
4,11,15	0.0032161055967189576	0.0010606298175481115	0.002428278289604206	-0.0009953537839377542	0.007427564977375669
4,11,16	0.0020611920388840937	0.001060687431490606	0.05198910246217197	-0.002150496110353853	0.00627288018812204
4,12,13	0.0016491545575981134	0.0010602580314784135	0.11984926369850178	-0.0025608285663053744	0.005859137681501601
4,12,14	-0.00100560017898247	0.0010602428882183605	0.34289787914794034	-0.005215523173306769	0.0032043228153418287
4,12,15	0.0006869592676310892	0.0010602505445994207	0.5170379806228393	-0.003522994128005057	0.004896912663267235
4,12,16	0.002295256350812923	0.0010602797578305712	0.03040941435700803	-0.0019148130422563829	0.0065053257438822286
4,13,14	-0.0014453526735768423	0.0010602531828351135	0.17281970842213865	-0.005655316544896656	0.0027646111977429715
4,13,15	-0.0008367926374703129	0.001060243056685711	0.42997116517099143	-0.005046716300730551	0.0033731310257899254
4,13,16	-0.00098986268108359	0.001060268611765939	0.35051581121516684	-0.00519988781629999	0.00322016245413281
4,14,15	0.00020280923423888694	0.0010602367294052367	0.8483015564234411	-0.004007089305189958	0.0044127077736677315
4,14,16	-0.0007788688001811057	0.0010602638579679262	0.4625864447455239	-0.004988875059417495	0.0034311374590552833
4,15,16	-0.0016452111761707973	0.0010602748479405777	0.12074291782882791	-0.0058552610734632264	0.002564838721121632
5,6,7	0.0011244466466622926	0.001060445937887751	0.2889882374084944	-0.0030862826001553326	0.005335175893479918
5,6,8	-0.00011740927034717061	0.001060281163177723	0.9118275621127933	-0.00432748424365036	0.004092665702956019
5,6,9	0.0004272785297345476	0.0010602593689141005	0.6869537426500723	-0.0037827099047457093	0.0046372669642148045
5,6,10	0.0038596677477002374	0.001060420500996476	0.0002731172583553423	-0.00035096049645594665	0.008070295991856422
5,6,11	0.0006606422947435693	0.0010606363570095357	0.5333698831319031	-0.003550843052254748	0.004872127641741887
5,6,12	0.001588278510452068	0.001060270202554034	0.1341397577402148	-0.002621752941331464	0.0057983099622356
5,6,13	-0.0016514868201572205	0.0010602525351296513	0.11932470366574481	-0.00586144811962284	0.002558474479308399
5,6,14	0.0006099184031475198	0.0010602345201702968	0.5651124755107989	-0.003599971364037647	0.004819808170332686
5,6,15	0.00044510206847957895	0.0010602542214555853	0.6746279243362614	-0.0037648659269067623	0.00465507006386592
5,6,16	0.00038306424799663605	0.0010602577957213814	0.7178812566759472	-0.003826917939782722	0.004593046435775994
5,7,8	-0.011003341182478334	0.0010605176391593853	3.3596940417281734e-25	-0.015214355134655015	-0.006792327230301654
5,7,9	-0.0009757253811959205	0.0010604494219120476	0.3575211112221075	-0.005186468462083231	0.0032350176996913897
5,7,10	-0.0014647069426918426	0.0010607754990256625	0.16734876789544312	-0.00567674478306661	0.0027473308976829246
5,7,11	-0.037478397863142235	0.0010609961497496192	1.0913572114396308e-270	-0.04169131184479258	-0.03326548388149189
5,7,12	-0.0019397581086347225	0.001060444368443686	0.06737529384827501	-0.006150481123636288	0.002270964906366843
5,7,13	0.00016260370507190092	0.0010604334065705768	0.8781329908722382	-0.004048075783448916	0.004373283193592718
5,7,14	0.0008158925683239022	0.0010604280806451438	0.4416591989270371	-0.003394765772461621	0.005026550909109425
5,7,15	-0.0006859378844341155	0.001060431319332925	0.5177326592855866	-0.004896609085127791	0.0035247333162595597
5,7,16	-0.003075566474890136	0.0010604566479361839	0.003730188221411067	-0.007286338248264334	0.0011352052984840624
5,8,9	0.003014773072827437	0.0010602943955341092	0.004465825825607121	-0.0011953544423999075	0.007224900588054781
5,8,10	0.010887382333348166	0.0010604964649020279	1.0451189534832627e-24	0.0066764524581258596	0.015098312208570473
5,8,11	-0.040740369663464546	0.0010607269707961838	0.0	-0.04495221481204065	-0.036528524514888444
5,8,12	0.003148738224282528	0.0010602937539645671	0.0029821696816860832	-0.0010613867434546165	0.007358863192019673
5,8,13	-0.0009064888867657689	0.001060284422653106	0.39258272550057494	-0.005116576802518765	0.0033035990289872275
5,8,14	-0.0002106409336613685	0.0010602656413245288	0.8425230354404714	-0.0044206542740996705	0.0039993724067769335
5,8,15	0.0017773118508129047	0.0010602699810542523	0.09368782824844891	-0.0024327187214579857	0.005987342423083795
5,8,16	-7.989702991303624e-05	0.0010603021329557783	0.9399340284868112	-0.0042900552682414396	0.004130261208415367
5,9,10	-0.00025269733339957495	0.001060417269840562	0.8116492655441612	-0.00446331274755451	0.00395791808075536
5,9,11	-0.012339749932299185	0.0010606357103598828	2.967926682789792e-31	-0.016551232711635624	-0.008128267152962743
5,9,12	0.0020630302268461274	0.0010602716293827896	0.0516884273989727	-0.0021470068904686276	0.006273067344160882
5,9,13	0.00031371245822871437	0.0010602661219597286	0.767322032346096	-0.003896302790675282	0.004523727707132711
5,9,14	-5.514555012425815e-05	0.0010602511173996737	0.9585194690832306	-0.004265101220187314	0.004154810119938798
5,9,15	6.094681791335606e-05	0.0010602539589578237	0.9541604487705664	-0.004149020135169023	0.0042709137709957355
5,9,16	-0.0008107278849138842	0.0010602615340595985	0.44448344740067125	-0.005020724916571183	0.003399269146743415
5,10,11	-0.06357870195721287	0.0010608671293298004	0.0	-0.06779110363546728	-0.059366300278958443
5,10,12	0.00012958164575618911	0.0010604332983534706	0.9027434804407002	-0.0040810974130652735	0.004340260704577652
5,10,13	-0.0017411996631273748	0.0010604044528379874	0.10059192089757452	-0.005951764184610021	0.0024693648583552713
5,10,14	-0.000662337290117462	0.0010603997657321021	0.5322286865472605	-0.00487288320043557	0.003548208620200646
5,10,15	-0.002416586957668658	0.0010603969396762254	0.0226736049839954	-0.006627121646522561	0.001793947731185245
5,10,16	0.00048127832457888625	0.0010604292413128396	0.649936639547404	-0.003729384624887983	0.0046919412740457555
5,11,12	-0.006517497804882972	0.0010606489786847367	8.052840672944606e-10	-0.010729033268964126	-0.0023059623408018173
5,11,13	0.0017734729820870722	0.0010606294781976406	0.09451057075020444	-0.0024379850511054256	0.00598493101527957
5,11,14	-0.0017687382670284	0.0010606093933251634	0.09538772470516471	-0.005980116548904082	0.0024426400148472817
5,11,15	0.0010180607949006578	0.0010606286754401124	0.3371266069843557	-0.003193394050769986	0.005229515640571301
5,11,16	-0.010170111195453373	0.0010606672442486874	9.254707874213611e-22	-0.014381719186894563	-0.005958503204012182
5,12,13	-0.0017265876596109144	0.0010602458515408862	0.10342841240594186	-0.005936522420446245	0.0024833471012244163
5,12,14	0.00035778635699607736	0.0010602470673574237	0.7357745603683741	-0.0038521532315009665	0.004567725945493121
5,12,15	-0.0008311708471310207	0.0010602510367367852	0.4330795450178446	-0.005041126196904686	0.0033787845026426446
5,12,16	-0.0002852832536931957	0.0010602717616424217	0.7878796441521246	-0.0044953208961733375	0.003924754388786946
5,13,14	0.0002262457898165181	0.0010602409062483008	0.8310227424120501	-0.003983669334668313	0.004436160914301348
5,13,15	0.0005000949124882303	0.001060246535290633	0.6371583001214041	-0.0037098425633228975	0.004710032388299358
5,13,16	-0.0017714652075741938	0.0010602423682701243	0.09476383627513078	-0.0059813861373319115	0.002438455722183524
5,14,15	0.00030711847638938226	0.001060229397500377	0.7720683375811839	-0.003902750950130331	0.004516987902909096
5,14,16	0.00012998047466163468	0.0010602488083943503	0.9024287460520355	-0.004079966026997924	0.004339926976321193
5,15,16	-0.0006035365863089736	0.0010602689435710412	0.569202274076062	-0.004813563039029075	0.003606489866411128
6,7,8	-0.0010795303553066942	0.001060274561999919	0.3086052666848967	-0.0052895791172100845	0.003130518406596696
6,7,9	-0.0008907730699477144	0.0010602396027636536	0.4008207036241932	-0.005100683018665698	0.0033191368787702695
6,7,10	-0.0016307098992987164	0.0010604645750557481	0.12411923807372732	-0.005841513149010369	0.002580093350412936
6,7,11	0.0005369074882948174	0.0010606234663049698	0.6127048507303676	-0.003674526673381563	0.004748341649971198
6,7,12	-5.524586268195256e-06	0.001060244559075865	0.995842520733417	-0.004215454215092481	0.00420440504255609
6,7,13	-0.001510411947471535	0.0010602240448727863	0.15427320303579684	-0.005720260120229281	0.002699436225286211
6,7,14	-8.569562981250098e-06	0.0010602221094422734	0.9935509545209806	-0.004218410050694833	0.004201270924732332
6,7,15	0.0014575629469743244	0.0010602261992129474	0.16920885256439339	-0.002752293780055544	0.005667419674004193
6,7,16	0.0013357252098180894	0.0010602321228536003	0.20773091370440994	-0.00287415503830423	0.005545605457940409
6,8,9	-0.001056295237613119	0.0010602009868835886	0.319100417642507	-0.005266051853653055	0.0031534613784268174
6,8,10	-0.0022111799998416563	0.0010603112361556937	0.03703639901095953	-0.00642137438438813	0.001999014384704818
6,8,11	-0.00031365756289965414	0.0010604440914172438	0.7673994909060875	-0.004524379477907999	0.0038970643521086907
6,8,12	-0.00017677177060970023	0.00106019767490875	0.8675793106218321	-0.004386515235739421	0.00403297169452002
6,8,13	0.0005441421660959678	0.0010601977379333784	0.6077810934945587	-0.0036656015492866293	0.004753885881478565
6,8,14	-0.0006785857078314278	0.0010601806175853223	0.5221319171771042	-0.0048882614431806255	0.00353109002751777
6,8,15	-0.00036482438630975125	0.0010601873331179208	0.730762346005233	-0.004574526787129116	0.0038448780145096135
6,8,16	-0.0013290697312693606	0.0010601993443014755	0.2099907357395628	-0.005538819825082848	0.0028806803625441267
6,9,10	-0.0007659697896888057	0.001060274003578716	0.47003510554691186	-0.004976016334260405	0.0034440767548827933
6,9,11	-0.000197314917214207	0.0010603712478727246	0.8523818548561772	-0.004407747591222714	0.0040131177567943
6,9,12	-0.00027946250052462204	0.00106018457074267	0.7920905791043409	-0.004489153932737438	0.003930228931688194
6,9,13	0.00021937052671866866	0.0010601752742107377	0.8360736940308863	-0.003990283991609617	0.0044290250450469545
6,9,14	-0.0006295963740102148	0.001060166264317459	0.5526040633622158	-0.00483921511661455	0.00358002236859412
6,9,15	0.00012006628762955196	0.0010601771577329817	0.9098317989906459	-0.004089595709629924	0.004329728284889027
6,9,16	2.3533359870757387e-05	0.0010601729558820056	0.9822903531942042	-0.004186111953033427	0.004233178672774941
6,10,11	-0.0003444407544129502	0.0010606578565980117	0.745376986497984	-0.004556011470162994	0.0038671299613370937
6,10,12	-0.0011776681127565643	0.0010602917556483355	0.2667008750773791	-0.005387785145748239	0.0030324489202351104
6,10,13	0.0003005994568131779	0.001060267336978893	0.7767846271791969	-0.00390942061658639	0.004510619530212746
6,10,14	7.246154341880107e-05	0.0010602598957959691	0.9455126592685272	-0.0041375289831595205	0.004282452069997122
6,10,15	-0.0009290190714016759	0.0010602520080529032	0.3809111709260292	-0.00513897827799542	0.003280940135192068
6,10,16	0.0008773757369562388	0.0010602660549807613	0.4079538546726401	-0.0033326392459933256	0.005087390719905803
6,11,12	-0.001075029180277895	0.0010603871313291696	0.31067814279734535	-0.005285524922974964	0.0031354665624191737
6,11,13	-4.885989309733789e-05	0.0010603766960528935	0.9632483343252057	-0.0042593142002799265	0.0041615944140852516
6,11,14	-0.0006060334536164141	0.0010603627972301112	0.5676397044401584	-0.00481643257252632	0.0036043656652934913
6,11,15	0.00044160374161708593	0.001060366933942	0.6770725438793093	-0.003768811802999321	0.004652019286233493
6,11,16	-0.001068257051993756	0.001060391918707546	0.31373817380360575	-0.00527877180400891	0.0031422577000213975
6,12,13	-0.00019796234770672353	0.0010601816231625538	0.8518768994208548	-0.004407642075917139	0.0040117173805036925
6,12,14	0.0006896818232587695	0.0010601794926206616	0.5153503012890696	-0.0035199894451756813	0.00489935309169322
6,12,15	0.00035764697338636076	0.0010601813131382583	0.7358578795809065	-0.0038520315238057424	0.004567325470578464
6,12,16	0.0005212863227010431	0.0010601873848004914	0.6229383506968386	-0.0036884162833351122	0.0047309889287371985
6,13,14	0.0001256965345596342	0.001060173777383317	0.9056225900865091	-0.0040839520402926365	0.004335345109411905
6,13,15	0.0004626077151120237	0.001060169435545118	0.6625823912775094	-0.0037470236195355023	0.00467223904975955
6,13,16	5.2662599310599606e-05	0.0010601737692894854	0.9603826874015029	-0.004156985943403368	0.004262311142024567
6,14,15	-0.0010963720792926783	0.0010601705609946156	0.3010714441217316	-0.005306007882780101	0.0031132637241947448
6,14,16	0.0019642006969617445	0.001060164708642791	0.06392547354583879	-0.002245411868500891	0.00617381326242438
6,15,16	0.0005340994878567547	0.0010601811746806132	0.6144167942979875	-0.0036755784595594154	0.004743777435272925
7,8,9	0.0022664133599519277	0.0010602975317939934	0.03255905817783496	-0.0019437266084715186	0.006476553328375374
7,8,10	-0.010197487786415549	0.0010605938715208102	7.160593814974215e-22	-0.014408804435620277	-0.00598617113721082
7,8,11	0.018776238643912032	0.0010607270581098618	6.040956570950861e-70	0.014564393148638149	0.022988084139185915
7,8,12	-0.007478452288787692	0.0010602901355430336	1.766137633616895e-12	-0.011688562888801943	-0.0032683416887734403
7,8,13	0.0006125164088001947	0.0010602790346910247	0.5634730533340979	-0.00359755011288762	0.004822582930488009
7,8,14	-2.128416931660229e-05	0.0010602691966932986	0.983984159215405	-0.004231311627113203	0.0041887432884799985
7,8,15	-0.002816974012943437	0.0010602693462192473	0.007889484227760283	-0.007027002064465058	0.0013930540385781844
7,8,16	-0.0004169012398992696	0.0010603126633282813	0.6941826327106837	-0.004627101291342226	0.003793298811543687
7,9,10	-0.015313792292387253	0.0010604726336113676	3.417849446623849e-47	-0.019524627540331557	-0.01110295704444295
7,9,11	0.004753485576737134	0.0010606347177914636	7.4167343117324846e-06	0.0005420067386076154	0.008964964414866652
7,9,12	-0.001778113480397213	0.001060249965009123	0.09353370735599661	-0.005988064574645112	0.0024318376138506865
7,9,13	-0.0005358038209399537	0.0010602435834918555	0.6133083440049553	-0.0047457295759975775	0.00367412193411767
7,9,14	0.00014010530063266954	0.00106023504795	0.8948696191606383	-0.004069786562215606	0.004349997163480945
7,9,15	0.001925893783156156	0.0010602312945057844	0.06930079006921729	-0.002283983175832555	0.006135770742144867
7,9,16	0.00034098628442213313	0.001060252607727105	0.7477503390850022	-0.003868975303307329	0.004550947872151595
7,10,11	-0.05096329510096744	0.0010610945546967445	0.0	-0.05517659982067814	-0.04674999038125674
7,10,12	-0.004494068147079002	0.0010604876953530119	2.2610227620643154e-05	-0.008704963200916075	-0.0002831730932419292
7,10,13	0.0012642702234773994	0.001060459188577809	0.23319070123185198	-0.0029465116380621784	0.005475052085016977
7,10,14	-0.001271301845986307	0.0010604571630164446	0.23060073832187794	-0.005482075664597741	0.002939471972625127
7,10,15	-0.004201078521975321	0.0010604440822923617	7.452365270603427e-05	-0.008411800400751355	9.643356800712391e-06
7,10,16	-0.0033744290834681577	0.0010605160010511696	0.0014639555842291632	-0.007585436531182962	0.0008365783642466469
7,11,12	-0.0011649801000261552	0.001060635991323874	0.2720432787062829	-0.005376463994990705	0.0030465037949383945
7,11,13	0.0001461092311804829	0.0010606161406907495	0.8904314656629333	-0.004065295842565107	0.004357514304926073
7,11,14	-0.001741289581766791	0.001060612908825637	0.10064124176703783	-0.005952681822695106	0.002470102659161524
7,11,15	-0.0011762791685703223	0.001060609406127985	0.2674086248001043	-0.005387657501282369	0.003035099164141724
7,11,16	-0.009204070720253305	0.001060669331892649	4.1355472055791944e-18	-0.013415687001134977	-0.004992454439371632
7,12,13	-0.0007585815238135372	0.0010602346223894238	0.4743122985545566	-0.004968471696881788	0.0034513086492547135
7,12,14	-0.0015778919766666552	0.0010602282919909038	0.13668815024599995	-0.005787757013522639	0.0026319730601893285
7,12,15	0.0034785590719621133	0.0010602225007480144	0.0010350624702773602	-0.0007312829695152864	0.007688401113439513
7,12,16	0.002940610016431089	0.0010602443418561828	0.00554694419443368	-0.0012693187498756123	0.00715053878273779
7,13,14	0.0005725899599720186	0.0010602392902547288	0.5891594179696711	-0.003637318747861898	0.004782498667805935
7,13,15	0.00224347692313287	0.0010602248032510512	0.03434538372995064	-0.0019663742609292963	0.006453328107195036
7,13,16	-0.001767188174813486	0.0010602449854860846	0.09556440068075192	-0.00597711949679149	0.0024427431471645182
7,14,15	0.0007385803746422434	0.001060214849588943	0.48603521392069093	-0.003471231286258341	0.004948392035542828
7,14,16	0.0006760249278366381	0.0010602365037183554	0.5237252606918036	-0.0035338727154537826	0.004885922571127059
7,15,16	0.0008406379440832937	0.0010602458818590923	0.42785609733350605	-0.0033692969371370116	0.0050505728253035995
8,9,10	-0.009405169964779289	0.0010603204402486748	7.491571099419147e-19	-0.013615400896161506	-0.005194939033397072
8,9,11	0.0015680657683827016	0.0010604568527999858	0.13923349000829652	-0.002642706818447395	0.005778838355212798
8,9,12	0.005797479244149488	0.0010602074089595857	4.562100072119402e-08	0.0015876971278720948	0.010007261360426883
8,9,13	0.0002768265981045147	0.0010602033147697973	0.7940107748327347	-0.003932939261309546	0.004486592457518575
8,9,14	-0.0014530467354932526	0.0010601950357711563	0.17052117805815106	-0.0056627797213581145	0.0027566862503716092
8,9,15	0.003329856472986604	0.001060190302268403	0.0016855856215032574	-0.0008798577174849503	0.007539570663458158
8,9,16	-0.002050151544608258	0.0010602010119894344	0.05314972653578146	-0.006259908260336369	0.002159605171119853
8,10,11	-0.06699266770123619	0.001060755465931767	0.0	-0.07120462599589217	-0.0627807094065802
8,10,12	0.00524860693749181	0.0010603319922503677	7.441648411840513e-07	0.0010383301363960607	0.00945888373858756
8,10,13	0.0011002043643554378	0.001060300843440052	0.2994443672917039	-0.003109948753672733	0.005310357482383609
8,10,14	0.0005261624482116164	0.0010602999017048668	0.6197273274592541	-0.0036839869304539467	0.00473631182687718
8,10,15	-0.001642378705174731	0.0010602941863953781	0.121390559832956	-0.00585250538997165	0.0025677479796221876
8,10,16	0.007007124139771358	0.0010603381346260467	3.9159425946200905e-11	0.0027968229490485724	0.011217425330494142
8,11,12	-0.004520059988500091	0.001060464125203802	2.025878735954603e-05	-0.008730861451977595	-0.0003092585250225859
8,11,13	-0.0009713701224783114	0.0010604462656603633	0.3596697121510579	-0.005182100670787767	0.003239360425831144
8,11,14	-0.0008490319949409318	0.001060434853918043	0.4233401178316819	-0.0050597172304669355	0.003361653240585072
8,11,15	0.0035149835537234735	0.001060435232214602	0.0009180564213605259	-0.0006957031839105845	0.0077256702913575314
8,11,16	-0.012062977822646708	0.0010604689081575827	5.946417345045498e-30	-0.016273798277873487	-0.00785215736741993
8,12,13	0.001484960041460183	0.001060194724109627	0.16132413136117663	-0.0027247717068853775	0.005694691789805743
8,12,14	6.394776978526761e-05	0.0010601939007717997	0.9519033117649036	-0.004145780709319923	0.004273676248890458
8,12,15	-0.00041595413884574096	0.0010601845424415375	0.694807399600423	-0.004625645458682808	0.0037937371809913262
8,12,16	-0.0017223903637976672	0.001060212248727516	0.10425890946543598	-0.0059321916974171655	0.002487410969821831
8,13,14	0.0009225707368387907	0.001060199272895372	0.38420196891473557	-0.003287179073441366	0.0051323205471189475
8,13,15	-0.0010208021788205447	0.0010601949289160161	0.33562955542251793	-0.005230534740394033	0.0031889303827529435
8,13,16	0.003451960450858429	0.0010601985093432772	0.0011307023213206384	-0.0007577863275735003	0.007661707229290359
8,14,15	-0.0009174282192639695	0.001060179693664343	0.3868490964505463	-0.005127100285985706	0.0032922438474577674
8,14,16	-0.0007640739617242424	0.001060199716835859	0.4711037181688037	-0.004973825534765825	0.00344567761131734
8,15,16	-0.0018808593598728055	0.0010601980899493325	0.0760573447824137	-0.006090604473010649	0.002328885753265038
9,10,11	-0.005366485228293697	0.0010606673182796762	4.214464482070658e-07	-0.009578093513690891	-0.001154876942896503
9,10,12	-0.005500949633336527	0.001060287922942732	2.1302692476758502e-07	-0.009711051447744206	-0.0012908478189288478
9,10,13	0.0006022996563923404	0.0010602674251112294	0.5699935845927233	-0.0036077207669556717	0.0048123200797403525
9,10,14	0.0008852731337144343	0.0010602677450078435	0.40374763482429565	-0.0033247485598520594	0.005095294827280928
9,10,15	-0.0024612161650837613	0.001060256907674182	0.02027168326995533	-0.006671194826680236	0.001748762496512713
9,10,16	-0.00269476943262896	0.0010602679111692142	0.01103721900215542	-0.006904791785975003	0.0015152529207170832
9,11,12	-0.0016115903322412584	0.0010603895322704813	0.12856378529105444	-0.0058220956083934895	0.0025989149439109727
9,11,13	-0.0002756793206512738	0.0010603852726855083	0.7948797845659699	-0.00448616768320293	0.0039348090419003825
9,11,14	-0.0004057678660793172	0.0010603839729528086	0.7019722247204303	-0.004616251067762044	0.00380471533560341
9,11,15	-0.0017029150105014046	0.0010603828631218818	0.10829129223908793	-0.005913393805361138	0.002507563784358329
9,11,16	-0.0018593856932624508	0.0010603889254354403	0.07952206496003109	-0.006069888559845308	0.0023511171733204064
9,12,13	-2.1918813849598068e-05	0.001060179155139509	0.9835052704682261	-0.004231588742242365	0.004187751114543169
9,12,14	0.0014320787220239682	0.0010601785084417249	0.1767674709524406	-0.002777588638515809	0.005641746082563745
9,12,15	0.0012958194815822256	0.0010601688619765754	0.22160762530078157	-0.002913809575587731	0.005505448538752182
9,12,16	0.002021260934445948	0.0010601759735632715	0.05658554578120706	-0.0021883963608123657	0.006230918229704262
9,13,14	0.002049326295141027	0.0010601834448520685	0.053241607008764895	-0.0021603606664803944	0.006259013256762448
9,13,15	0.001544831305091983	0.0010601871637491319	0.14508524391452152	-0.0026648704232120866	0.0057545330333960525
9,13,16	-0.00034326265284379594	0.0010601776648823454	0.7461068598884546	-0.004552926663849171	0.0038664013581615787
9,14,15	0.001040910760110543	0.0010601791128867155	0.3261896264292802	-0.0031687590005083973	0.005250580520729483
9,14,16	0.001615940132061875	0.0010601832632757685	0.12746166899416814	-0.002593746108571696	0.005825626372695446
9,15,16	-0.002062141413751835	0.001060181265254581	0.05176930398575141	-0.0062718197208114735	0.002147536893307804
10,11,12	-0.020799161504176007	0.0010606892294123128	2.3169089752016591e-85	-0.025010856792449753	-0.01658746621590226
10,11,13	-0.0009557975133879272	0.0010606591830488671	0.3675197656106429	-0.005167373496097098	0.0032557784693212433
10,11,14	-0.0012297014376081213	0.0010606516182787057	0.24630447312870923	-0.0054412473827662716	0.002981844507550029
10,11,15	-0.00016471531469779144	0.0010606547739423558	0.876588558864029	-0.0043762737900988795	0.004046843160703297
10,11,16	-0.01622398323979776	0.001060700497831024	1.017254340189894e-52	-0.02043572327175766	-0.012012243207837855
10,12,13	0.00036731605178360466	0.0010602661801484225	0.7290150341802502	-0.0038426994281711467	0.004577331531738356
10,12,14	0.0016465212202871771	0.0010602751685053846	0.12044752768834707	-0.0025635299498769377	0.005856572390451292
10,12,15	-0.004646990248232254	0.0010602694536709337	1.1733056541876471e-05	-0.008857018726413965	-0.00043696177005054376
10,12,16	0.001868536061351806	0.001060299923605874	0.07802829520375941	-0.0023416134042764285	0.006078685526980041
10,13,14	0.0007586261970967817	0.0010602663873747766	0.4742995132485568	-0.0034513901056948907	0.004968642499888454
10,13,15	-0.001829682189395462	0.0010602485548281422	0.0844043557829165	-0.006039627684215718	0.0023802633054247936
10,13,16	0.0013987804337349842	0.0010602691821190071	0.18708390512085205	-0.00281124696619125	0.0056088078336612186
10,14,15	-0.001082168045185506	0.0010602434722743934	0.3074105291756129	-0.005292093358630216	0.003127757268259204
10,14,16	0.00028040464666467986	0.001060266387793876	0.7914215479231433	-0.003929611657791117	0.004490420951120477
10,15,16	0.0012054768422278955	0.0010602797870393886	0.2555667398579059	-0.003004592666821318	0.005415546351277109
11,12,13	-0.0013721468246746084	0.0010603827610723825	0.19566637470741519	-0.005582625214324802	0.002838331564975585
11,12,14	-0.0013265308743017172	0.0010603730258382177	0.2109376389029192	-0.005536970608105574	0.0028839088595021397
11,12,15	0.0031819065913247235	0.0010603757263356866	0.002694334440581807	-0.0010285438653866077	0.007392357048036055
11,12,16	-0.0010025240917363246	0.0010604091696723023	0.3444519197535758	-0.0052131073424266485	0.0032080591589539994
11,13,14	0.0020358038334524747	0.0010603791596697119	0.054877169093296194	-0.00217466025605189	0.006246267922956839
11,13,15	-0.0005503409217538398	0.0010603671312452328	0.6037557247819222	-0.0047607572498052746	0.003660075406297595
11,13,16	0.0016176959505849828	0.0010603921215351284	0.12712349058063144	-0.00259281960680082	0.005828211507970786
11,14,15	0.0011782726071240084	0.0010603671510012829	0.26648947368145265	-0.0030321437993730826	0.005388689013621099
11,14,16	-0.0008412036879726238	0.0010603860480909754	0.4276063333044685	-0.005051695129438877	0.00336928775349363
11,15,16	-0.006238101631937977	0.0010604004303376739	4.054508403737092e-09	-0.010448650181215807	-0.0020275530826601466
12,13,14	0.0016156396102503696	0.0010601745647313124	0.1275293479122085	-0.0025940120909368827	0.005825291311437622
12,13,15	0.001234431573363635	0.0010601667808811813	0.24427649935643422	-0.002975189220368339	0.005444052367095609
12,13,16	-0.0007446343159693931	0.0010601805042698281	0.48245376928629413	-0.0049543096013749885	0.0034650409694362023
12,14,15	-0.0005987712962770789	0.001060166596300177	0.572218731960519	-0.004808391357090377	0.003610848764536219
12,14,16	0.0018426724397998008	0.0010601745798118067	0.082200871159619	-0.0023669793212678057	0.006052324200867407
12,15,16	-0.001419238514385697	0.0010602010158647292	0.18068930689400464	-0.005628995245501501	0.0027905182167301075
13,14,15	-0.0017337103180900537	0.0010601764074903693	0.10199037561364134	-0.005943369336349472	0.0024759487001693647
13,14,16	0.001777938276186896	0.0010601750215559929	0.09354284030845056	-0.002431715238921249	0.005987591791295041
13,15,16	-0.013481879793686952	0.0010601721892781663	5.301056633782198e-37	-0.0176915220626253	-0.009272237524748605
14,15,16	0.00018135640066971152	0.0010601743944668436	0.8641749312945572	-0.0040282946244457555	0.0043910074257851785
