Params: 	697
Performance: 	0.9525490821358138
Term	Coefficient	Standard Error	p-value	95% CI lower	95% CI upper
Intercept	8.389230961062115
1	-0.015193864424693084	0.00104219383947255	4.592831207587163e-48	-0.01933212108682482	-0.011055607762561348
2	0.15642525647351577	0.0010427223519957336	0.0	0.15228490123779123	0.1605656117092403
3	0.5479336106047626	0.001043201939939715	0.0	0.5437913510610974	0.5520758701484278
4	0.0017617287172094881	0.0010430887291705776	0.09123321315649491	-0.0023800812985446513	0.005903538732963627
5	0.3311317830286475	0.0010429295575322495	0.0	0.32699060503840316	0.3352729610188918
6	-0.009021621436099895	0.0010421910824563287	4.9813424792262924e-18	-0.013159867150900804	-0.004883375721298984
7	0.25890448348874856	0.0010431823881125596	0.0	0.2547623015798533	0.2630466653976438
8	0.19841320359136894	0.001042511193962032	0.0	0.19427368680441146	0.20255272037832642
9	0.04716358543748381	0.0010422902750327867	0.0	0.04302494585704599	0.05130222501792162
10	0.19444089014968993	0.0010429283248640797	0.0	0.19029971705402193	0.19858206324535793
11	0.6912719352003264	0.0010432861968026693	0.0	0.6871293410965138	0.6954145293041389
12	0.02350594355875622	0.0010423273770531212	3.617144327124685e-112	0.01936715665670028	0.02764473046081216
13	0.001109205166355866	0.0010421956305343893	0.2871984709821188	-0.003029058607575335	0.005247468940287067
14	0.008633684626074991	0.0010421759801432131	1.2111929311257375e-16	0.004495498878283572	0.012771870373866411
15	-0.013520088508824584	0.0010423113522578114	1.9943246239716157e-38	-0.017658811780955415	-0.009381365236693752
16	0.12700398878157598	0.0010423661513552433	0.0	0.12286504791774441	0.13114292964540755
1,2	0.028970440956862263	0.0010421164868457057	4.6043670458692284e-169	0.02483249144011102	0.03310839047361351
1,3	-0.007114913856341748	0.0010423637758132885	8.825437957696111e-12	-0.011253845287568795	-0.0029759824251147007
1,4	0.0031830037686374707	0.0010422828425098154	0.0022599858459979175	-0.0009556062993559822	0.007321613836630924
1,5	0.0055603204564939656	0.001042177031323018	9.571776839860769e-08	0.0014221305347651599	0.009698510378222771
1,6	0.000654440460506516	0.0010418569539481	0.529909201084152	-0.0034824785245894056	0.004791359445602437
1,7	0.0010642885472864384	0.0010423466847359524	0.3072344509226797	-0.0030745750201114728	0.00520315211468435
1,8	0.0008196300090451063	0.0010419977650169446	0.43152206448828534	-0.003317848096937619	0.004957108115027831
1,9	9.462578093905223e-06	0.0010418904720127168	0.9927536420741093	-0.004127589497746702	0.004146514653934512
1,10	0.0002768589433779726	0.0010421999824460823	0.7905107367191222	-0.003861422110762412	0.004415139997518357
1,11	-0.0004687539410259719	0.001042328082439704	0.6529151680535945	-0.004607543643972315	0.003670035761920371
1,12	0.0010719651885999527	0.0010419051729598412	0.3035536336908202	-0.003065145260539433	0.005209075637739338
1,13	0.00011130816921821763	0.0010418529618560332	0.9149188430162826	-0.00402559496441038	0.004248211302846815
1,14	-0.0005060591862173737	0.001041852176175323	0.6271600722181023	-0.00464295920013032	0.0036308408276955724
1,15	0.0013781560784900107	0.0010419183047617048	0.1859365256787093	-0.002759006513316593	0.005515318670296614
1,16	-0.0048258660328180745	0.0010419293507344274	3.6346162975681804e-06	-0.008963072485054933	-0.0006886595805812154
2,3	-0.016959608361165505	0.0010429953015707418	2.4860105621195355e-59	-0.02110104740237268	-0.01281816931995833
2,4	-0.014534876198573255	0.0010429312765397394	4.4152428153515533e-44	-0.01867606101450961	-0.010393691382636901
2,5	-0.032070914936839306	0.001042749826457333	3.4076569881991605e-206	-0.03621137926587205	-0.027930450607806565
2,6	0.0009528617699721717	0.0010421159510265795	0.3605349196091675	-0.003185085619193028	0.005090809159137372
2,7	-0.0039634047186251345	0.0010429414671710234	0.00014470456455191466	-0.008104629998673063	0.0001778205614227932
2,8	-0.012318620720911031	0.0010424767170706787	3.4608805715524653e-32	-0.016458000609894326	-0.008179240831927736
2,9	-0.003753282930569786	0.0010422197697843641	0.00031694646308763337	-0.007891642554628136	0.0003850766934885637
2,10	-0.02000890782114527	0.0010427729767487587	7.954667686092057e-82	-0.024149464073430764	-0.015868351568859775
2,11	-0.04802912448411552	0.001042888246463374	0.0	-0.05217013843980165	-0.043888110528429385
2,12	-0.008412216850697504	0.0010422739669547238	7.092834594548386e-16	-0.012550791676374608	-0.004273642025020401
2,13	0.0009472224541580726	0.0010421046895436883	0.36337928100314687	-0.0031906802188470086	0.0050851251271631535
2,14	0.0008731819789988765	0.0010421016829533045	0.40208735682278185	-0.0032647087556870414	0.0050110727136847945
2,15	-0.005135924835911689	0.001042265003727899	8.343162446141782e-07	-0.009274464071152812	-0.0009973856006705653
2,16	0.000923364687285687	0.0010423686430039744	0.37571082280266566	-0.003215586070177536	0.00506231544474891
3,4	-0.08902820941797511	0.0010434831590456595	0.0	-0.093171585603089	-0.08488483323286122
3,5	-0.10700459438717698	0.001043240997193566	0.0	-0.11114700901613904	-0.10286217975821492
3,6	-0.0066656366228905126	0.0010423582826673788	1.619136252135611e-10	-0.010804546242390417	-0.0025267270033906084
3,7	-0.030952331410050098	0.0010434239964819294	4.673076093383727e-192	-0.035095472677374	-0.026809190142726196
3,8	-0.05060595119437462	0.0010427137751112872	0.0	-0.05474627237371937	-0.04646563001502987
3,9	-0.0037638493266687386	0.0010424538919671267	0.00030576513294787536	-0.007903138583628257	0.000375439930290781
3,10	-0.14419213086088994	0.001043116128546035	0.0	-0.1483340496718065	-0.1400502120499734
3,11	-0.2538548065780052	0.0010432964167972787	0.0	-0.2579974412625227	-0.24971217189348763
3,12	-0.0021526090160155042	0.0010424821812943519	0.038937665202386576	-0.0062920106018839305	0.0019867925698529216
3,13	-0.004559580741985123	0.0010423604093791536	1.2202637988819219e-05	-0.008698498806055353	-0.0004206626779148931
3,14	0.0004457877556455492	0.0010423454775825459	0.6688873584291148	-0.003693071018487964	0.004584646529779062
3,15	0.0009992637382564918	0.0010424806449273393	0.33779210284078953	-0.0031401317471335156	0.005138659223646499
3,16	-0.0004111202714206602	0.001042548932487518	0.6933302868329136	-0.004550786907378007	0.0037285463645366865
4,5	0.3069782792008127	0.0010431197371807744	0.0	0.3028363460610293	0.3111202123405961
4,6	0.0036063367531617126	0.0010422996637727599	0.0005405706059845063	-0.0005323401073043191	0.007745013613627744
4,7	-0.02364811730875848	0.0010434510555138827	2.9223697761881413e-113	-0.027791366019837095	-0.019504868597679866
4,8	-0.012813021721922738	0.001042755403428215	1.1560703172566408e-34	-0.016953508195527857	-0.008672535248317619
4,9	-0.0006901188755048526	0.0010424143299246518	0.5079486837772215	-0.004829251042794832	0.0034490132917851263
4,10	-0.039448540893667595	0.0010431239607193764	1.71579302838005e-309	-0.04359049080392697	-0.03530659098340822
4,11	-0.03334597057041377	0.0010434170738223127	2.4748233712883597e-222	-0.037489084349816335	-0.0292028567910112
4,12	-0.0012607620735657502	0.0010424578772169374	0.2265087577621284	-0.005400067154823931	0.002878543007692431
4,13	0.002180552576131641	0.0010422983622916044	0.036436972215780676	-0.001958119116521208	0.00631922426878449
4,14	-0.0005979803414368971	0.0010422690666170007	0.5661530156413215	-0.004736535709260326	0.003540575026386531
4,15	-0.0015157591360683235	0.0010423949053379744	0.14592017550609385	-0.005654814173824254	0.002623295901687607
4,16	-0.00449302996512632	0.0010425455059609146	1.637433388617261e-05	-0.00863268299531667	-0.00035337693493596965
5,6	-0.004921164045684486	0.0010421727062736791	2.3401028236519486e-06	-0.009059336793866911	-0.0007829912975020623
5,7	-0.011419187612488543	0.0010431247405498975	7.268918110096142e-28	-0.015561140619234127	-0.00727723460574296
5,8	-0.054187878139301586	0.0010424933442784437	0.0	-0.05832732405021929	-0.050048432228383885
5,9	-0.010054627376420704	0.0010422466806261582	5.238111017600053e-22	-0.014193093855812602	-0.0059161608970288064
5,10	0.022379137641341647	0.0010426648908753455	7.927554218270743e-102	0.01823901056745732	0.026519264715225973
5,11	-0.11763842604920631	0.0010431836017586451	0.0	-0.12178061277714657	-0.11349623932126605
5,12	-0.015962903095704306	0.0010423031277063527	7.555137072798253e-53	-0.0201015937104699	-0.011824212480938713
5,13	0.0014179024303092153	0.001042167528257104	0.17366644186607108	-0.002720249757435431	0.005556054618053861
5,14	0.0016981421724515159	0.0010421694896137485	0.10322702247806285	-0.002440017803285051	0.005836302148188083
5,15	-0.0029841020881922224	0.0010422735575701528	0.004196960106363723	-0.007122675288319102	0.0011544711119346575
5,16	-0.0053757407848852605	0.0010423652959392483	2.513549149711889e-07	-0.009514678252102105	-0.0012368033176684166
6,7	0.0031569262003212526	0.0010423412359469053	0.0024571753093043146	-0.0009819157314780577	0.007295768132120563
6,8	0.0025686809814919006	0.0010420007426566974	0.013698493049524927	-0.0015688089478552293	0.00670617091083903
6,9	0.001357924078647157	0.001041908403921365	0.1924755227933597	-0.0027791991997256627	0.005495047357019977
6,10	0.010152054740000246	0.001042203267331636	2.0911760871350365e-22	0.006013760642509371	0.01429034883749112
6,11	0.007382630001041	0.0010423344819781653	1.4275704671494607e-12	0.0032438148873393177	0.011521445114742682
6,12	-0.0002849239888959047	0.001041918049026562	0.784499734552494	-0.004422085565250662	0.003852237587458853
6,13	0.0007657371644584521	0.0010418812028509237	0.46236883207392976	-0.0033712781061650352	0.004902752435081939
6,14	0.0005145323432128004	0.0010418602361102391	0.6214072838811321	-0.003622399674419703	0.004651464360845303
6,15	0.0009797856733657457	0.0010419181204470132	0.3470328144413827	-0.003157376186579402	0.005116947533310893
6,16	-0.0010026276699685297	0.0010419217027329746	0.3359091614059577	-0.0051398037541569835	0.0031345484142199244
7,8	-0.02864548634295769	0.0010427300827814529	3.612616654189486e-165	-0.03278587227544351	-0.024505100410471877
7,9	-0.017286218436886103	0.001042458618368505	1.2668834816002583e-61	-0.02142552646104732	-0.013146910412724887
7,10	0.017041145418362796	0.0010431253568685991	7.19145668061809e-60	0.012899189964390146	0.021183100872335447
7,11	-0.11535327484869028	0.0010433409663750351	0.0	-0.11949608642696787	-0.11121046327041269
7,12	-0.018231379913284117	0.0010424950571684456	2.5546430906899853e-68	-0.02237083262560305	-0.014091927200965188
7,13	0.0018519015102632455	0.001042342415733745	0.07562688899270714	-0.0022869451061355755	0.005990748126662066
7,14	0.0024216341285568013	0.0010423245477400214	0.020166123550970295	-0.0017171415390978741	0.006560409796211477
7,15	-0.014331526520443543	0.0010424494228728402	6.043900910376416e-43	-0.018470798031894976	-0.01019225500899211
7,16	0.00036927893157584317	0.0010425575916776396	0.7231865690048713	-0.0037704220875738152	0.0045089799507255016
8,9	-0.008762972388290043	0.0010420637025068088	4.2112614886880415e-17	-0.01290071231337626	-0.004625232463203827
8,10	0.016919697774237883	0.0010424898773318749	4.072825574111766e-59	0.012780265629583419	0.021059129918892347
8,11	0.06645807555732226	0.0010426510061951164	0.0	0.062318003615571986	0.07059814749907255
8,12	-0.007658057924909081	0.0010421639781333807	2.0326938742516575e-13	-0.011796196016117562	-0.0035199198337005997
8,13	-0.00798940146628142	0.0010420049966970147	1.7810671536708204e-14	-0.012126908287218211	-0.0038518946453446282
8,14	0.0015778875659656052	0.0010419782194436428	0.129949920555552	-0.0025595129300794413	0.005715288062010652
8,15	0.006025932154451134	0.0010420927494047014	7.3931306893091e-09	0.0018880768923573796	0.010163787416544888
8,16	-0.0023867038051137482	0.0010422131664326766	0.022022615397758284	-0.006525037209132141	0.0017516295989046453
9,10	0.023795701511529342	0.001042272590800936	6.668502420731173e-115	0.0196571321501693	0.027934270872889383
9,11	0.002424352165253689	0.0010424282527511227	0.020038900349722374	-0.0017148352856382622	0.00656353961614564
9,12	-0.010611684922446423	0.0010420044248231571	2.4432076042737986e-24	-0.014749189472634039	-0.006474180372258806
9,13	0.0006586757878884559	0.0010419084089482251	0.5272702178607204	-0.003478447510444603	0.004795799086221515
9,14	-0.0009335083420591206	0.001041887666526627	0.3702679727555275	-0.005070549278108778	0.0032035325939905363
9,15	-0.005476221086841794	0.0010419548658137316	1.479258361108293e-07	-0.009613528852234533	-0.0013389133214490555
9,16	0.00039696624897723413	0.00104198697192485	0.703226454798008	-0.0037404690006926124	0.004534401498647081
10,11	0.03154136680213149	0.0010431031589645218	2.0043327423003699e-199	0.027399499489751077	0.0356832341145119
10,12	0.007501843064971996	0.0010423285206045015	6.21445440746994e-13	0.0033630516221972995	0.011640634507746692
10,13	-0.004860754289998041	0.0010421959290894515	3.1082429748291466e-06	-0.008999019249406864	-0.0007224893305892181
10,14	-0.0010112621552374656	0.001042171324984588	0.3318799819045015	-0.005149429418711991	0.003126905108237059
10,15	0.013208349815655152	0.0010423192213441011	9.362751897989385e-37	0.009069595297610623	0.01734710433369968
10,16	0.0014640228397976977	0.0010423461362727426	0.16016131599403477	-0.0026748385498080924	0.005602884229403488
11,12	0.0017837730433675376	0.001042462248280948	0.0870647522174278	-0.0023555493941482576	0.005923095480883333
11,13	0.004558019782533175	0.0010423406099320132	1.2281972621127973e-05	0.00041918033646175853	0.008696859228604591
11,14	0.0011499056703169939	0.0010423162531283182	0.2699352037118306	-0.0029888370617830464	0.005288648402417034
11,15	-0.006988531605926232	0.0010424689108049113	2.047315355260208e-11	-0.011127880498438339	-0.002849182713414126
11,16	-0.02164052052969187	0.0010425083034339244	2.1593743013997548e-95	-0.025780025839180626	-0.017501015220203114
12,13	0.002642554614986165	0.0010419327670027007	0.011208514468257753	-0.0014946654022847659	0.006779774632257096
12,14	0.0004732915969069729	0.0010419081353955635	0.6496471268574922	-0.0036638306152259174	0.004610413809039864
12,15	-0.013825756169681371	0.001041995251704406	3.988480292073015e-40	-0.017963224296011597	-0.009688288043351147
12,16	-0.002887936496465478	0.0010420294160108476	0.00558229017305962	-0.007025540279583705	0.0012496672866527496
13,14	-0.0016604561400745598	0.0010418743132564324	0.11100372274347459	-0.00579744405406896	0.0024765317739198402
13,15	0.011584274997655089	0.0010419244882698552	1.0885211617107814e-28	0.007447087852888346	0.015721462142421833
13,16	0.0006144559448457397	0.001041917022897254	0.5553697869617482	-0.0035227015570400613	0.004751613446731541
14,15	-0.004216073545465468	0.0010419060608482997	5.205080035214671e-05	-0.008353187520158536	-7.89595707723998e-05
14,16	-0.010617615735490072	0.0010419142374055775	2.283755567800869e-24	-0.014754762176977076	-0.006480469294003067
15,16	0.0641920914503063	0.001042003301919717	0.0	0.060054591358850315	0.06832959154176228
1,2,3	-0.0004712680582437713	0.0010419452351904071	0.6510570370864747	-0.004608537583157989	0.0036660014666704465
1,2,4	-0.0002914350214337606	0.0010419195721527504	0.7797011442238149	-0.004428602645691372	0.003845732602823851
1,2,5	-0.0016013168642903125	0.0010418195831208325	0.12428887936342754	-0.005738087460411888	0.002535453731831263
1,2,6	-0.0005517733890707728	0.0010415996176640259	0.5962964645201281	-0.004687670564641781	0.003584123786500236
1,2,7	-0.001649764255235115	0.001041899304597274	0.11333076283274704	-0.005786851402768245	0.002487322892298015
1,2,8	-0.000682302928913682	0.0010416909652114013	0.5124730161368589	-0.004818562819732257	0.0034539569619048928
1,2,9	-0.000190691834437209	0.0010416169732863016	0.8547414110277425	-0.00432665792427041	0.003945274255395991
1,2,10	-0.0022556481915331763	0.0010418506005876263	0.030388357800318882	-0.006392541949233471	0.0018812455661671185
1,2,11	-0.00812870298292483	0.0010420146376652545	6.238014806382681e-15	-0.012266248085416872	-0.003991157880432787
1,2,12	-0.0014066358631312417	0.0010416451287297783	0.17689307965890685	-0.005542713750258889	0.002729442023996406
1,2,13	0.0007175679675873676	0.0010415898423361007	0.49087862519679426	-0.0034182903929241212	0.004853426328098856
1,2,14	0.0003002724079911043	0.001041591480186702	0.7731315860849632	-0.0038355924559614002	0.004436137271943609
1,2,15	0.0004994428371392402	0.0010416671919689761	0.6316096062608172	-0.0036367226568645387	0.004635608331143019
1,2,16	-0.0009265975111556212	0.0010416968620909949	0.37373360790368915	-0.005062880816813489	0.003209685794502247
1,3,4	-0.00045006148010261465	0.0010421015529654268	0.6658310397591016	-0.004587951698643474	0.0036878287384382443
1,3,5	0.0027184510928782326	0.001042242946124201	0.009102254769938947	-0.001420000557863735	0.0068569027436202
1,3,6	-0.0010862709494442718	0.0010416858488624745	0.29704450294972046	-0.005222510524689841	0.003049968625801297
1,3,7	0.0010665114027036985	0.0010422315796388395	0.3061718364531562	-0.0030718951149430705	0.005204917920350468
1,3,8	0.001446829280212141	0.0010418769939671362	0.16493628008468994	-0.0026901692781254793	0.005583827838549761
1,3,9	0.0001247174659369404	0.001041727113331952	0.9047038957182082	-0.004011685958833791	0.004261120890707671
1,3,10	0.0011556473588121964	0.0010419382136527256	0.26737732385329427	-0.002981594285563883	0.0052928890031882754
1,3,11	0.006691252651156095	0.0010424227909465343	1.3819328765329717e-10	0.002552086887543774	0.010830418414768415
1,3,12	0.0009872891941868182	0.001041733824973988	0.3432672291794926	-0.003149140880614183	0.0051237192689878195
1,3,13	-0.0005073687115085927	0.0010416773018441555	0.626211131768516	-0.0046435743489643185	0.003628836925947133
1,3,14	-0.0005011830341189294	0.0010416871495577873	0.6304284382743345	-0.004637427774057322	0.003635061705819463
1,3,15	0.0007628650890076016	0.0010417413604777673	0.4639894329548431	-0.003373594907145394	0.004899325085160597
1,3,16	0.0012595041690195345	0.001041777590054086	0.22666919316474599	-0.0028770996845234095	0.005396108022562478
1,4,5	-0.0013702310552159177	0.0010419616515919307	0.18849807287917758	-0.005507565765012641	0.002767103654580805
1,4,6	2.40947304895019e-05	0.001041671253680635	0.9815459790595783	-0.004112086891421288	0.004160276352400292
1,4,7	0.0002644979871940043	0.0010422147910312824	0.7996628545865746	-0.0038738418676454826	0.004402837842033491
1,4,8	-0.0020253603965535508	0.00104182936277428	0.051894780742314524	-0.00616216982491007	0.0021114490318029687
1,4,9	-0.0005855758571087222	0.0010417049508319866	0.5740279717395793	-0.004721891280866918	0.0035507395666494737
1,4,10	0.0015073270730018165	0.0010420785341143494	0.14805260714256524	-0.002630471744198699	0.005645125890202332
1,4,11	0.0008515367434462091	0.0010422480933729075	0.41392051642183814	-0.0032869353455630404	0.0049900088324554585
1,4,12	3.0101692869538045e-05	0.0010417171141884863	0.9769474471265407	-0.00410626202813353	0.004166465413872606
1,4,13	-0.0007217453720774368	0.001041657283261128	0.4883862812470158	-0.004857871521407784	0.0034143807772529103
1,4,14	-0.00028275303601276846	0.001041652614068796	0.7860484707383997	-0.0044188606453023456	0.0038533545732768086
1,4,15	0.00040456655831186926	0.0010417274495935964	0.6977500369975638	-0.0037318382016586467	0.004540971318282385
1,4,16	0.00034721170446455445	0.001041743033889634	0.7389098507878772	-0.003789254936333174	0.004483678345262283
1,5,6	0.0008619334257598727	0.0010416361057232386	0.40796797336428503	-0.0032741086335634734	0.004997975485083218
1,5,7	0.0011702448054712769	0.0010420706992174326	0.26144200460734135	-0.0029675229015718612	0.005308012512514415
1,5,8	0.0009375297752528804	0.0010417508866282673	0.3681471936287911	-0.0031989680465466293	0.00507402759705239
1,5,9	-0.0016083729238345577	0.0010416593438819898	0.12258150749331011	-0.005744507255306928	0.0025277614076378123
1,5,10	0.0015378695880648627	0.0010418621004224453	0.13992797610654115	-0.0025990698322235716	0.005674809008353297
1,5,11	-0.0010653070158934252	0.00104218514995443	0.306696816204136	-0.005203529174408954	0.003072915142622104
1,5,12	0.0003465894972250537	0.0010416894687082748	0.7393477867635638	-0.0037896644514033074	0.004482843445853415
1,5,13	6.200127734702632e-06	0.0010416263936491353	0.9952507564845459	-0.004129803367692141	0.004142203623161546
1,5,14	0.0003989256870521498	0.0010416318278193219	0.7017347936737292	-0.0037370993859259377	0.004534950760030238
1,5,15	0.0002748904138776824	0.0010416804749817702	0.7918645415004282	-0.0038613278232091067	0.004411108650964472
1,5,16	0.00036230019312097524	0.0010417055700190515	0.727995156899344	-0.0037740176892537463	0.004498618075495697
1,6,7	-0.00029242035815075975	0.0010416684226956878	0.7789237319729865	-0.004428590739021857	0.0038437500227203377
1,6,8	0.00038344232596678775	0.0010415594024239174	0.7127681851298069	-0.0037522951662718167	0.004519179818205392
1,6,9	-0.0020697675370326797	0.0010415309653577097	0.04690059445604868	-0.006205392113732708	0.0020658570396673483
1,6,10	-0.0006851740915213246	0.0010415930391009633	0.5106602970497174	-0.004821045145480989	0.0034506969624383396
1,6,11	0.0005073258384977368	0.0010417096761965673	0.6262510238927115	-0.003629008348345325	0.004643660025340799
1,6,12	-0.00011559344160159404	0.0010415336152073996	0.9116294825174491	-0.004251228540104493	0.004020041656901306
1,6,13	0.0006295451357870218	0.0010415176557167522	0.5455468085996961	-0.0035060265920970977	0.004765116863671141
1,6,14	1.9747300615416755e-06	0.0010415103435645033	0.9984871975056999	-0.004133567963336274	0.004137517423459357
1,6,15	0.0006859234879259546	0.001041544857186175	0.510178471245907	-0.0034497562492917418	0.004821603225143651
1,6,16	0.00017505270726703766	0.0010415449998455717	0.8665285677824923	-0.003960627596410732	0.004310733010944807
1,7,8	0.0009019173029511515	0.0010418252181590047	0.3866531392130905	-0.0032348756683115674	0.00503871027421387
1,7,9	0.00047985532723320403	0.001041695023920008	0.6450523426240788	-0.003656420679568113	0.004616131334034521
1,7,10	-0.0022886215409810423	0.0010420765783353144	0.028080364344520388	-0.006426412592336745	0.0018491695103746604
1,7,11	-0.0012251254487089345	0.0010422853051586605	0.23983021591530337	-0.005363745295183705	0.0029134943977658367
1,7,12	-0.00040536965659187423	0.001041702140675819	0.697172700467352	-0.004541673922015562	0.0037309346088318144
1,7,13	-0.0005271151383799567	0.0010416629764538152	0.6128357236649071	-0.0046632638937665625	0.003609033617006649
1,7,14	0.0010111546743287818	0.0010416625268732259	0.3316952608565915	-0.003124992295900592	0.005147301644558155
1,7,15	0.0007610557449599107	0.0010417174636447952	0.4650397326535607	-0.003375309363635219	0.0048974208535550404
1,7,16	-0.0011754765201408323	0.0010417207112730087	0.25915577314350985	-0.005311854524148102	0.0029609014838664375
1,8,9	0.00020024937386028344	0.0010415751101308709	0.8475420678375536	-0.003935550489235339	0.004336049236955906
1,8,10	0.0006707908123616188	0.001041702549307435	0.519618627821028	-0.003465515075622522	0.00480709670034576
1,8,11	-0.0012691633123405434	0.001041888611972134	0.2231763779922489	-0.0054062080024866255	0.0028678813778055387
1,8,12	0.00016085589719969356	0.0010416027258602046	0.8772702949403839	-0.003975053620138324	0.004296765414537711
1,8,13	-9.595266147033863e-05	0.0010415623733409955	0.9265999884489564	-0.0042317019503795095	0.004039796627438833
1,8,14	0.00044298163248784753	0.0010415540758840908	0.6706133658028315	-0.0036927347095691986	0.004578697974544894
1,8,15	-0.0005834599825708222	0.0010416033004612883	0.5753752562655745	-0.0047193717814870565	0.003552451816345412
1,8,16	-0.0005152359444830714	0.0010416447085579191	0.6208581474022172	-0.00465131216322723	0.0036208402742610867
1,9,10	-0.00014703029797945733	0.0010416125499118935	0.8877468238262662	-0.004282978823845265	0.0039889182278863506
1,9,11	0.00023192133063636416	0.0010417500559786372	0.8238268091660668	-0.003904573192888645	0.004368415854161373
1,9,12	-0.001352064108006081	0.0010415631216811978	0.19425408067048439	-0.005487816368362319	0.002783688152350158
1,9,13	0.0011267437234298559	0.0010415182094889377	0.2793330248173132	-0.0030088302033268234	0.0052623176501865356
1,9,14	0.0004591731201420571	0.0010415098284587022	0.6593067582688465	-0.003676367527916463	0.004594713768200577
1,9,15	6.924794543873482e-05	0.0010415460657376815	0.9469913327505474	-0.004066436590594818	0.004204932481472288
1,9,16	-0.0006438137822629361	0.0010415538152406235	0.5364930658359479	-0.004779529089378569	0.0034919015248526973
1,10,11	0.001744440526327289	0.0010420895102531225	0.09413881746149097	-0.00239340187401264	0.005882282926667218
1,10,12	-0.001664004158337219	0.0010416437631998918	0.1101639530815902	-0.005800076623332307	0.0024720683066578697
1,10,13	0.00036051914900516076	0.0010415857908264853	0.7292497364825878	-0.003775323124108741	0.004496361422119063
1,10,14	-0.0007019300600503693	0.0010415758777132206	0.5003699874903023	-0.0048377329709981785	0.0034338728508974403
1,10,15	-0.00014521437666126236	0.001041648922737014	0.8891280563130435	-0.004281307328717453	0.0039908785753949285
1,10,16	0.0001411684272230665	0.0010416570994239633	0.8921988641419913	-0.003994956992141949	0.004277293846588082
1,11,12	-0.00010943843939382244	0.001041773584046132	0.91633637283654	-0.0042460263862133946	0.00402714950742575
1,11,13	-9.176627045323887e-05	0.001041714650294742	0.9298041824041654	-0.004228120208031846	0.0040445876671253685
1,11,14	0.0007515658898753882	0.001041712295686584	0.4706220478873796	-0.003384778698220879	0.004887910477971655
1,11,15	-0.00035795372946975093	0.0010417857229126353	0.7311510446811001	-0.004494589876291352	0.0037786824173518508
1,11,16	0.002926368779493973	0.001041804633884292	0.004971986781782563	-0.0012103424574418488	0.007063080016429795
1,12,13	-0.0004240259450159975	0.0010415288310467066	0.6839221322528869	-0.004559642046971316	0.0037115901569393208
1,12,14	0.00021045463077919851	0.0010415228237018058	0.8398670697077739	-0.003925137617710367	0.004346046879268764
1,12,15	0.0007030536236775353	0.0010415623708118008	0.499678832209281	-0.00343269565518892	0.004838802902543991
1,12,16	-0.0008689218523774836	0.001041571503448297	0.4041482393968143	-0.005004707394357759	0.0032668636896027916
1,13,14	-0.00042803352942127545	0.0010415347318993877	0.6811001510547054	-0.004563673061991892	0.0037076060031493415
1,13,15	-0.0005914263230480171	0.0010415312933718115	0.5701435531244348	-0.004727052202199173	0.003544199556103139
1,13,16	-8.493971407697812e-06	0.0010415326746750773	0.9934931405854159	-0.004144125335323037	0.0041271373925076404
1,14,15	0.0007982549988533151	0.001041537560364817	0.44342942604762103	-0.003337395764752704	0.004933905762459334
1,14,16	0.000675471654195507	0.0010415379005793634	0.5166426605364535	-0.003460180460306151	0.004811123768697165
1,15,16	-0.00157907423302916	0.0010415736171301671	0.12951255303971113	-0.0057148681678416986	0.0025567197017833786
2,3,4	0.016111243228327365	0.001042811153197245	9.492588256962214e-54	0.011970535388173758	0.02025195106848097
2,3,5	-0.014111138252102421	0.0010427575858854522	1.149270412999479e-41	-0.018251633391627314	-0.009970643112577528
2,3,6	0.0017010926790927907	0.001041944248558066	0.10255520897053946	-0.002436172928183744	0.005838358286369326
2,3,7	-0.023496981386670224	0.001042877077828617	5.72334131555097e-112	-0.02763795099486989	-0.019356011778470558
2,3,8	-0.006968057203902218	0.0010423571410134503	2.329914502759206e-11	-0.011106962290217607	-0.002829152117586829
2,3,9	-0.0012254163897814049	0.0010420389547828564	0.23960752445716835	-0.005363058048662584	0.0029122252690997738
2,3,10	0.00920388549465362	0.001042645594880973	1.0977544977703897e-18	0.005063835039699709	0.013343935949607533
2,3,11	-0.020280021533617274	0.0010430601636578984	5.908073869102744e-84	-0.024421718123808264	-0.016138324943426284
2,3,12	0.0004012559805024723	0.0010420921090314253	0.7002027959655773	-0.00373659673885031	0.0045391086998552545
2,3,13	-0.0005269841502198548	0.0010419283139730619	0.6130144509251425	-0.004664186485770868	0.003610218185331158
2,3,14	-0.00031903293439818764	0.0010419306349707038	0.7594579313114502	-0.004456244485973697	0.0038181786171773216
2,3,15	0.0027787409788633853	0.0010421078047209021	0.007667377198785693	-0.001359174063628418	0.006916656021355189
2,3,16	-0.00913497786635255	0.0010422005750127606	1.9115850669337704e-18	-0.01327326127340744	-0.0049966944592976575
2,4,5	-0.0028609679300475354	0.0010424738601903702	0.006063827097272003	-0.0070003364751679885	0.0012784006150729178
2,4,6	0.0013724892678106794	0.0010419175748474356	0.18775211204706668	-0.0027646704257130207	0.005509648961334379
2,4,7	-0.01750915852435057	0.0010429147123297963	4.050496003235076e-63	-0.021650277568499035	-0.013368039480202107
2,4,8	-0.002544636649225707	0.0010423695404552426	0.014641111604246698	-0.006683590970213822	0.001594317671762408
2,4,9	-0.0014747058305967465	0.0010420173406609982	0.15700273178646718	-0.005612261665919593	0.0026628500047261
2,4,10	0.004115169103177899	0.001042675539620218	7.930826093256383e-05	-2.5000253857355992e-05	0.008255338460213153
2,4,11	0.014473390286490763	0.0010428068177847551	9.811929268244637e-44	0.010332699661032674	0.01861408091194885
2,4,12	-0.0007619638692620073	0.0010420918463428042	0.46466773580815945	-0.004899815545552649	0.003375887807028635
2,4,13	-0.0004959422591414402	0.0010419128533610033	0.6340816720094011	-0.004633083204979303	0.003641198686696423
2,4,14	-0.0008245008319850298	0.001041898608846885	0.4287459046688423	-0.004961585216890352	0.003312583552920292
2,4,15	0.00038394543954136827	0.0010420413905283556	0.7125351720505343	-0.0037537058909955603	0.004521596770078297
2,4,16	-0.006315626079514977	0.001042230645111237	1.3712758154236324e-09	-0.010454028886417227	-0.0021772232726127265
2,5,6	-0.00014410979697847986	0.0010418210577135655	0.8899840858638974	-0.004280886248290299	0.00399266665433334
2,5,7	-0.008341341903868506	0.0010425286723945806	1.2542492829855269e-15	-0.012480928092733	-0.004201755715004012
2,5,8	0.007931801338405117	0.0010421164762802629	2.752272675171135e-14	0.003793851863606255	0.012069750813203979
2,5,9	0.0012437492280270995	0.0010419067552356292	0.23259038559965423	-0.002893367503881454	0.005380865959935653
2,5,10	-0.004664356965785578	0.0010423751962657152	7.663814761886193e-06	-0.00880333374439576	-0.0005253801871753956
2,5,11	-0.011151184877052661	0.0010427857749982085	1.1488489126134558e-26	-0.015291791947563176	-0.007010577806542145
2,5,12	0.0008168106606884209	0.0010419492888318	0.4330867421693835	-0.0033204749600880684	0.00495409628146491
2,5,13	-0.0014920921728726927	0.0010418023650566326	0.15208527344636816	-0.005628794400936249	0.002644610055190863
2,5,14	-0.0007597310939169901	0.0010418049062532397	0.46585446997864	-0.0048964434123527885	0.0033769812245188083
2,5,15	0.002641635480972072	0.0010419587670128985	0.011238808946368237	-0.0014956877749780191	0.006778958736922163
2,5,16	-0.002243843597100109	0.001042041638682701	0.031297727189273275	-0.006381495912987683	0.0018938087187874652
2,6,7	-0.0010054917073310495	0.0010418947609419603	0.3345180960700531	-0.005142560813295366	0.003131577398633267
2,6,8	-0.0008787185442255205	0.001041691160659865	0.3989241284035563	-0.005014979211114607	0.0032575421226635664
2,6,9	-0.0004985392326550837	0.001041634790289079	0.6322161168189937	-0.004634576068761818	0.0036374976034516506
2,6,10	0.0012409346892173043	0.0010418450351506639	0.2336214189330939	-0.002895936969708545	0.005377806348143154
2,6,11	6.574850108004293e-05	0.0010420046328864154	0.9496885957381752	-0.004071756875267864	0.00420325387742795
2,6,12	-0.00023121208098945316	0.0010416506400731543	0.8243402805736475	-0.00436731185210123	0.0039048876901223244
2,6,13	-0.0011459673859937666	0.0010416006925047807	0.2712498941480176	-0.005281868829453095	0.0029899340574655615
2,6,14	0.0002658067149832028	0.0010416004559574907	0.7985766703847903	-0.00387009378921381	0.004401707219180215
2,6,15	-3.706424289200735e-05	0.001041663726683514	0.9716159541521703	-0.004173215977228336	0.0040990874914443205
2,6,16	0.000747050809239069	0.001041685399966671	0.47328057227661047	-0.0033891869835683593	0.004883288602046497
2,7,8	0.001014617492195598	0.0010423343588379667	0.3303538697822104	-0.0031241971325512204	0.005153432116942417
2,7,9	0.0029322169099357674	0.001041982495425201	0.004893293446255827	-0.0012052005648213958	0.00706963438469293
2,7,10	-0.00895263085130268	0.0010426195267509964	9.152485498019956e-18	-0.013092577797093077	-0.004812683905512285
2,7,11	-0.022148556402823934	0.001042845419864273	9.40627446718297e-100	-0.02628940030621045	-0.018007712499437417
2,7,12	0.0015926394342804817	0.0010420564518469869	0.12642770478766957	-0.0025450717004884484	0.005730350569049412
2,7,13	0.00017684392073740157	0.001041875049831695	0.8652181406907913	-0.003960146917988822	0.004313834759463625
2,7,14	0.0009292091162113195	0.0010418731030638808	0.37246922965793094	-0.0032077739924510976	0.0050661922248737366
2,7,15	-0.0013325733371690961	0.001042032846979562	0.2009648477598464	-0.005470190743692684	0.002805044069354492
2,7,16	0.0073118300098681584	0.001042162805834324	2.305738330360206e-12	0.0031736965735273204	0.011449963446208997
2,8,9	0.0011207872025668858	0.0010417715939490392	0.2819996451018119	-0.0030157928421405836	0.005257367247274355
2,8,10	0.010330030786187773	0.0010421684975784077	3.836361335098017e-23	0.006191874749542672	0.014468186822832876
2,8,11	-0.020963678806170793	0.0010423626581635343	1.114710202255646e-89	-0.025102605799527104	-0.01682475181281448
2,8,12	0.001252274459193005	0.001041865864197151	0.22938600123750488	-0.0028846799059791556	0.005389228824365166
2,8,13	0.0004541870478770261	0.0010416801779305836	0.6628281275682004	-0.0036820300097036044	0.004590404105457657
2,8,14	0.00016154323853455072	0.0010416689126113241	0.8767578187938019	-0.003974629087652829	0.00429771556472193
2,8,15	-0.002790149914572602	0.0010418186499660002	0.007404851236208105	-0.0069269168054005405	0.0013466169762553363
2,8,16	7.372247261328946e-05	0.0010420137933942206	0.943596952818213	-0.004063819277517514	0.004211264222744093
2,9,10	-0.0022765955427979266	0.0010419285966922608	0.028893807049058466	-0.006413799000946832	0.0018606079153509793
2,9,11	-0.005611715638902556	0.0010421093416395158	7.271936930244933e-08	-0.009749636784063029	-0.0014737944937420824
2,9,12	0.0015303727259187486	0.0010417482355670805	0.14182616752485755	-0.002606114569267378	0.005666860021104876
2,9,13	0.00042873110177151083	0.0010416193719789372	0.6806336287213135	-0.0037072445125910084	0.0045647067161340305
2,9,14	0.0004577497694866215	0.0010416124917186926	0.6603278549996744	-0.0036781985253104615	0.0045936980642837045
2,9,15	0.0018878193850522538	0.0010417034407528122	0.06995346216794117	-0.002248490042609087	0.0060241288127135945
2,9,16	-0.001467498883651444	0.0010417529225916558	0.15893406047899286	-0.005604004789685131	0.002669007022382243
2,10,11	-0.020433411150640644	0.0010426347824136904	2.8938375287442416e-85	-0.02457341867234829	-0.016293403628932997
2,10,12	0.0014469228554666665	0.0010419893077986402	0.16495449689395952	-0.0026905216692966493	0.005584367380229983
2,10,13	0.0008579788955585224	0.0010418295224248707	0.4102092132696016	-0.0032788311667252914	0.004994788957842337
2,10,14	-0.0007790798883289991	0.0010418171550610406	0.4545783641543051	-0.004915840843312593	0.0033576810666545946
2,10,15	0.00014855531612147652	0.001041992246077419	0.8866313977453248	-0.003988900875714959	0.004286011507957913
2,10,16	-0.0030287692951735485	0.0010420868698716	0.0036568693697281475	-0.007166601211306018	0.0011090626209589206
2,11,12	-0.0022144203521525505	0.0010421807294212202	0.03360759920678205	-0.0063526249579822815	0.00192378425367718
2,11,13	0.0003417307869343066	0.001042004423552521	0.7429466105454384	-0.003795773758207974	0.004479235332076587
2,11,14	-0.0020676754685879377	0.001041996690959051	0.04722229773166603	-0.006205149309790863	0.002069798372614988
2,11,15	0.00353775253827584	0.0010421630849084794	0.0006876499169719997	-0.0006003820061894548	0.007675887082741134
2,11,16	-0.006745929588472754	0.0010422462251969606	9.710385521113103e-11	-0.010884394259484252	-0.0026074649174612566
2,12,13	-0.0006803189959889802	0.0010416498327679125	0.5136833662266538	-0.004816415561520213	0.0034557775695422534
2,12,14	0.00016132456711732816	0.0010416347624139536	0.876919310989106	-0.003974712158305176	0.004297361292539832
2,12,15	-9.149101207567246e-05	0.0010417353418361538	0.9300155838032904	-0.004227927109906868	0.004044945085755522
2,12,16	-0.00027402892618524346	0.0010417840463094181	0.7925220492443984	-0.004410658415690164	0.003862600563319677
2,13,14	-0.000863584883762039	0.0010416076026096594	0.4070574652436103	-0.004999513765291396	0.003272343997767318
2,13,15	0.001630764246973772	0.0010416629295739485	0.11746152268879399	-0.002505384322266156	0.0057669128162137
2,13,16	-0.0011820226902538459	0.0010416721880489787	0.2564903535821699	-0.005318208022276783	0.0029541626417690916
2,14,15	-3.915853048617763e-05	0.0010416497017367544	0.9700124662657169	-0.0041752545757297805	0.004096937514757425
2,14,16	0.0007354793569326699	0.0010416733698927155	0.4801561422861236	-0.0034007106678571337	0.004871669381722473
2,15,16	0.0020381619780946185	0.0010417889239667311	0.05042176141621228	-0.00209848687920649	0.006174810835395727
3,4,5	-0.08406237247060393	0.0010429411829243893	0.0	-0.08820359662198896	-0.0799211483192189
3,4,6	0.00759731540117984	0.001042108663274968	3.1280422309739836e-13	0.0034593969496129213	0.011735233852746758
3,4,7	0.027403662394077242	0.0010434111965555322	3.267377621267149e-151	0.02326057195163704	0.03154675283651744
3,4,8	0.019611131759902763	0.001042654518826479	1.0499831563133747e-78	0.015471045870487867	0.02375121764931766
3,4,9	0.0018833705011171847	0.0010422139605477819	0.07075359243867271	-0.0022549660561074552	0.006021707058341825
3,4,10	0.02637456424568916	0.0010430239383473919	2.2485850666101362e-140	0.022233011495949785	0.030516116995428534
3,4,11	0.0639377709672847	0.0010435331476872482	0.0	0.05979419629142826	0.06808134564314115
3,4,12	0.0033695060432451097	0.0010422935147230195	0.0012265466238511053	-0.000769146401085372	0.007508158487575592
3,4,13	-0.00130283780086552	0.0010421054160869975	0.21123196770816566	-0.0054407433587683775	0.0028350677570373375
3,4,14	0.0007994661478120218	0.0010420832970688308	0.44297698064272406	-0.0033383515817322126	0.004937283877356256
3,4,15	0.0018907146514327124	0.001042244511847233	0.06967019453734064	-0.002247743216352114	0.006029172519217539
3,4,16	0.003932837377576818	0.0010423698912816355	0.00016145856853367498	-0.00020611833644357432	0.00807179309159721
3,5,6	0.0023715580740158964	0.0010422311314557439	0.022881522530513388	-0.001766846664022693	0.0065099628120544855
3,5,7	-0.03134270538487239	0.0010429598076742484	5.1202137514657154e-197	-0.03548400348986591	-0.027201407279878867
3,5,8	-0.0020372027122451206	0.001042605222743633	0.05071105829509152	-0.006177092860872144	0.0021026874363819026
3,5,9	0.002135134276326621	0.001042321409284229	0.04052089881578875	-0.002003628929408688	0.006273897482061931
3,5,10	-0.0403617734192463	0.0010426702520535535	0.0	-0.04450192178085139	-0.03622162505764121
3,5,11	-0.007144525433463315	0.001043228677773276	7.532172136995356e-12	-0.011286891145495382	-0.003002159721431249
3,5,12	0.0021664922914423927	0.0010423739713848511	0.03767459878386853	-0.0019724796235126765	0.006305464206397462
3,5,13	0.00015072620968218948	0.0010422305196340213	0.8850122520031133	-0.0039876760989855636	0.0042891285183499425
3,5,14	-0.00036300315425356335	0.001042227374789578	0.7276193983933857	-0.0045013929756344264	0.0037753866671272995
3,5,15	0.0005709555195969954	0.0010423568783140126	0.583862520313869	-0.0035679485236133034	0.004709859562807294
3,5,16	-0.010800195351326081	0.0010424508506735523	3.9327038143424524e-25	-0.014939472532169894	-0.00666091817048227
3,6,7	-0.0006205926811034151	0.0010422286455111522	0.5515463628314887	-0.004758987548159873	0.003517802185953042
3,6,8	-0.0008355319217040508	0.0010418775677243303	0.42258589552676773	-0.004972532758269041	0.00330146891486094
3,6,9	-0.001753587468735228	0.001041746846586488	0.09231918747476506	-0.005890069248672682	0.0023828943112022263
3,6,10	-0.002901397971728453	0.001041921139669546	0.005359953318319211	-0.0070385718201514515	0.0012357758766945457
3,6,11	0.004893383985693663	0.0010424243097464472	2.6816799898771003e-06	0.0007542121913569032	0.009032555780030423
3,6,12	-0.0010443387262098764	0.0010417472021298725	0.316111959907019	-0.005180821917909446	0.0030921444654896926
3,6,13	0.00021253587620696703	0.00104170450003969	0.8383330331083388	-0.003923777757582651	0.004348849509996585
3,6,14	-0.0007612411796488062	0.0010416864797721372	0.46491769933791394	-0.004897483260058017	0.003375000900760404
3,6,15	-0.0017527132614179458	0.0010417483952936558	0.0924821537779233	-0.0058892011908330795	0.002383774667997188
3,6,16	-0.0009299905034070468	0.0010417623870371642	0.37201651137338965	-0.005066533990074196	0.0032065529832601028
3,7,8	-0.01655389986179348	0.0010426985120976016	1.1961577951207371e-56	-0.02069416043603227	-0.01241363928755469
3,7,9	-0.007898922058991252	0.0010423215942650264	3.551432036879989e-14	-0.012037685999232935	-0.0037601581187495696
3,7,10	-0.008849928550853068	0.0010431303194972812	2.221932981056883e-17	-0.012991903710019155	-0.0047079533916869806
3,7,11	-0.014481704431107694	0.0010434738897192736	9.936204470559485e-44	-0.018625043810350912	-0.010338365051864477
3,7,12	-0.005381999698470423	0.0010423810789030776	2.435258311672119e-07	-0.00952099983536803	-0.001242999561572815
3,7,13	0.0015105670966354037	0.0010422331380258636	0.14724309042523553	-0.0026278456089250148	0.005648979802195822
3,7,14	-0.0007362754305248491	0.0010422115738143486	0.4799079221341145	-0.004874602510706777	0.0034020516496570787
3,7,15	-0.0036081254252846927	0.0010423538081192605	0.0005374953192296063	-0.00774701727762089	0.0005307664270515042
3,7,16	-0.012159806897974688	0.00104245265525182	2.0818030002516624e-31	-0.016299091244287873	-0.008020522551661503
3,8,9	-8.640297619750582e-05	0.0010419748297852756	0.9339135646900663	-0.004223790012868884	0.004050984060473872
3,8,10	-0.021996637216225204	0.001042336241273058	1.629560816283339e-98	-0.026135459315588798	-0.01785781511686161
3,8,11	-0.043218979454871305	0.0010427659990191213	0.0	-0.047359508000568	-0.03907845090917461
3,8,12	-0.0008096367623999317	0.0010420397390449572	0.43717759932283795	-0.004947281535363866	0.0033280080105640027
3,8,13	0.002021182630243238	0.001041875708597559	0.052390697753953185	-0.0021158108242557154	0.006158176084742192
3,8,14	-0.0007192908285691135	0.00104185900901221	0.4899504227153786	-0.004856217973742769	0.003417636316604542
3,8,15	0.00015888794801600015	0.0010419778228281601	0.8788034242929119	-0.003978510973181258	0.004296286869213258
3,8,16	-0.0030797902885754515	0.0010421091117616826	0.0031243652841530826	-0.007217710520956134	0.0010581299438052307
3,9,10	0.011253663938568184	0.0010420198817193544	3.641349420045498e-27	0.00711609801342205	0.015391229863714318
3,9,11	-0.014952726632786897	0.0010425299977085208	1.4006382404725014e-46	-0.019092318084097816	-0.01081313518147598
3,9,12	0.0016398741577282033	0.0010418494274339245	0.11549175855902422	-0.0024970149417108947	0.005776763257167301
3,9,13	0.0004603760421033466	0.0010417415375150976	0.6585419270203987	-0.003676084657014763	0.004596836741221456
3,9,14	1.7020475754580232e-05	0.0010417206748849616	0.9869641477128965	-0.004119357383766058	0.004153398335275218
3,9,15	-0.0015008684954227183	0.0010417962149582105	0.14968724912356934	-0.005637546303186706	0.0026358093123412694
3,9,16	-0.00138620287620623	0.0010418259272137464	0.18334148999323044	-0.005522998662924576	0.0027505929105121154
3,10,11	0.044477744829041585	0.0010431041153818525	0.0	0.040335873718998744	0.048619615939084426
3,10,12	0.007400036311464167	0.001042074353591763	1.2492828361262203e-12	0.00326225409393522	0.011537818528993115
3,10,13	-0.00024269755152597512	0.0010419196286015667	0.815814123265787	-0.004379865399925854	0.0038944702968739036
3,10,14	0.0021279811145596948	0.0010419024523712081	0.04111605772815961	-0.0020091185318925043	0.006265080761011893
3,10,15	0.0029235493788894594	0.0010420518444131507	0.005024303195856771	-0.0012141434610642011	0.0070612422188431195
3,10,16	0.00013023868177067049	0.001042123980052469	0.9005443194573686	-0.004007740588383092	0.004268217951924434
3,11,12	-0.009657793493806532	0.0010425662643070192	2.038585369342402e-20	-0.013797528949511991	-0.005518058038101072
3,11,13	0.002296540580570437	0.001042427919169332	0.02759348747466621	-0.0018426455457626698	0.006435726706903544
3,11,14	-0.0015219267618937025	0.0010424097796198069	0.1442928123189709	-0.0056610408612114615	0.0026171873374240566
3,11,15	0.00409050612678045	0.001042541178802159	8.733076648336233e-05	-4.912972148762244e-05	0.008230141975048521
3,11,16	-0.020031310305885546	0.0010426270826507746	5.0083554715491303e-82	-0.024171287254014674	-0.01589133335775642
3,12,13	-0.000395688211616607	0.0010417545340176164	0.7040738959252637	-0.004532200516166543	0.003740824092933329
3,12,14	0.0001896122079056901	0.0010417306728244576	0.8555703335612309	-0.003946805350601988	0.004326029766413369
3,12,15	-0.0016399970818568354	0.0010418239198024027	0.1154555762695678	-0.005776784897713089	0.002496790733999418
3,12,16	-0.00024815279138350405	0.001041856971608314	0.8117398063880682	-0.004385071846603136	0.003888766263836127
3,13,14	-0.0009609719218712399	0.0010417054956272085	0.3562720547329188	-0.005097289508857015	0.003175345665114536
3,13,15	-0.00262118975186083	0.0010417462333958255	0.011866927387514487	-0.006757669096991774	0.001515289593270114
3,13,16	-0.0002956774309832008	0.001041750870612332	0.7765435934986615	-0.004432175189187966	0.003840820327221564
3,14,15	0.0018823052099471867	0.0010417300143463273	0.07078214459282924	-0.00225410973393027	0.006018720153824644
3,14,16	0.00016247707912568198	0.0010417522888448974	0.8760609693289081	-0.0039740263104790586	0.0042989804687304225
3,15,16	-0.0027195283677446534	0.0010418354226588045	0.009047776997021513	-0.006856361858186897	0.0014173051226975893
4,5,6	-0.004840544099150043	0.0010419724982238642	3.398407320773702e-06	-0.008977921877851187	-0.000703166320448899
4,5,7	-0.014348833631378712	0.001042891196843758	5.2099681060644424e-43	-0.018489859302190013	-0.01020780796056741
4,5,8	-0.05115665585138213	0.0010422795674453168	0.0	-0.055295252915021714	-0.04701805878774254
4,5,9	-0.006023058369761521	0.0010420722362715542	7.510194889871453e-09	-0.010160832180011393	-0.0018852845595116498
4,5,10	-0.026303727765533986	0.0010426287831218205	9.69664237819243e-140	-0.030443711465752185	-0.022163744065315787
4,5,11	-0.053657932230549016	0.0010430980858257277	0.0	-0.057799779398931626	-0.049516085062166405
4,5,12	-0.013823443984062085	0.001042089909591887	4.174375140932801e-40	-0.017961287970063182	-0.009685599998060986
4,5,13	-5.85127075783563e-05	0.0010419529950779134	0.9552171024489289	-0.004195813044808819	0.004078787629652106
4,5,14	-3.457467587885863e-05	0.0010419519097335129	0.9735290766858591	-0.004171870703513998	0.0041027213517562805
4,5,15	-0.006925056157063876	0.0010420934566699842	3.049854488485404e-11	-0.011062914227507822	-0.002787198086619931
4,5,16	0.002435778179398037	0.0010421458723427293	0.019428162691817494	-0.0017022880188420262	0.0065738443776381
4,6,7	0.0005779984723625585	0.0010422247978277132	0.5791829884142747	-0.0035603811166323492	0.004716378061357466
4,6,8	0.0010161795907646894	0.0010418268222388309	0.3293743260516163	-0.0031206197498448588	0.005152978931374238
4,6,9	-0.0010291043665882971	0.0010417226678581448	0.3232117381042776	-0.005165490139641179	0.003107281406464584
4,6,10	0.0004245354099842672	0.0010420756804842021	0.6837199928196307	-0.003713252076258876	0.004562322896227411
4,6,11	-0.002021188061367883	0.0010422532322786645	0.05247553013250772	-0.006159680555516926	0.0021173044327811594
4,6,12	-0.00034893108232188956	0.0010417261311592432	0.7376603575562397	-0.004485330607162875	0.003787468442519095
4,6,13	0.0009150067121196852	0.0010416825919996723	0.3797338163547932	-0.003221219931045805	0.005051233355285175
4,6,14	-0.000377863883538367	0.0010416591197958361	0.716791398092866	-0.0045139973252280655	0.003758269558151332
4,6,15	0.0006802084013943598	0.001041726511934819	0.5137827984418775	-0.0034561926353986285	0.004816609438187348
4,6,16	-0.0008580085728684787	0.001041746999801944	0.4101559407381654	-0.0049944909611811285	0.003278473815444171
4,7,8	-0.001504302960070529	0.0010426598851873373	0.14909440670761862	-0.005644410157785025	0.0026358042376439673
4,7,9	-0.00404600165624556	0.001042326288884217	0.00010383266540569287	-0.00818478423749087	9.278092499974931e-05
4,7,10	-0.014565098915788999	0.0010429211286675404	2.9390057944329695e-44	-0.018706243437397997	-0.01042395439418
4,7,11	0.024298773753244005	0.0010433549409274933	1.8291085820732863e-119	0.020155906685975195	0.028441640820512815
4,7,12	0.0005482823748485018	0.0010424055119817742	0.5989053342722952	-0.003590814778886918	0.004687379528583922
4,7,13	-0.0001635723450547021	0.001042216777212326	0.8752874613773141	-0.00430192008645677	0.003974775396347366
4,7,14	-0.0010655818738847518	0.0010421952259175716	0.30657671052842156	-0.005203844041197128	0.003072680293427624
4,7,15	0.0015258283091794244	0.0010423374169901258	0.1432392124651728	-0.0026129984586237692	0.0056646550769826175
4,7,16	-0.00812582466075009	0.001042465678407718	6.548448609925707e-15	-0.012265160718328123	-0.003986488603172056
4,8,9	0.00044288185677650435	0.0010419188979801386	0.6707917191149797	-0.0036942830905325424	0.004580046804085551
4,8,10	-0.007967713220435704	0.001042473248350218	2.1505707997197797e-14	-0.012107079336112141	-0.0038283471047592665
4,8,11	0.008547880589741425	0.0010426861672054209	2.490782882926261e-16	0.004407669033574298	0.01268809214590855
4,8,12	-6.255931744999447e-06	0.001041997958268784	0.9952097203613364	-0.0041437348050760645	0.004131222941586065
4,8,13	-0.0011678634665492783	0.001041826167747295	0.26230179562905986	-0.005304660208358243	0.0029689332752596866
4,8,14	-0.0002460431541044161	0.0010418024171041517	0.8133010192440178	-0.004382745588833934	0.0038906592806251016
4,8,15	-0.0006005898996282806	0.0010419321282100537	0.5643337844446146	-0.0047378073804344705	0.003536627581177909
4,8,16	-0.0012274100766565565	0.00104211091563996	0.23887625712790495	-0.00536533747172715	0.0029105173184140374
4,9,10	-0.000448554035236822	0.0010421811036497818	0.6669066610159426	-0.004586760127022216	0.0036896520565485717
4,9,11	0.0011448402900184748	0.0010423741639052806	0.2720773874855593	-0.0029941323893807126	0.005283812969417662
4,9,12	-0.0012993267001785006	0.0010418216408615258	0.2123404984541704	-0.005436105467005764	0.002837452066648763
4,9,13	0.0007813104046376783	0.0010417157337804192	0.45324385238901566	-0.003355047835155787	0.004917668644431144
4,9,14	-0.0005428276807891478	0.001041699700642762	0.6023002979896815	-0.004679122257532409	0.0035934668959541134
4,9,15	-0.00010908338922870027	0.001041778731608175	0.9166072203919856	-0.004245691775559725	0.004027524997102325
4,9,16	7.06379373109009e-05	0.001041802476451517	0.9459422087671934	-0.004066064733070202	0.004207340607692004
4,10,11	0.012359248975657572	0.001042948674609	2.3207957069537106e-32	0.008217995076914068	0.016500502874401076
4,10,12	-0.0027638429368872395	0.0010422353114450979	0.008007408780138552	-0.006902264272480081	0.001374578398705602
4,10,13	0.0002970119307730435	0.0010420658112775193	0.7756280387676958	-0.0038407363676446126	0.0044347602291907
4,10,14	0.0012837911845941085	0.0010420402141993839	0.21795451760564505	-0.0028538554750735246	0.0054214378442617416
4,10,15	-0.0005952879662439309	0.0010422059097491437	0.5678791500171446	-0.004733592556026586	0.0035430166235387237
4,10,16	-0.0010555782482354979	0.0010422719807913754	0.31117553937523806	-0.005194145187420283	0.0030829886909492874
4,11,12	0.003952287265848754	0.001042428377554241	0.0001499256569211979	-0.00018690068060104453	0.008091475212298553
4,11,13	-0.0019163243344494213	0.0010422554139217057	0.06597399964301773	-0.006054825491285295	0.002222176822386453
4,11,14	0.0010881692622792785	0.0010422370396645372	0.29645663033236974	-0.0030502589355836485	0.005226597460142205
4,11,15	0.0022556396495365064	0.0010423802795774604	0.030473334707227812	-0.0018833573134653878	0.006394636612538401
4,11,16	0.00396410266966745	0.0010424664420564226	0.00014330907536879185	-0.00017523642014337978	0.008103441759478278
4,12,13	0.0018721846913183973	0.0010417351580730657	0.07231196227498331	-0.0022642506768416034	0.006008620059478398
4,12,14	-0.0003978553943856534	0.0010417085915452185	0.702517682838488	-0.004534185274385305	0.003738474485613998
4,12,15	0.00021689397395033738	0.0010418066327836913	0.8350810996835334	-0.0039198252000490555	0.00435361314794973
4,12,16	0.0002619361176729926	0.0010418114958636907	0.801487351935926	-0.0038748023662402023	0.004398674601586188
4,13,14	-0.0006100444593419552	0.0010416750805511768	0.558120932730555	-0.004746241276672173	0.003526152357988262
4,13,15	-0.00050569695209292	0.0010417307042569195	0.6273664936627602	-0.004642114635410005	0.003630720731224165
4,13,16	-0.0009953884274151216	0.0010417284892611895	0.3393203847257078	-0.00513179731561129	0.0031410204607810474
4,14,15	-3.245640525877374e-05	0.0010417074896479867	0.9751444881679577	-0.004168781909936496	0.004103869099418948
4,14,16	0.00023763537972204063	0.0010417261117208246	0.8195560646249475	-0.0038987640679344873	0.004374034827378569
4,15,16	-0.001947945302373716	0.0010418209312253247	0.061523084515385275	-0.006084721251436543	0.0021888306466891112
5,6,7	0.0002569147090756902	0.001042064143668765	0.8052619149109885	-0.003880826967739749	0.004394656385891129
5,6,8	-0.00029573120398580116	0.0010417452174007582	0.7765028541585308	-0.004432206514887989	0.0038407441069163873
5,6,9	-0.000610844547387816	0.0010416617910200211	0.557599763767213	-0.004746988595752454	0.0035252995009768225
5,6,10	0.0027611283655287204	0.0010418608899762682	0.008046678069195828	-0.0013758062484206563	0.0068980629794780975
5,6,11	0.002081019856388925	0.001042175230825119	0.04585074428096543	-0.002057162916072495	0.006219202628850345
5,6,12	-0.0006137262389843664	0.0010416879149635343	0.5557525861780899	-0.004749974018132272	0.0035225215401635396
5,6,13	-0.0012242928019425515	0.0010416413667153777	0.23985929554624782	-0.005360355751176147	0.002911770147291044
5,6,14	0.0005043004243759051	0.0010416377690689955	0.6282868896919498	-0.0036317482396225013	0.0046403490883743116
5,6,15	0.00021018401253132426	0.0010416850874788405	0.840094774690863	-0.003926052539475403	0.004346420564538052
5,6,16	0.0006509438049790465	0.001041705045848141	0.5320500891631104	-0.0034853719960613967	0.004787259606019489
5,7,8	-0.009089933627187668	0.0010423779830044252	2.8385213062187506e-18	-0.013228921471148264	-0.004950945783227073
5,7,9	-0.0013567887353611134	0.001042147943375647	0.19294996526616945	-0.005494863157086525	0.0027812856863642984
5,7,10	0.0001966307984881603	0.0010427723030512995	0.8504340424780126	-0.0039439227787354675	0.004337184375711789
5,7,11	-0.03433155090980057	0.0010432078333788431	1.5942304554942658e-235	-0.03847383385464398	-0.03018926796495716
5,7,12	0.0005521228692152505	0.0010421821938333966	0.596269272629881	-0.0035860875513806165	0.0046903332898111175
5,7,13	-0.0010621263988989042	0.00104205224708937	0.3080815290783979	-0.005199820837765823	0.003075568039968014
5,7,14	0.0007922488109895194	0.0010420476806119916	0.44708961385562285	-0.003345427495688628	0.004929925117667666
5,7,15	0.00022936314648580548	0.001042180552014546	0.825809524313033	-0.003908840754912251	0.004367567047883861
5,7,16	-0.004278038922208284	0.0010422502616492964	4.054922805423377e-05	-0.008416519620829174	-0.00013955822358739396
5,8,9	0.0033436245129000483	0.0010417993027145357	0.0013304595468824837	-0.0007930655554700757	0.007480314581270173
5,8,10	0.004474546121471837	0.001042107766949015	1.759451402544682e-05	0.00033663122896150383	0.008612461013982171
5,8,11	-0.0389579061468615	0.0010425336283081549	2.58752708528052e-302	-0.04309751201425564	-0.03481830027946736
5,8,12	0.004762861303852643	0.0010418642611968341	4.852091144864821e-06	0.0006259133037408863	0.0088998093039644
5,8,13	-0.0019297936477581938	0.0010417410109409275	0.06396306943325768	-0.006066252255999362	0.0022066649604829745
5,8,14	0.0002623992287886009	0.0010417270193533402	0.801127940537131	-0.003874003822819671	0.004398802280396873
5,8,15	0.0018156246517189	0.0010418153320598533	0.08138199696799392	-0.0023211290646431215	0.005952378368080922
5,8,16	0.003768222004050913	0.001041957688857113	0.000298865735656228	-0.0003690969708478103	0.007905540978949636
5,9,10	-0.0018945801134408495	0.001041928789981706	0.06901701835346644	-0.006031784339087417	0.002242624112205718
5,9,11	-0.011667760705786909	0.0010422587233366093	4.6111801077602437e-29	-0.015806275003372377	-0.007529246408201441
5,9,12	0.0039021233610645233	0.0010417666346703475	0.00018006634569962856	-0.00023443699175137306	0.00803868371388042
5,9,13	-0.0006336311464541114	0.0010416633712643049	0.5429987824861028	-0.0047697814695213895	0.0035025191766131663
5,9,14	0.0007878122119930342	0.0010416584462482816	0.44946875782374374	-0.0033483185552300263	0.004923942979216094
5,9,15	4.244748418864245e-05	0.0010417160301004463	0.9674971996833897	-0.004093911932207754	0.004178806900585039
5,9,16	-0.0008151941219664022	0.001041733730591773	0.4339025855237154	-0.00495162382200235	0.003321235578069546
5,10,11	-0.06727379596244279	0.0010426275826010093	0.0	-0.07141377489573275	-0.06313381702915283
5,10,12	-0.002192838591680215	0.0010419773769794196	0.03533903042975343	-0.006330235742538356	0.001944558559177926
5,10,13	2.1533069550226267e-05	0.0010418468720554326	0.9835104245759001	-0.00411534588320438	0.004158412022304833
5,10,14	-0.00052897990916277	0.0010418441927955754	0.6116415465943611	-0.004665848223335057	0.0036078884050095173
5,10,15	-0.0022603581784603525	0.001041976828174015	0.030063790395744003	-0.006397753150167615	0.00187703679324691
5,10,16	-0.004034807150460474	0.0010419881701121962	0.00010795722544652073	-0.008172247157793031	0.00010263285687208377
5,11,12	-0.0026390894527772986	0.0010423225923239373	0.011346016816994637	-0.006777857356028337	0.0014996784504737403
5,11,13	0.0008535401330614406	0.0010421823868690338	0.4127934690559446	-0.0032846710540242875	0.004991751320147168
5,11,14	-0.0016124070392301388	0.001042181371176666	0.12183298613763424	-0.0057506141932890465	0.002525800114828769
5,11,15	0.0029921589274667813	0.0010422947329452308	0.004096460999463858	-0.0011464983540791888	0.0071308162090127514
5,11,16	-0.013146838673564153	0.0010424024236410981	2.005110899655455e-36	-0.017285923564373144	-0.009007753782755163
5,12,13	-0.0009830605343594248	0.001041689892884413	0.34531785902920753	-0.005119316167271135	0.0031531950985522854
5,12,14	0.0008941943629342064	0.0010416862186843107	0.39066910328140125	-0.003242046680769167	0.005030435406637579
5,12,15	0.0008146776934040115	0.001041763823100882	0.4342071351844422	-0.0033218714954655715	0.004951226882273594
5,12,16	0.0007696762438505504	0.0010417929571415595	0.46003142695565535	-0.003366988628045896	0.004906341115746997
5,13,14	9.027429331753822e-05	0.001041637393564843	0.9309374706626046	-0.004045772879660195	0.004226321466295271
5,13,15	-0.00010055246773351626	0.0010416791538698615	0.9231005808892246	-0.004236765459058959	0.004035660523591927
5,13,16	-0.001117848879572791	0.0010416808439190665	0.28322123649563574	-0.005254068581605127	0.003018370822459545
5,14,15	0.0008365433344445731	0.0010416739736131958	0.4219338499984908	-0.003299649087548327	0.004972735756437473
5,14,16	0.00025517907670003556	0.0010416972968831666	0.8064845520054866	-0.0038811059553944443	0.004391464108794515
5,15,16	-0.0005242445739594985	0.0010417639200922253	0.6148058712350735	-0.004660794147954245	0.003612305000035248
6,7,8	-0.000991667575876765	0.0010418285408071843	0.3411752044427214	-0.00512847374043467	0.0031451385886811394
6,7,9	-0.0001600009949801124	0.0010417029511961041	0.8779290933852131	-0.004296308478750372	0.003976306488790147
6,7,10	-5.697439947724859e-05	0.0010420727946391125	0.9563982710930254	-0.004194750426846605	0.0040808016278921075
6,7,11	-0.0005775724977456688	0.001042275696834591	0.5794811630348942	-0.004716154192285947	0.0035610091967946097
6,7,12	0.0005466272373657655	0.0010417056939106767	0.5997640591143126	-0.0035896911369475222	0.004682945611679054
6,7,13	-0.0015161616293874378	0.0010416708452322327	0.14553328189877787	-0.005652341629465266	0.0026200183706903903
6,7,14	-0.00024289691783045513	0.0010416598097793908	0.8156203910914104	-0.004379033099249496	0.0038932392635885856
6,7,15	0.0012902238590401902	0.0010417144333996794	0.2155137940970115	-0.002846129217309532	0.005426576935389912
6,7,16	0.0013952385630615263	0.0010417152068921633	0.18045617534151448	-0.002741117584607852	0.005531594710730905
6,8,9	-0.0012002508358059697	0.001041590278461857	0.24919178464874847	-0.005336110928049357	0.002935609256437418
6,8,10	-0.0029313414223507864	0.0010416876876883875	0.004893963802423404	-0.007067588299053433	0.0012049054543518596
6,8,11	0.0007223517833923939	0.0010418843918077079	0.4881158230828182	-0.0034146761496755993	0.004859379716460387
6,8,12	-0.0013734956426633927	0.0010416123887820282	0.18729945260346376	-0.005509443528728126	0.00276245224340134
6,8,13	-0.00048406570769501055	0.0010415787774600413	0.6421176211061508	-0.004619880132716445	0.0036517487173264238
6,8,14	-0.00021504957999296612	0.001041556256664165	0.8364248672891469	-0.004350774581310247	0.003920675421324315
6,8,15	6.943993635900305e-05	0.0010415955008298283	0.9468471018566611	-0.004066440892429	0.004205320765147005
6,8,16	0.0002397249776497478	0.001041630083762073	0.817980573386333	-0.003896293170170796	0.004375743125470292
6,9,10	-0.000951993607890304	0.001041634874910499	0.3607509403106517	-0.005088030780004738	0.00318404356422413
6,9,11	0.0007869224401309119	0.0010417656858509902	0.45002758382093244	-0.0033496341451919533	0.004923479025453777
6,9,12	-0.00017676114364305264	0.0010415785350237226	0.8652426412765147	-0.004312574606018506	0.003959052318732401
6,9,13	-0.00014478897158258812	0.0010415445830164087	0.8894397623775693	-0.004280467620149768	0.003990889676984591
6,9,14	-0.0001868197154863188	0.0010415236676610262	0.8576465437858027	-0.004322415315099	0.003948775884126362
6,9,15	0.0008431689597596164	0.0010415622736279471	0.41821723955936707	-0.003292579933217271	0.004978917852736504
6,9,16	-0.00012224456320871456	0.0010415546894753248	0.9065692918361793	-0.0042579633416628265	0.004013474215245397
6,10,11	-0.0008198125482378003	0.001042092781027567	0.4314614918977048	-0.004957667935897	0.0033180428394214
6,10,12	-0.0004297126192725591	0.0010416502967941586	0.6799519593186267	-0.0045658110273206366	0.0037063857887755184
6,10,13	-9.147927680458771e-05	0.0010416068430201624	0.9300159270191117	-0.004227405142219113	0.004044446588609937
6,10,14	-0.0002851528643922879	0.001041582376697845	0.7842631183861063	-0.004420981580967996	0.0038506758521834198
6,10,15	-0.0014193757765597749	0.0010416376555816024	0.17300126691850348	-0.005555423989931875	0.0027166724368123253
6,10,16	0.000988591116496856	0.0010416390350442488	0.34258729719168657	-0.003147462574330848	0.00512464480732456
6,11,12	0.001220824567316719	0.001041782271129966	0.24125707550279402	-0.0029157978734532003	0.0053574470080866386
6,11,13	0.00027861934241933716	0.001041734854131992	0.7891181441635475	-0.0038578148188767145	0.004415053503715389
6,11,14	-0.00011511764466530798	0.0010417124367264028	0.9120067908500421	-0.004251462792790763	0.004021227503460147
6,11,15	2.218558590728805e-05	0.0010417697918747091	0.9830095587430228	-0.004114387303273234	0.0041587584750878105
6,11,16	-0.00040929319177479074	0.001041799842908973	0.6944159136292254	-0.004545985405104081	0.0037273990215545
6,12,13	0.0002008447178058156	0.0010415548540965984	0.8470914532095921	-0.003934874714312765	0.004336564149924397
6,12,14	0.0003254753913475416	0.001041546332862888	0.7546673129853589	-0.0038102102053645757	0.004461160988059659
6,12,15	-0.00010947944819236083	0.0010415655798294116	0.9162884849087256	-0.004245241469159186	0.004026282572774464
6,12,16	-0.00027088135721055904	0.0010415771854109211	0.7948118271281496	-0.004406689460655691	0.003864926746234573
6,13,14	-4.7738512417061334e-05	0.001041541491089616	0.9634423217303232	-0.004183404883818358	0.004087927858984235
6,13,15	-0.0011569922041199123	0.0010415529688971477	0.26664414037885736	-0.005292704150645228	0.0029787197424054027
6,13,16	0.0005427049783459344	0.001041544986185011	0.602328441981772	-0.003592975271089616	0.004678385227781485
6,14,15	-0.000563688059721477	0.001041535035772434	0.5883654940778508	-0.004699328798885925	0.0035719526794429717
6,14,16	0.0009517448077668478	0.0010415357141203474	0.3608307478646593	-0.003183898624925106	0.005087388240458802
6,15,16	3.210801285913486e-05	0.001041562221914866	0.9754077780490312	-0.004103640674779749	0.004167856700498019
7,8,9	0.0013026564128038932	0.0010418919373140067	0.2112019987471993	-0.0028344014813332674	0.005439714306941054
7,8,10	-0.00975906456677996	0.0010424580031272498	8.10243877968983e-21	-0.01389837014799234	-0.005619758985567577
7,8,11	0.017021754324532793	0.0010426177338177115	8.556121088185637e-60	0.012881814497972842	0.021161694151092744
7,8,12	-0.0045894059425089125	0.0010419794189590818	1.0619866104150838e-05	-0.00872681120149015	-0.0004520006835276747
7,8,13	0.0018312478520255526	0.0010418219869897587	0.07879731050264008	-0.0023055322891789255	0.005968027993230031
7,8,14	-0.00038699795247165453	0.0010418052653552758	0.7102897790026133	-0.004523711696799966	0.0037497157918566573
7,8,15	-0.0012614347940265403	0.0010419121851671844	0.22601798398813516	-0.005398573086655933	0.002875703498602852
7,8,16	-0.0008317720924949741	0.0010420608226459284	0.42475791603309365	-0.004969500582469004	0.0033059563974790563
7,9,10	-0.011297525451445934	0.0010421616670866906	2.3396274078789318e-27	-0.015435654366142332	-0.0071593965367495365
7,9,11	0.004524072465169985	0.0010423974062509036	1.4266167237850144e-05	0.00038500749699689127	0.008663137433343078
7,9,12	0.0011407568756048505	0.0010418085122389088	0.27353067244621604	-0.0029959697611790835	0.0052774835123887845
7,9,13	-0.0004019228210963826	0.0010417025145231813	0.6996219273713227	-0.0045382285709621	0.0037343829287693345
7,9,14	-0.00014954273226620894	0.00104168215555308	0.8858492647410946	-0.0042857676424258515	0.003986682177893434
7,9,15	0.0026125164875584234	0.0010417536006127955	0.012150804211548245	-0.0015239921107052423	0.0067490250858220895
7,9,16	0.0008229759737495707	0.0010417642745798258	0.42954071537031746	-0.0033135750078150715	0.004959526955314213
7,10,11	-0.06036412917208995	0.0010429862097327271	0.0	-0.06450553211218252	-0.05622272623199737
7,10,12	-0.007971291960440632	0.0010422211822850957	2.0641435218132364e-14	-0.012109657193139467	-0.003832926727741796
7,10,13	0.0021789125337560574	0.0010420670717460312	0.036536327823948556	-0.0019588407696251855	0.0063166658371373
7,10,14	-0.0017758129406303916	0.0010420477607310456	0.0883566881837037	-0.005913489565438619	0.002361863684177835
7,10,15	-0.005443962385698347	0.00104219068026304	1.7605566793507824e-07	-0.00958220650350358	-0.001305718267893113
7,10,16	-0.006534868491839518	0.0010422666335324232	3.636959001627002e-10	-0.010673414198572963	-0.0023963227851060724
7,11,12	0.004270433584342571	0.0010424280450130477	4.197450483966868e-05	0.00013124695831969943	0.008409620210365443
7,11,13	-0.0004734127376668578	0.001042274721789984	0.6496784628473415	-0.004611990560581064	0.003665165085247349
7,11,14	-0.0013317886584384073	0.0010422674085355924	0.20133163500599602	-0.005470337442490013	0.002806760125613198
7,11,15	0.00416703312296957	0.0010424142675597434	6.409232516827228e-05	2.7901203312984818e-05	0.008306165042626155
7,11,16	-0.010964030694981905	0.0010424707336116944	7.549430786991088e-26	-0.015103386825343658	-0.006824674564620151
7,12,13	-0.0013304751490711302	0.0010417117446878353	0.20153603536801742	-0.005466817549307369	0.002805867251165109
7,12,14	-0.0006208218317618577	0.0010416917099819313	0.5511943111954976	-0.004757084679853341	0.0035154410163296254
7,12,15	0.004280144017197251	0.0010417862466285408	3.987964689793225e-05	0.0001435057908480671	0.008416782243546434
7,12,16	0.0034834246814706847	0.0010417905435497715	0.0008272010070243026	-0.0006532306067361274	0.007620079969677496
7,13,14	-0.00019990671461872262	0.0010416760698926217	0.8478143289051123	-0.004336107460343707	0.0039362940311062624
7,13,15	0.0012056074845534376	0.001041716562863162	0.24714285852092044	-0.002930754047292863	0.005341969016399738
7,13,16	-0.0018142931955326142	0.0010416932304615546	0.08156983966282023	-0.005950562081018192	0.0023219756899529632
7,14,15	-0.0008575877858834143	0.0010417007851126604	0.4103647939021926	-0.0049938866687495986	0.0032787110969827696
7,14,16	0.00016539419461236715	0.0010417005458074422	0.8738480224612271	-0.003970903738040549	0.004301692127265284
7,15,16	0.003187106216271555	0.0010417792425901616	0.002219542203725981	-0.0009495041990242661	0.007323716631567376
8,9,10	-0.0094864930671866	0.0010417612466824661	8.772250888891011e-20	-0.01362303202582811	-0.00534995410854509
8,9,11	0.0025634181012736713	0.0010419532654192376	0.013888445442384264	-0.0015738833094056486	0.006700719511952991
8,9,12	0.005546571329895999	0.001041692369077475	1.0153309045888667e-07	0.0014103058647227194	0.009682836795069278
8,9,13	0.0010973424822526123	0.0010415970331523654	0.2921071266087534	-0.0030385444309543406	0.005233229395459565
8,9,14	-0.0007535648070691235	0.001041573046347735	0.4693832716217424	-0.004889356475466229	0.0033822268613279824
8,9,15	0.0022181761252621614	0.0010416137775209316	0.03321204389356125	-0.0019177772750915657	0.0063541295256158885
8,9,16	-0.0024465874138172657	0.0010416850944044947	0.018843036513523724	-0.006582823993323805	0.0016896491656892732
8,10,11	-0.06769913214937427	0.0010424033771195412	0.0	-0.0718382208261762	-0.06356004347257234
8,10,12	0.007881864306837419	0.0010418298346488927	3.918796921114538e-14	0.0037450530048004126	0.012018675608874426
8,10,13	0.0011202169911047376	0.0010416864138364263	0.28220519464826066	-0.003016024827492434	0.005256458809701909
8,10,14	0.0010598036522501166	0.0010416562869138629	0.30895678804866367	-0.003076318540867335	0.005195925845367568
8,10,15	-0.002934404051432955	0.0010417925227029304	0.0048536751837181796	-0.007071067198296607	0.001202259095430697
8,10,16	0.008884363805258606	0.0010418675959260714	1.5299851857281e-17	0.004747402563881203	0.013021325046636008
8,11,12	-0.006283063025299749	0.0010420624259205927	1.6542873463319233e-09	-0.010420797881423539	-0.002145328169175958
8,11,13	-0.001052630557969489	0.0010418911054170588	0.31235178683629644	-0.005189685148879403	0.0030844240329404252
8,11,14	-0.0018710948168742195	0.0010418725969538415	0.0725158396334395	-0.0060080759159169645	0.0022658862821685255
8,11,15	0.002381901668987624	0.0010419741707103657	0.022260434960691133	-0.0017554827506838897	0.006519286088659138
8,11,16	-0.012592025931583973	0.0010420902018153295	1.4073537984757524e-33	-0.016729871077921624	-0.008454180785246321
8,12,13	0.0015071843428751358	0.0010416255039116006	0.14791473037376013	-0.0026288156196558666	0.005643184305406139
8,12,14	0.0005287251196516001	0.0010415997348659548	0.6117295393104794	-0.0036071725212950857	0.004664622760598286
8,12,15	-8.609031399813265e-05	0.0010416720210164926	0.9341330656593123	-0.00422227498278236	0.004050094354786094
8,12,16	-0.0004690033141882186	0.0010417205436533384	0.6525534376690619	-0.004605380652625236	0.0036673740242487984
8,13,14	0.00018780690776078928	0.0010415748888533858	0.8569093774629896	-0.00394799207670459	0.004323605892226169
8,13,15	0.0019099789148055908	0.0010416091673641431	0.06670606818268708	-0.002225956179920795	0.006045914009531977
8,13,16	0.002125193131817633	0.0010416328202648825	0.041329414402100195	-0.0020108358818807866	0.006261222145516053
8,14,15	-0.0012836617145816631	0.0010415791608232607	0.2177972794563566	-0.005419477661829901	0.0028521542326665743
8,14,16	0.0007756378407840743	0.0010416298321683423	0.45649296242741766	-0.0033603793080289983	0.004911654989597147
8,15,16	-0.0013558110574621485	0.001041702091774324	0.19308036239748316	-0.0054921151287118455	0.002780493013787549
9,10,11	-0.005742620518980338	0.0010421692707242045	3.5970531245264926e-08	-0.009880779625568499	-0.0016044614123921774
9,10,12	-0.00446237195861002	0.001041724405083912	1.8413208058492545e-05	-0.008598764629694566	-0.00032597928752547533
9,10,13	-0.00021650895442928628	0.0010416310451495856	0.8353423069925717	-0.004352530919647447	0.0039195130107888745
9,10,14	3.0507625020612453e-05	0.0010416073630827992	0.9766342024150414	-0.004105420305415399	0.004166435555456624
9,10,15	-0.002683031753773684	0.0010416721190110653	0.010006079083600013	-0.0068192168116666145	0.0014531533041192467
9,10,16	-0.00016816751333479296	0.00104168044299144	0.8717484222594489	-0.004304385623397038	0.003968050596727453
9,11,12	-0.0018075622457461018	0.0010418725744588484	0.08276042028340293	-0.0059445432554675985	0.002329418763975395
9,11,13	-0.00029840969467537616	0.0010417775091048223	0.7745399168604845	-0.004435013226791714	0.003838193837440961
9,11,14	-0.0004816230264574066	0.0010417494537707569	0.6438524756265551	-0.004618115158785425	0.003654869105870611
9,11,15	0.0010529501030715504	0.0010418234365672742	0.3121734888055649	-0.0030838357939948252	0.0051897360001379265
9,11,16	-0.0018689694331470482	0.0010418622352669216	0.07283808675197492	-0.00600590938886472	0.0022679705225706233
9,12,13	0.0004062885733281495	0.0010415805958751626	0.6964866479137007	-0.003729533072104887	0.004542110218761186
9,12,14	0.0006416265547843553	0.0010415650091222355	0.5378824773049007	-0.0034941332000658558	0.004777386309634566
9,12,15	0.0028053449377237263	0.0010416082641987682	0.007077104753686654	-0.0013305865707886671	0.00694127644623612
9,12,16	0.002733486296317809	0.0010416218748972102	0.008685844285832875	-0.0014024992564245255	0.006869471849060144
9,13,14	0.0008591819181530168	0.001041534473996843	0.4094205087713062	-0.003276456590359615	0.004994820426665649
9,13,15	0.0005044878420329348	0.0010415546807091398	0.6281317970059836	-0.003631230901613138	0.004640206585679008
9,13,16	-2.361139780150852e-05	0.0010415568178239636	0.981914110312668	-0.00415933862732547	0.004112115831722453
9,14,15	0.0015375316020642673	0.0010415367810066305	0.1398913296912527	-0.002598116066931051	0.005673179271059586
9,14,16	0.0005182405700795761	0.0010415497023738807	0.6187911298034963	-0.0036174584060066906	0.004653939546165843
9,15,16	-0.0016918029132135081	0.001041593832254061	0.10432865702132794	-0.005827677116559559	0.002444071290132542
10,11,12	-0.023163274450395767	0.0010422262222438946	5.189537387360155e-109	-0.027301659695344038	-0.019024889205447496
10,11,13	-0.0002742401858646941	0.001042082901776833	0.7924239401406381	-0.004412056345816323	0.003863575974086935
10,11,14	-0.0014264032295548555	0.0010420658145555474	0.1710596064300382	-0.005564151540988633	0.0027113450818789216
10,11,15	-0.0066207491449073695	0.0010422155958962722	2.1318138531321905e-10	-0.010759092195637851	-0.002482406094176888
10,11,16	-0.014221040900699975	0.001042239975037112	2.4937566195768198e-42	-0.01835948075409631	-0.01008260104730364
10,12,13	0.0007693428517424291	0.001041647569230319	0.46016319065891387	-0.0033667447259218917	0.00490543042940675
10,12,14	0.0008954734930248466	0.0010416255739103975	0.38996405756508223	-0.0032405267474515604	0.0050314737335012535
10,12,15	-0.006006781790153074	0.0010417234276206733	8.14573254651114e-09	-0.010143170580007846	-0.0018703930002983028
10,12,16	0.002543766077885371	0.0010417291345020915	0.014614172111703726	-0.0015926453723797331	0.006680177528150475
10,13,14	0.0003081142896301462	0.0010415954282833333	0.7673761980426913	-0.0038277662510962642	0.004443994830356557
10,13,15	-0.00030335507263593844	0.0010416386549159833	0.7708773696233655	-0.004439407254081925	0.0038326971088100486
10,13,16	0.0015343695812714908	0.0010416197516544812	0.14073953451422527	-0.0026016075406751164	0.005670346703218098
10,14,15	-0.0010172237936796904	0.0010416223506645912	0.3287826543401804	-0.005153211235559592	0.003118763648200211
10,14,16	4.326267854675076e-05	0.0010416152918888927	0.9668701441965075	-0.00409269673493339	0.004179222092026891
10,15,16	0.0009135826054568789	0.0010416917565924048	0.38048010175813096	-0.0032226804277115982	0.005049845638625356
11,12,13	-0.001411255208870663	0.0010417980197295438	0.17553898396305675	-0.005547940182870634	0.0027254297651293077
11,12,14	-0.00128524672005841	0.0010417737430374776	0.21731556565885143	-0.005421835298187601	0.0028513418580707814
11,12,15	0.006686480009639216	0.0010418621127087741	1.3921880458534861e-10	0.0025495405405652483	0.010823419478713184
11,12,16	0.0003465742363625468	0.0010419100904933436	0.7394120306284393	-0.0037905557389100847	0.004483704211635178
11,13,14	0.0005616821909891975	0.0010417281443245879	0.5897624340745089	-0.0035747253275613877	0.004698089709539783
11,13,15	-0.0005327870717947627	0.0010417832905671555	0.6090599500116786	-0.0046694135604611305	0.003603839416871605
11,13,16	0.000873421158061295	0.0010417989487291862	0.40182170159754504	-0.0032632675047332294	0.0050101098208558195
11,14,15	0.0019030664771313675	0.0010417699468209278	0.06774017536949088	-0.0022335070272967196	0.006039639981559455
11,14,16	0.0005969768949415403	0.0010417924916606815	0.5666273687175134	-0.0035396861286621306	0.004733639918545211
11,15,16	-0.007639871219460952	0.0010418762415915542	2.2808105895558316e-13	-0.011776866790328156	-0.003502875648593749
12,13,14	0.0008664447484812317	0.00104155486384465	0.40548194787230274	-0.003269274722344101	0.005002164219306565
12,13,15	0.0011250743357549328	0.001041577066758161	0.28007316014058603	-0.0030107332965536825	0.005260881968063548
12,13,16	-0.00011792903755306451	0.001041568403158822	0.9098544729605392	-0.004253702269161613	0.004017844194055485
12,14,15	0.00035081381665777217	0.0010415639637588964	0.7362578820767989	-0.003784941787350592	0.004486569420666136
12,14,16	0.0011111322012257877	0.0010415625318002915	0.28606914606021167	-0.0030246177168803843	0.00524688211933196
12,15,16	-0.0023870106966104704	0.001041611397545311	0.02192901622181145	-0.006522954646754847	0.0017489332535339055
13,14,15	-0.0009430181214777629	0.0010415439455918017	0.36525481800409987	-0.0050786942390123	0.003192657996056774
13,14,16	0.0012149878129725242	0.0010415397095988018	0.24340443998007766	-0.0029206714846331397	0.005350647110578188
13,15,16	-0.013222932208272187	0.00104156618449595	6.9720221628845624e-37	-0.017358696630198636	-0.009087167786345737
14,15,16	0.0008162533118170759	0.0010415553578997658	0.4332267781229515	-0.003319468120761241	0.004951974744395393
