Params: 	17
Performance: 	0.7371294775748006
Term	Coefficient	Standard Error	p-value	95% CI lower	95% CI upper
Intercept	8.397852988795433
1	-0.015142255021029796	0.002438080150470551	5.306337192147427e-10	-0.02239294586614376	-0.007891564175915834
2	0.15785004295649369	0.002438240026693266	0.0	0.150598876649954	0.16510120926303337
3	0.5446983134485722	0.002438455939420289	0.0	0.5374465050317094	0.551950121865435
4	0.00033892872192212153	0.0024383994194705954	0.8894534385745131	-0.006912711608308358	0.007590569052152601
5	0.32822275016294183	0.002438322596208172	0.0	0.3209713383000673	0.33547416202581637
6	-0.00873782792179867	0.00243809183701973	0.0003387800927705215	-0.015988553521945243	-0.001487102321652097
7	0.2599730541434059	0.0024383848772802906	0.0	0.2527214570606979	0.2672246512261139
8	0.1986202889637753	0.002438159798064128	0.0	0.19136936125192933	0.20587121667562125
9	0.04717266317153885	0.002438093292185991	3.659194557737493e-83	0.039921933243823024	0.054423393099254674
10	0.1965180243293559	0.00243820886615319	0.0	0.18926695069222357	0.2037690979664882
11	0.6859269538024173	0.0024385181821575115	0.0	0.6786749602797265	0.6931789473251081
12	0.02225491540139092	0.002438114515630856	7.17973567722965e-20	0.015004122356538708	0.02950570844624313
13	0.002075634138682886	0.0024380852519882566	0.3945849260418507	-0.005175071878010942	0.009326340155376714
14	0.008530695608623785	0.002438086036732957	0.0004674449114486241	0.001279987258150564	0.015781403959097006
15	-0.014003624014471576	0.002438113431522432	9.308708045539446e-09	-0.021254413835256267	-0.0067528341936868835
16	0.12695287207356865	0.002438111349843668	0.0	0.1197020884435604	0.1342036557035769
