Params: 	697
Performance: 	0.9525490821358138
Term	Coefficient	Standard Error	p-value	95% CI lower	95% CI upper
Intercept	8.389230961062124
1	-0.015193864424691115	0.0010421938394726104	4.5928312077705695e-48	-0.01933212108682309	-0.01105560776255914
2	0.15642525647352407	0.0010427223519957846	0.0	0.15228490123779934	0.1605656117092488
3	0.5479336106047927	0.001043201939939771	0.0	0.5437913510611273	0.5520758701484582
4	0.0017617287172088276	0.0010430887291705826	0.09123321315661782	-0.0023800812985453317	0.005903538732962987
5	0.3311317830286291	0.0010429295575321987	0.0	0.326990605038385	0.3352729610188732
6	-0.00902162143609973	0.0010421910824563118	4.98134247922701e-18	-0.013159867150900574	-0.004883375721298886
7	0.25890448348874445	0.0010431823881125334	0.0	0.2547623015798493	0.2630466653976396
8	0.1984132035913668	0.001042511193962022	0.0	0.19427368680440935	0.20255272037832425
9	0.04716358543748318	0.0010422902750327869	0.0	0.04302494585704537	0.051302225017921
10	0.19444089014968874	0.00104292832486408	0.0	0.19029971705402074	0.19858206324535674
11	0.6912719352003265	0.001043286196802669	0.0	0.6871293410965139	0.695414529304139
12	0.023505943558755137	0.0010423273770531175	3.617144327202353e-112	0.019367156656699216	0.02764473046081106
13	0.0011092051663573153	0.0010421956305343896	0.28719847098148915	-0.0030290586075738864	0.005247468940288517
14	0.008633684626074934	0.0010421759801432146	1.211192931126436e-16	0.004495498878283509	0.01277187037386636
15	-0.013520088508825079	0.0010423113522578112	1.9943246239592722e-38	-0.01765881178095591	-0.009381365236694247
16	0.12700398878157773	0.0010423661513552453	0.0	0.12286504791774616	0.1311429296454093
1,2	0.028970440956862117	0.0010421164868457053	4.6043670458860013e-169	0.024832491440110877	0.03310839047361336
1,3	-0.007114913856342758	0.00104236377581329	8.825437957637197e-12	-0.01125384528756981	-0.002975982425115704
1,4	0.0031830037686388472	0.0010422828425098163	0.002259985845987986	-0.0009556062993546091	0.007321613836632304
1,5	0.0055603204564919516	0.0010421770313230186	9.571776839962835e-08	0.0014221305347631432	0.00969851037822076
1,6	0.0006544404605070562	0.0010418569539481007	0.5299092010838123	-0.003482478524588868	0.00479135944560298
1,7	0.0010642885472876146	0.001042346684735955	0.3072344509221464	-0.003074575020110307	0.005203152114685536
1,8	0.0008196300090452212	0.0010419977650169433	0.43152206448821995	-0.003317848096937499	0.004957108115027941
1,9	9.462578092839236e-06	0.001041890472012717	0.9927536420749257	-0.004127589497747768	0.004146514653933447
1,10	0.0002768589433800074	0.0010421999824460815	0.7905107367176182	-0.0038614221107603737	0.0044151399975203886
1,11	-0.0004687539410263338	0.0010423280824397006	0.6529151680533427	-0.004607543643972663	0.0036700357619199953
1,12	0.0010719651885996492	0.0010419051729598395	0.30355363369095634	-0.0030651452605397296	0.005209075637739028
1,13	0.00011130816921758185	0.001041852961856032	0.9149188430167665	-0.004025594964411011	0.004248211302846174
1,14	-0.0005060591862155375	0.0010418521761753237	0.6271600722193522	-0.004642959200128486	0.0036308408276974112
1,15	0.0013781560784911877	0.0010419183047617043	0.18593652567833321	-0.002759006513315414	0.0055153186702977895
1,16	-0.004825866032816784	0.0010419293507344283	3.6346162975899953e-06	-0.008963072485053646	-0.0006886595805799213
2,3	-0.01695960836116623	0.0010429953015707414	2.4860105620910247e-59	-0.021101047402373403	-0.012818169319959057
2,4	-0.014534876198574076	0.0010429312765397397	4.4152428153031203e-44	-0.01867606101451043	-0.010393691382637722
2,5	-0.032070914936838404	0.0010427498264573318	3.4076569882842864e-206	-0.036211379265871146	-0.027930450607805666
2,6	0.0009528617699720802	0.001042115951026579	0.3605349196092137	-0.0031850856191931176	0.005090809159137278
2,7	-0.003963404718623734	0.0010429414671710208	0.00014470456455269312	-0.008104629998671651	0.0001778205614241836
2,8	-0.012318620720911245	0.0010424767170706779	3.4608805715436985e-32	-0.016458000609894538	-0.008179240831927953
2,9	-0.003753282930570017	0.0010422197697843646	0.00031694646308736535	-0.007891642554628368	0.0003850766934883343
2,10	-0.020008907821145457	0.0010427729767487582	7.954667686063267e-82	-0.02414946407343095	-0.015868351568859962
2,11	-0.048029124484115754	0.0010428882464633734	0.0	-0.05217013843980188	-0.04388811052842963
2,12	-0.008412216850696683	0.001042273966954723	7.092834594593603e-16	-0.012550791676373782	-0.004273642025019584
2,13	0.0009472224541580299	0.0010421046895436896	0.36337928100316885	-0.0031906802188470564	0.005085125127163116
2,14	0.0008731819789989104	0.0010421016829533023	0.40208735682276264	-0.003264708755686999	0.00501107271368482
2,15	-0.005135924835911467	0.0010422650037278968	8.343162446150458e-07	-0.009274464071152582	-0.000997385600670352
2,16	0.0009233646872862517	0.0010423686430039753	0.3757108228023739	-0.003215586070176975	0.005062315444749478
3,4	-0.08902820941797374	0.0010434831590456588	0.0	-0.09317158560308762	-0.08488483323285985
3,5	-0.10700459438717516	0.0010432409971935655	0.0	-0.11114700901613722	-0.1028621797582131
3,6	-0.0066656366228915204	0.0010423582826673801	1.6191362521254564e-10	-0.01080454624239143	-0.002526727003391611
3,7	-0.030952331410052054	0.0010434239964819292	4.6730760931265656e-192	-0.035095472677375956	-0.026809190142728152
3,8	-0.050605951194374964	0.0010427137751112872	0.0	-0.054746272373719713	-0.046465630015030214
3,9	-0.0037638493266683518	0.0010424538919671272	0.00030576513294831446	-0.007903138583627872	0.0003754399302911696
3,10	-0.14419213086089103	0.0010431161285460358	0.0	-0.14833404967180758	-0.14005021204997448
3,11	-0.2538548065780075	0.0010432964167972774	0.0	-0.25799744126252505	-0.24971217189348996
3,12	-0.0021526090160155515	0.001042482181294353	0.038937665202382496	-0.006292010601883982	0.0019867925698528787
3,13	-0.004559580741983893	0.001042360409379153	1.220263798888511e-05	-0.008698498806054122	-0.0004206626779136658
3,14	0.0004457877556462708	0.0010423454775825448	0.6688873584286106	-0.003693071018487238	0.0045846465297797795
3,15	0.0009992637382572438	0.0010424806449273408	0.3377921028404265	-0.0031401317471327697	0.005138659223647257
3,16	-0.000411120271420937	0.0010425489324875177	0.6933302868327176	-0.004550786907378282	0.003728546364536408
4,5	0.3069782792008182	0.0010431197371807731	0.0	0.3028363460610348	0.3111202123406016
4,6	0.0036063367531604437	0.001042299663772761	0.0005405706059869572	-0.0005323401073055924	0.00774501361362648
4,7	-0.02364811730875863	0.0010434510555138823	2.9223697761783215e-113	-0.027791366019837244	-0.019504868597680015
4,8	-0.012813021721922585	0.0010427554034282143	1.1560703172586081e-34	-0.0169535081955277	-0.00867253524831747
4,9	-0.0006901188755033816	0.0010424143299246514	0.5079486837781255	-0.004829251042793359	0.0034490132917865957
4,10	-0.039448540893666284	0.0010431239607193768	1.715793028460857e-309	-0.043590490803925665	-0.0353065909834069
4,11	-0.033345970570413566	0.001043417073822313	2.4748233713041313e-222	-0.03748908434981613	-0.029202856791011
4,12	-0.0012607620735658291	0.0010424578772169353	0.22650875776209847	-0.005400067154824001	0.002878543007692343
4,13	0.0021805525761310236	0.001042298362291603	0.036436972215833405	-0.0019581191165218203	0.006319224268783868
4,14	-0.0005979803414357682	0.001042269066617	0.5661530156420544	-0.004736535709259194	0.0035405750263876575
4,15	-0.0015157591360673503	0.0010423949053379724	0.14592017550635178	-0.005654814173823273	0.002623295901688572
4,16	-0.004493029965124906	0.0010425455059609161	1.637433388627352e-05	-0.008632682995315263	-0.0003533769349345498
5,6	-0.004921164045684986	0.0010421727062736798	2.3401028236464628e-06	-0.009059336793867412	-0.0007829912975025593
5,7	-0.01141918761248857	0.0010431247405498995	7.268918110095621e-28	-0.015561140619234162	-0.007277234605742978
5,8	-0.05418787813930195	0.0010424933442784424	0.0	-0.05832732405021964	-0.05004843222838425
5,9	-0.010054627376419855	0.0010422466806261571	5.2381110176410865e-22	-0.014193093855811748	-0.0059161608970279625
5,10	0.022379137641338732	0.001042664890875345	7.927554218741769e-102	0.01823901056745441	0.026519264715223055
5,11	-0.11763842604920699	0.001043183601758645	0.0	-0.12178061277714725	-0.11349623932126673
5,12	-0.01596290309570451	0.0010423031277063506	7.555137072772269e-53	-0.020101593710470093	-0.011824212480938928
5,13	0.001417902430310771	0.0010421675282571018	0.1736664418655982	-0.0027202497574338666	0.0055560546180554084
5,14	0.00169814217245055	0.0010421694896137488	0.10322702247825896	-0.0024400178032860176	0.005836302148187118
5,15	-0.002984102088191519	0.0010422735575701524	0.0041969601063726394	-0.007122675288318397	0.0011544711119353592
5,16	-0.005375740784884077	0.001042365295939247	2.5135491497270217e-07	-0.009514678252100915	-0.0012368033176672387
6,7	0.00315692620032082	0.001042341235946907	0.0024571753093077316	-0.0009819157314784974	0.007295768132120137
6,8	0.0025686809814920476	0.0010420007426566995	0.013698493049519738	-0.001568808947855091	0.006706170910839186
6,9	0.0013579240786460375	0.001041908403921364	0.19247552279372604	-0.00277919919972678	0.005495047357018855
6,10	0.0101520547400002	0.0010422032673316373	2.0911760871361927e-22	0.006013760642509321	0.014290348837491081
6,11	0.007382630001042443	0.0010423344819781664	1.4275704671352768e-12	0.0032438148873407567	0.011521445114744129
6,12	-0.0002849239888970366	0.0010419180490265634	0.7844997345516591	-0.0044220855652517994	0.0038522375874577262
6,13	0.0007657371644578907	0.0010418812028509224	0.4623688320742573	-0.003371278106165591	0.004902752435081373
6,14	0.000514532343212238	0.0010418602361102372	0.6214072838815126	-0.0036223996744202576	0.0046514643608447336
6,15	0.000979785673365769	0.001041918120447013	0.34703281444137113	-0.0031573761865793777	0.0051169475333109156
6,16	-0.0010026276699695684	0.0010419217027329757	0.3359091614054571	-0.005139803754158027	0.00313454841421889
7,8	-0.028645486342957334	0.0010427300827814522	3.6126166542213566e-165	-0.03278587227544315	-0.024505100410471523
7,9	-0.017286218436886658	0.0010424586183685053	1.2668834815891282e-61	-0.021425526461047874	-0.013146910412725442
7,10	0.017041145418363914	0.0010431253568686004	7.191456680494791e-60	0.012899189964391258	0.021183100872336567
7,11	-0.11535327484868942	0.001043340966375035	0.0	-0.119496086426967	-0.11121046327041183
7,12	-0.01823137991328301	0.0010424950571684445	2.554643090736605e-68	-0.022370832625601935	-0.014091927200964086
7,13	0.0018519015102636677	0.0010423424157337438	0.07562688899264017	-0.002286945106135148	0.005990748126662483
7,14	0.0024216341285574067	0.0010423245477400186	0.02016612355093879	-0.0017171415390972574	0.006560409796212071
7,15	-0.014331526520443586	0.0010424494228728424	6.0439009103751215e-43	-0.01847079803189503	-0.010192255008992145
7,16	0.0003692789315749116	0.0010425575916776402	0.723186569005541	-0.0037704220875747494	0.004508979950724573
8,9	-0.008762972388291665	0.0010420637025068092	4.211261488632285e-17	-0.012900712313377884	-0.004625232463205447
8,10	0.016919697774237092	0.0010424898773318736	4.072825574160685e-59	0.012780265629582632	0.021059129918891552
8,11	0.06645807555732196	0.0010426510061951177	0.0	0.062318003615571674	0.07059814749907224
8,12	-0.0076580579249098425	0.0010421639781333807	2.0326938742405428e-13	-0.011796196016118324	-0.0035199198337013612
8,13	-0.007989401466280676	0.0010420049966970153	1.7810671536807705e-14	-0.01212690828721747	-0.0038518946453438814
8,14	0.0015778875659677657	0.0010419782194436417	0.12994992055502597	-0.0025595129300772764	0.005715288062012808
8,15	0.006025932154450943	0.0010420927494047022	7.393130689317339e-09	0.0018880768923571854	0.0101637874165447
8,16	-0.0023867038051140627	0.0010422131664326775	0.02202261539774089	-0.00652503720913246	0.0017516295989043343
9,10	0.02379570151152982	0.0010422725908009352	6.668502420659392e-115	0.019657132150169784	0.027934270872889858
9,11	0.002424352165251723	0.00104242825275112	0.02003890034982275	-0.0017148352856402168	0.006563539616143663
9,12	-0.010611684922445887	0.0010420044248231578	2.443207604286889e-24	-0.014749189472633506	-0.006474180372258267
9,13	0.0006586757878876354	0.0010419084089482251	0.5272702178612352	-0.0034784475104454237	0.0047957990862206945
9,14	-0.0009335083420581574	0.0010418876665266254	0.37026797275602064	-0.005070549278107807	0.0032035325939914925
9,15	-0.005476221086841305	0.0010419548658137316	1.479258361112075e-07	-0.009613528852234043	-0.0013389133214485663
9,16	0.0003969662489775559	0.0010419869719248487	0.7032264547977789	-0.0037404690006922854	0.004534401498647397
10,11	0.031541366802134096	0.0010431031589645218	2.0043327421509534e-199	0.027399499489753686	0.03568323411451451
10,12	0.00750184306497205	0.001042328520604502	6.214454407467759e-13	0.0033630516221973515	0.011640634507746748
10,13	-0.00486075428999793	0.0010421959290894546	3.1082429748309605e-06	-0.008999019249406767	-0.0007224893305890949
10,14	-0.0010112621552362498	0.0010421713249845887	0.3318799819050834	-0.0051494294187107775	0.003126905108238278
10,15	0.013208349815655007	0.0010423192213440998	9.362751898004377e-37	0.009069595297610483	0.01734710433369953
10,16	0.0014640228397969982	0.0010423461362727452	0.16016131599423555	-0.0026748385498088023	0.005602884229402799
11,12	0.001783773043366967	0.0010424622482809454	0.08706475221752805	-0.002355549394148819	0.005923095480882753
11,13	0.004558019782532738	0.0010423406099320104	1.2281972621150924e-05	0.00041918033646133265	0.008696859228604144
11,14	0.001149905670315695	0.0010423162531283192	0.2699352037123721	-0.0029888370617843496	0.00528864840241574
11,15	-0.006988531605925926	0.0010424689108049106	2.0473153552642565e-11	-0.01112788049843803	-0.0028491827134138224
11,16	-0.021640520529692224	0.0010425083034339244	2.159374301384438e-95	-0.02578002583918098	-0.01750101522020347
12,13	0.002642554614985729	0.0010419327670026996	0.011208514468271067	-0.0014946654022851974	0.006779774632256656
12,14	0.00047329159690728123	0.001041908135395563	0.649647126857279	-0.0036638306152256073	0.00461041380904017
12,15	-0.013825756169680622	0.001041995251704407	3.988480292111889e-40	-0.01796322429601085	-0.009688288043350392
12,16	-0.002887936496465735	0.0010420294160108472	0.005582290173055367	-0.00702554027958396	0.0012496672866524907
13,14	-0.0016604561400746596	0.0010418743132564329	0.11100372274345327	-0.005797444054069061	0.0024765317739197422
13,15	0.011584274997654555	0.0010419244882698556	1.0885211617170884e-28	0.00744708785288781	0.0157214621424213
13,16	0.0006144559448456079	0.0010419170228972538	0.5553697869618333	-0.0035227015570401922	0.004751613446731408
14,15	-0.004216073545464416	0.0010419060608482995	5.205080035237093e-05	-0.008353187520157483	-7.895957077134856e-05
14,16	-0.010617615735490124	0.001041914237405579	2.283755567800017e-24	-0.014754762176977135	-0.006480469294003113
15,16	0.06419209145030678	0.0010420033019197172	0.0	0.0600545913588508	0.06832959154176277
1,2,3	-0.00047126805824351803	0.0010419452351904052	0.6510570370866491	-0.004608537583157728	0.003666001466670692
1,2,4	-0.0002914350214337201	0.0010419195721527489	0.7797011442238444	-0.004428602645691325	0.0038457326028238856
1,2,5	-0.0016013168642917894	0.0010418195831208303	0.12428887936307967	-0.005738087460413356	0.0025354537318297773
1,2,6	-0.0005517733890705225	0.0010415996176640248	0.5962964645202942	-0.004687670564641527	0.0035841237865004818
1,2,7	-0.0016497642552345416	0.001041899304597274	0.11333076283287234	-0.005786851402767672	0.0024873228922985885
1,2,8	-0.0006823029289132372	0.0010416909652114018	0.5124730161371338	-0.004818562819731814	0.0034539569619053394
1,2,9	-0.00019069183443664456	0.001041616973286302	0.8547414110281677	-0.004326657924269847	0.0039452742553965576
1,2,10	-0.002255648191533406	0.0010418506005876263	0.03038835780030193	-0.006392541949233701	0.0018812455661668887
1,2,11	-0.008128702982925475	0.0010420146376652535	6.238014806351633e-15	-0.012266248085417514	-0.003991157880433437
1,2,12	-0.00140663586313105	0.001041645128729776	0.1768930796589649	-0.005542713750258689	0.002729442023996589
1,2,13	0.0007175679675872782	0.001041589842336099	0.49087862519684744	-0.0034182903929242036	0.00485342632809876
1,2,14	0.00030027240799123875	0.0010415914801867002	0.7731315860848641	-0.003835592455961259	0.004436137271943736
1,2,15	0.0004994428371387985	0.001041667191968975	0.6316096062611185	-0.003636722656864976	0.004635608331142573
1,2,16	-0.0009265975111571248	0.0010416968620909932	0.3737336079029129	-0.005062880816814986	0.0032096857945007363
1,3,4	-0.00045006148010106294	0.0010421015529654266	0.665831039760184	-0.004587951698641921	0.003687828738439795
1,3,5	0.002718451092877024	0.0010422429461242008	0.009102254769969759	-0.0014200005578649429	0.006856902743618991
1,3,6	-0.0010862709494441625	0.0010416858488624745	0.29704450294976925	-0.005222510524689731	0.0030499686258014065
1,3,7	0.0010665114027016802	0.0010422315796388376	0.30617183645407064	-0.003071895114945081	0.005204917920348441
1,3,8	0.0014468292802130543	0.0010418769939671373	0.16493628008442365	-0.0026901692781245703	0.005583827838550679
1,3,9	0.00012471746593650974	0.0010417271133319511	0.9047038957185356	-0.004011685958834218	0.004261120890707237
1,3,10	0.0011556473588122968	0.0010419382136527245	0.2673773238532522	-0.002981594285563778	0.005292889003188372
1,3,11	0.00669125265115612	0.0010424227909465328	1.381932876532675e-10	0.0025520868875438052	0.010830418414768436
1,3,12	0.000987289194188056	0.0010417338249739908	0.3432672291788893	-0.0031491408806129557	0.005123719268989068
1,3,13	-0.000507368711508499	0.0010416773018441564	0.6262111317685801	-0.004643574348964228	0.00362883692594723
1,3,14	-0.000501183034119234	0.0010416871495577845	0.6304284382741259	-0.004637427774057615	0.0036350617058191472
1,3,15	0.0007628650890087671	0.0010417413604777693	0.46398943295416173	-0.003373594907144236	0.00489932508516177
1,3,16	0.0012595041690204797	0.0010417775900540857	0.22666919316439724	-0.002877099684522463	0.005396108022563423
1,4,5	-0.0013702310552148479	0.0010419616515919313	0.18849807287952286	-0.005507565765011573	0.0027671036545818773
1,4,6	2.4094730489060412e-05	0.0010416712536806356	0.9815459790599164	-0.0041120868914217325	0.004160276352399853
1,4,7	0.00026449798719426626	0.001042214791031281	0.79966285458638	-0.0038738418676452146	0.004402837842033747
1,4,8	-0.0020253603965536843	0.0010418293627742804	0.05189478074229911	-0.006162169824910206	0.002111449031802837
1,4,9	-0.0005855758571096589	0.0010417049508319879	0.5740279717389675	-0.00472189128086786	0.003550739566648542
1,4,10	0.0015073270730019753	0.0010420785341143503	0.14805260714252294	-0.0026304717441985436	0.005645125890202494
1,4,11	0.0008515367434467382	0.001042248093372907	0.4139205164215479	-0.0032869353455625095	0.004990008832455986
1,4,12	3.0101692869320337e-05	0.0010417171141884854	0.9769474471267073	-0.004106262028133744	0.0041664654138723846
1,4,13	-0.0007217453720774099	0.001041657283261127	0.48838628124703165	-0.0048578715214077535	0.0034143807772529337
1,4,14	-0.00028275303601232264	0.0010416526140687935	0.7860484707387282	-0.00441886064530189	0.003853354573277245
1,4,15	0.0004045665583121954	0.001041727449593596	0.697750036997332	-0.003731838201658319	0.00454097131828271
1,4,16	0.00034721170446449633	0.001041743033889633	0.7389098507879189	-0.0037892549363332277	0.00448367834526222
1,5,6	0.0008619334257597491	0.0010416361057232384	0.40796797336435264	-0.003274108633563596	0.004997975485083094
1,5,7	0.0011702448054713814	0.0010420706992174315	0.26144200460729833	-0.0029675229015717524	0.005308012512514515
1,5,8	0.0009375297752516956	0.0010417508866282657	0.36814719362939563	-0.003198968046547808	0.005074027597051199
1,5,9	-0.001608372923835314	0.0010416593438819883	0.12258150749313362	-0.005744507255307678	0.00252776140763705
1,5,10	0.0015378695880649725	0.0010418621004224422	0.13992797610651164	-0.0025990698322234497	0.005674809008353395
1,5,11	-0.0010653070158943732	0.001042185149954428	0.30669681620370465	-0.005203529174409895	0.0030729151426211482
1,5,12	0.0003465894972252796	0.0010416894687082737	0.7393477867633999	-0.003789664451403077	0.004482843445853636
1,5,13	6.200127735195293e-06	0.0010416263936491362	0.9952507564841686	-0.004129803367691652	0.0041422036231620425
1,5,14	0.00039892568705169294	0.0010416318278193201	0.7017347936740537	-0.003737099385926388	0.004534950760029774
1,5,15	0.0002748904138779526	0.001041680474981769	0.791864541500228	-0.003861327823208832	0.004411108650964737
1,5,16	0.0003623001931208035	0.0010417055700190517	0.7279951568994678	-0.003774017689253919	0.004498618075495526
1,6,7	-0.00029242035815049	0.0010416684226956894	0.7789237319731854	-0.0044285907390215935	0.0038437500227206135
1,6,8	0.0003834423259676846	0.0010415594024239163	0.7127681851291645	-0.0037522951662709155	0.004519179818206285
1,6,9	-0.0020697675370330015	0.00104153096535771	0.046900594456014515	-0.0062053921137330305	0.0020658570396670274
1,6,10	-0.0006851740915221616	0.0010415930391009644	0.5106602970492015	-0.004821045145481829	0.003450696962437506
1,6,11	0.0005073258384977238	0.0010417096761965686	0.6262510238927207	-0.0036290083483453434	0.004643660025340791
1,6,12	-0.00011559344160120937	0.001041533615207399	0.911629482517742	-0.0042512285401041065	0.004020041656901688
1,6,13	0.0006295451357882283	0.001041517655716753	0.5455468085989263	-0.0035060265920958946	0.004765116863672351
1,6,14	1.974730061286671e-06	0.001041510343564503	0.9984871975058953	-0.004133567963336528	0.004137517423459101
1,6,15	0.0006859234879251128	0.0010415448571861746	0.5101784712464258	-0.003449756249292582	0.004821603225142808
1,6,16	0.00017505270726723976	0.001041544999845574	0.86652856778234	-0.003960627596410539	0.004310733010945019
1,7,8	0.0009019173029515271	0.0010418252181590053	0.38665313921289257	-0.0032348756683111945	0.005038710274214249
1,7,9	0.0004798553272336837	0.0010416950239200097	0.6450523426237489	-0.00365642067956764	0.004616131334035007
1,7,10	-0.0022886215409820623	0.0010420765783353137	0.028080364344450263	-0.0064264125923377624	0.0018491695103736378
1,7,11	-0.0012251254487086645	0.0010422853051586616	0.2398302159154074	-0.00536374529518344	0.002913494397766111
1,7,12	-0.0004053696565911435	0.0010417021406758167	0.6971727004678703	-0.004541673922014823	0.0037309346088325365
1,7,13	-0.0005271151383800625	0.0010416629764538135	0.6128357236648352	-0.004663263893766661	0.0036090336170065363
1,7,14	0.0010111546743284596	0.0010416625268732244	0.33169526085674483	-0.003124992295900908	0.005147301644557827
1,7,15	0.0007610557449600555	0.0010417174636447957	0.46503973265347587	-0.003375309363635076	0.004897420853555187
1,7,16	-0.0011754765201405781	0.0010417207112730098	0.25915577314361327	-0.005311854524147852	0.002960901483866696
1,8,9	0.00020024937386014727	0.0010415751101308715	0.847542067837656	-0.003935550489235478	0.0043360492369557725
1,8,10	0.0006707908123614603	0.0010417025493074333	0.5196186278211257	-0.0034655150756226737	0.004807096700345594
1,8,11	-0.0012691633123424664	0.0010418886119721354	0.22317637799154835	-0.0054062080024885545	0.002867881377803622
1,8,12	0.0001608558972003623	0.0010416027258602005	0.8772702949398773	-0.003975053620137638	0.004296765414538363
1,8,13	-9.595266147065934e-05	0.0010415623733409946	0.9265999884487117	-0.004231701950379827	0.004039796627438508
1,8,14	0.00044298163248727637	0.0010415540758840893	0.6706133658032307	-0.0036927347095697637	0.004578697974544316
1,8,15	-0.0005834599825701933	0.0010416033004612877	0.5753752562659862	-0.004719371781486425	0.0035524518163460384
1,8,16	-0.0005152359444826754	0.0010416447085579174	0.6208581474024849	-0.0046513121632268265	0.0036208402742614757
1,9,10	-0.00014703029797936973	0.001041612549911893	0.8877468238263326	-0.004282978823845176	0.0039889182278864364
1,9,11	0.00023192133063671544	0.0010417500559786383	0.8238268091658045	-0.003904573192888298	0.004368415854161729
1,9,12	-0.0013520641080063643	0.0010415631216811993	0.1942540806703915	-0.005487816368362609	0.0027836881523498804
1,9,13	0.001126743723429833	0.0010415182094889374	0.2793330248173228	-0.0030088302033268455	0.005262317650186511
1,9,14	0.0004591731201419127	0.0010415098284587037	0.6593067582689475	-0.0036763675279166135	0.004594713768200439
1,9,15	6.924794543825344e-05	0.0010415460657376815	0.9469913327509153	-0.0040664365905953	0.004204932481471807
1,9,16	-0.0006438137822623643	0.0010415538152406222	0.5364930658363094	-0.004779529089377992	0.0034919015248532637
1,10,11	0.0017444405263271623	0.0010420895102531216	0.09413881746151456	-0.002393401874012763	0.005882282926667088
1,10,12	-0.0016640041583384536	0.0010416437631998916	0.11016395308132625	-0.005800076623333541	0.002472068306656634
1,10,13	0.00036051914900567077	0.001041585790826485	0.7292497364822198	-0.0037753231241082303	0.004496361422119572
1,10,14	-0.000701930060050121	0.0010415758777132197	0.5003699874904535	-0.004837732970997927	0.003433872850897685
1,10,15	-0.00014521437666093276	0.001041648922737013	0.8891280563132934	-0.004281307328717119	0.003990878575395254
1,10,16	0.00014116842722326425	0.0010416570994239624	0.892198864141841	-0.003994956992141748	0.004277293846588277
1,11,12	-0.00010943843939420668	0.001041773584046133	0.9163363728362475	-0.004246026386213783	0.00402714950742537
1,11,13	-9.176627045340887e-05	0.0010417146502947412	0.9298041824040356	-0.004228120208032013	0.004044587667125195
1,11,14	0.0007515658898755405	0.0010417122956865835	0.47062204788728934	-0.003384778698220725	0.004887910477971806
1,11,15	-0.00035795372946953365	0.0010417857229126353	0.7311510446812569	-0.004494589876291135	0.003778682417352068
1,11,16	0.002926368779493692	0.001041804633884291	0.004971986781786699	-0.0012103424574421264	0.007063080016429511
1,12,13	-0.00042402594501654393	0.0010415288310467055	0.6839221322525011	-0.004559642046971858	0.00371159015693877
1,12,14	0.0002104546307783936	0.0010415228237018067	0.8398670697083781	-0.003925137617711175	0.004346046879267962
1,12,15	0.0007030536236777921	0.0010415623708118023	0.4996788322091247	-0.0034326956551886693	0.004838802902544253
1,12,16	-0.000868921852376461	0.0010415715034482972	0.40414823939736744	-0.005004707394356737	0.003266863689603815
1,13,14	-0.00042803352942099616	0.0010415347318993874	0.6811001510549023	-0.004563673061991612	0.00370760600314962
1,13,15	-0.0005914263230480925	0.0010415312933718095	0.570143553124385	-0.004727052202199241	0.0035441995561030556
1,13,16	-8.493971407900341e-06	0.0010415326746750764	0.9934931405852607	-0.0041441253353232356	0.004127137392507435
1,14,15	0.0007982549988529083	0.0010415375603648148	0.4434294260478523	-0.003337395764753102	0.004933905762458919
1,14,16	0.000675471654194619	0.001041537900579362	0.5166426605370044	-0.003460180460307034	0.004811123768696272
1,15,16	-0.0015790742330294323	0.0010415736171301665	0.1295125530396448	-0.005714868167841968	0.0025567197017831037
2,3,4	0.01611124322832999	0.0010428111531972457	9.492588256593764e-54	0.01197053538817638	0.0202519510684836
2,3,5	-0.014111138252103878	0.0010427575858854522	1.149270412977689e-41	-0.01825163339162877	-0.009970643112578986
2,3,6	0.001701092679092174	0.0010419442485580656	0.10255520897066389	-0.002436172928184359	0.005838358286368707
2,3,7	-0.023496981386671074	0.001042877077828616	5.723341315443725e-112	-0.027637950994870736	-0.01935601177847141
2,3,8	-0.006968057203902285	0.001042357141013451	2.3299145027582422e-11	-0.011106962290217678	-0.002829152117586894
2,3,9	-0.0012254163897812975	0.0010420389547828562	0.23960752445720937	-0.0053630580486624755	0.0029122252690998805
2,3,10	0.009203885494655435	0.0010426455948809733	1.0977544977533543e-18	0.0050638350397015225	0.013343935949609347
2,3,11	-0.020280021533616705	0.001043060163657899	5.908073869166215e-84	-0.0244217181238077	-0.01613832494342571
2,3,12	0.00040125598050271515	0.0010420921090314244	0.7002027959654042	-0.0037365967388500636	0.004539108699855494
2,3,13	-0.000526984150221432	0.0010419283139730614	0.6130144509240796	-0.004664186485772443	0.003610218185329579
2,3,14	-0.0003190329343981547	0.0010419306349707027	0.759457931311474	-0.00445624448597366	0.0038181786171773502
2,3,15	0.002778740978863525	0.001042107804720901	0.007667377198782576	-0.001359174063628274	0.006916656021355324
2,3,16	-0.009134977866351849	0.0010422005750127601	1.911585066945105e-18	-0.01327326127340674	-0.004996694459296958
2,4,5	-0.0028609679300463523	0.0010424738601903705	0.006063827097292982	-0.007000336475166806	0.0012784006150741017
2,4,6	0.0013724892678112742	0.0010419175748474343	0.18775211204687486	-0.0027646704257124205	0.005509648961334969
2,4,7	-0.0175091585243504	0.0010429147123297974	4.050496003247437e-63	-0.02165027756849887	-0.013368039480201932
2,4,8	-0.0025446366492251106	0.0010423695404552413	0.014641111604269763	-0.00668359097021322	0.001594317671762999
2,4,9	-0.001474705830597483	0.0010420173406609976	0.15700273178625979	-0.005612261665920327	0.002662850004725361
2,4,10	0.004115169103177748	0.0010426755396202205	7.930826093261481e-05	-2.500025385751732e-05	0.008255338460213013
2,4,11	0.014473390286489755	0.0010428068177847545	9.811929268375543e-44	0.01033269966103167	0.018614080911947842
2,4,12	-0.000761963869263341	0.001042091846342803	0.4646677358073774	-0.004899815545553978	0.003375887807027296
2,4,13	-0.0004959422591402345	0.0010419128533610028	0.6340816720102255	-0.004633083204978096	0.0036411986866976267
2,4,14	-0.0008245008319842321	0.0010418986088468845	0.42874590466928886	-0.004961585216889552	0.0033125835529210874
2,4,15	0.000383945439541602	0.001042041390528356	0.7125351720503671	-0.0037537058909953283	0.004521596770078532
2,4,16	-0.006315626079514469	0.0010422306451112373	1.3712758154278107e-09	-0.010454028886416722	-0.0021772232726122174
2,5,6	-0.00014410979697855424	0.0010418210577135668	0.8899840858638411	-0.004280886248290379	0.0039926666543332705
2,5,7	-0.008341341903868357	0.001042528672394581	1.2542492829870377e-15	-0.012480928092732853	-0.004201755715003861
2,5,8	0.007931801338406787	0.001042116476280261	2.752272675136737e-14	0.0037938518636079334	0.012069750813205642
2,5,9	0.0012437492280262773	0.0010419067552356295	0.23259038559996315	-0.002893367503882277	0.005380865959934832
2,5,10	-0.004664356965785587	0.0010423751962657145	7.66381476188578e-06	-0.008803333744395767	-0.0005253801871754069
2,5,11	-0.011151184877052005	0.001042785774998208	1.1488489126212034e-26	-0.01529179194756252	-0.007010577806541491
2,5,12	0.0008168106606886265	0.0010419492888317993	0.43308674216926735	-0.0033204749600878603	0.004954096281465113
2,5,13	-0.001492092172872439	0.0010418023650566315	0.1520852734464374	-0.0056287944009359905	0.0026446100551911125
2,5,14	-0.0007597310939160638	0.0010418049062532401	0.46585446997918434	-0.004896443412351864	0.0033769812245197364
2,5,15	0.0026416354809718993	0.0010419587670128998	0.011238808946373675	-0.001495687774978197	0.0067789587369219955
2,5,16	-0.0022438435970998753	0.0010420416386827008	0.03129772718929085	-0.006381495912987449	0.001893808718787698
2,6,7	-0.0010054917073317113	0.0010418947609419581	0.33451809606973415	-0.005142560813296019	0.0031315773986325965
2,6,8	-0.0008787185442260311	0.0010416911606598654	0.3989241284032825	-0.0050149792111151194	0.0032575421226630572
2,6,9	-0.0004985392326554497	0.001041634790289078	0.6322161168187436	-0.00463457606876218	0.0036374976034512802
2,6,10	0.001240934689217611	0.001041845035150663	0.233621418932978	-0.0028959369697082347	0.0053778063481434565
2,6,11	6.574850108028579e-05	0.0010420046328864173	0.9496885957379897	-0.0040717568752676285	0.0042032538774282
2,6,12	-0.00023121208098905374	0.0010416506400731539	0.824340280573946	-0.00436731185210083	0.003904887690122722
2,6,13	-0.0011459673859933323	0.0010416006925047805	0.27124989414819917	-0.00528186882945266	0.002989934057465995
2,6,14	0.0002658067149830948	0.00104160045595749	0.7985766703848705	-0.0038700937892139154	0.004401707219180105
2,6,15	-3.706424289248375e-05	0.0010416637266835132	0.9716159541518056	-0.004173215977228809	0.004099087491443842
2,6,16	0.0007470508092397672	0.0010416853999666719	0.4732805722761969	-0.0033891869835676646	0.004883288602047199
2,7,8	0.0010146174921954881	0.001042334358837967	0.33035386978226333	-0.0031241971325513315	0.005153432116942308
2,7,9	0.0029322169099357514	0.0010419824954252008	0.0048932934462560555	-0.001205200564821411	0.007069634384692914
2,7,10	-0.008952630851304183	0.0010426195267509953	9.152485497904647e-18	-0.013092577797094575	-0.0048126839055137914
2,7,11	-0.0221485564028252	0.0010428454198642713	9.406274466934593e-100	-0.026289400306211713	-0.018007712499438687
2,7,12	0.0015926394342810068	0.0010420564518469867	0.1264277047875444	-0.0025450717004879223	0.005730350569049936
2,7,13	0.00017684392073654851	0.0010418750498316944	0.8652181406914352	-0.003960146917989672	0.0043138347594627695
2,7,14	0.0009292091162113464	0.0010418731030638793	0.3724692296579164	-0.0032077739924510646	0.005066192224873757
2,7,15	-0.001332573337169055	0.0010420328469795627	0.20096484775986057	-0.0054701907436926454	0.0028050440693545356
2,7,16	0.007311830009868828	0.0010421628058343226	2.3057383303494316e-12	0.003173696573527996	0.01144996344620966
2,8,9	0.0011207872025672718	0.0010417715939490398	0.2819996451016465	-0.0030157928421402002	0.005257367247274744
2,8,10	0.010330030786188828	0.0010421684975784082	3.83636133505939e-23	0.006191874749543725	0.01446818682283393
2,8,11	-0.020963678806170227	0.001042362658163534	1.1147102022675246e-89	-0.025102605799526535	-0.01682475181281392
2,8,12	0.0012522744591933269	0.0010418658641971514	0.2293860012373854	-0.0028846799059788356	0.005389228824365489
2,8,13	0.00045418704787631705	0.0010416801779305842	0.6628281275686946	-0.003682030009704316	0.00459040410545695
2,8,14	0.00016154323853452904	0.001041668912611323	0.8767578187938182	-0.003974629087652846	0.004297715564721904
2,8,15	-0.0027901499145721207	0.0010418186499660006	0.007404851236218348	-0.006926916805400061	0.0013466169762558194
2,8,16	7.372247261341891e-05	0.0010420137933942195	0.9435969528181141	-0.00406381927751738	0.004211264222744218
2,9,10	-0.0022765955427982883	0.001041928596692261	0.02889380704903304	-0.006413799000947195	0.0018606079153506185
2,9,11	-0.0056117156389022885	0.0010421093416395145	7.271936930254988e-08	-0.009749636784062756	-0.0014737944937418205
2,9,12	0.0015303727259192929	0.0010417482355670822	0.14182616752471636	-0.002606114569266841	0.0056668600211054266
2,9,13	0.0004287311017705008	0.0010416193719789376	0.6806336287220245	-0.00370724451259202	0.004564706716133022
2,9,14	0.0004577497694865278	0.001041612491718692	0.6603278549997393	-0.0036781985253105526	0.004593698064283608
2,9,15	0.0018878193850518738	0.0010417034407528114	0.06995346216799728	-0.0022484900426094634	0.006024128812713211
2,9,16	-0.0014674988836509539	0.0010417529225916569	0.1589340604791325	-0.005604004789684645	0.0026690070223827373
2,10,11	-0.020433411150639687	0.0010426347824136917	2.893837528797429e-85	-0.024573418672347337	-0.016293403628932036
2,10,12	0.0014469228554670546	0.0010419893077986404	0.16495449689384623	-0.002690521669296262	0.005584367380230371
2,10,13	0.0008579788955587592	0.001041829522424871	0.41020921326947224	-0.0032788311667250555	0.004994788957842574
2,10,14	-0.0007790798883295577	0.001041817155061042	0.45457836415398256	-0.004915840843313157	0.003357681066654041
2,10,15	0.00014855531612086026	0.001041992246077418	0.8866313977457918	-0.003988900875715572	0.004286011507957293
2,10,16	-0.0030287692951733412	0.0010420868698716012	0.003656869369730519	-0.007166601211305816	0.0011090626209591331
2,11,12	-0.002214420352152288	0.0010421807294212194	0.03360759920680288	-0.006352624957982015	0.0019237842536774389
2,11,13	0.00034173078693425576	0.0010420044235525203	0.7429466105454752	-0.003795773758208022	0.004479235332076534
2,11,14	-0.002067675468588985	0.0010419966909590507	0.04722229773155405	-0.00620514930979191	0.00206979837261394
2,11,15	0.003537752538274725	0.0010421630849084787	0.0006876499169746827	-0.0006003820061905672	0.007675887082740017
2,11,16	-0.006745929588471236	0.001042246225196961	9.710385521207002e-11	-0.010884394259482736	-0.002607464917459736
2,12,13	-0.0006803189959899234	0.001041649832767913	0.5136833662260705	-0.004816415561521159	0.003455777569541312
2,12,14	0.0001613245671174702	0.0010416347624139534	0.8769193109889986	-0.003974712158305033	0.0042973612925399736
2,12,15	-9.14910120759678e-05	0.0010417353418361536	0.930015583803065	-0.004227927109907162	0.004044945085755226
2,12,16	-0.00027402892618644085	0.0010417840463094199	0.7925220492435129	-0.004410658415691368	0.0038626005633184864
2,13,14	-0.0008635848837619496	0.00104160760260966	0.40705746524365904	-0.004999513765291309	0.00327234399776741
2,13,15	0.0016307642469735838	0.0010416629295739487	0.11746152268883643	-0.002505384322266345	0.0057669128162135125
2,13,16	-0.001182022690253557	0.0010416721880489798	0.25649035358228656	-0.005318208022276499	0.002954162641769385
2,14,15	-3.9158530486442175e-05	0.0010416497017367566	0.9700124662655145	-0.004175254575730054	0.004096937514757169
2,14,16	0.0007354793569327132	0.0010416733698927166	0.48015614228609826	-0.0034007106678570946	0.004871669381722521
2,15,16	0.002038161978095577	0.0010417889239667313	0.05042176141610405	-0.0020984868792055323	0.006174810835396686
3,4,5	-0.08406237247060087	0.0010429411829243874	0.0	-0.08820359662198589	-0.07992114831921586
3,4,6	0.007597315401179902	0.001042108663274967	3.1280422309724105e-13	0.003459396949612988	0.011735233852746815
3,4,7	0.027403662394078366	0.0010434111965555333	3.2673776211774974e-151	0.02326057195163816	0.031546752836518574
3,4,8	0.019611131759903963	0.0010426545188264795	1.0499831562908703e-78	0.015471045870489065	0.02375121764931886
3,4,9	0.0018833705011169558	0.0010422139605477817	0.07075359243870685	-0.0022549660561076833	0.006021707058341595
3,4,10	0.026374564245688716	0.0010430239383473919	2.248585066634076e-140	0.02223301149594934	0.03051611699542809
3,4,11	0.06393777096728305	0.001043533147687248	0.0	0.059794196291426606	0.0680813456431395
3,4,12	0.003369506043246308	0.0010422935147230176	0.0012265466238461436	-0.0007691464010841659	0.007508158487576782
3,4,13	-0.0013028378008646535	0.0010421054160869975	0.21123196770846936	-0.005440743358767511	0.002835067757038204
3,4,14	0.0007994661478118656	0.0010420832970688318	0.44297698064281354	-0.003338351581732373	0.004937283877356104
3,4,15	0.0018907146514324548	0.0010422445118472325	0.06967019453737859	-0.00224774321635237	0.00602917251921728
3,4,16	0.003932837377575837	0.001042369891281635	0.00016145856853428273	-0.00020611833644455357	0.008071793091596228
3,5,6	0.0023715580740151856	0.001042231131455742	0.02288152253055403	-0.001766846664023396	0.006509962812053767
3,5,7	-0.03134270538487234	0.0010429598076742489	5.1202137514750397e-197	-0.03548400348986586	-0.02720140727987882
3,5,8	-0.0020372027122448687	0.0010426052227436328	0.05071105829512005	-0.0061770928608718915	0.0021026874363821537
3,5,9	0.002135134276326417	0.0010423214092842286	0.040520898815807865	-0.0020036289294088905	0.006273897482061724
3,5,10	-0.04036177341924777	0.0010426702520535524	0.0	-0.044501921780852854	-0.03622162505764269
3,5,11	-0.007144525433464214	0.0010432286777732765	7.532172136950136e-12	-0.011286891145496282	-0.0030021597214321457
3,5,12	0.0021664922914417604	0.0010423739713848513	0.037674598783924394	-0.0019724796235133096	0.00630546420639683
3,5,13	0.00015072620968330924	0.0010422305196340213	0.885012252002265	-0.003987676098984444	0.004289128518351062
3,5,14	-0.00036300315425455074	0.0010422273747895787	0.7276193983926744	-0.004501392975635416	0.0037753866671263146
3,5,15	0.0005709555195971862	0.0010423568783140113	0.5838625203137431	-0.003567948523613108	0.004709859562807481
3,5,16	-0.010800195351325738	0.0010424508506735525	3.9327038143561006e-25	-0.01493947253216955	-0.0066609181704819255
3,6,7	-0.0006205926811041103	0.0010422286455111518	0.5515463628310426	-0.004758987548160566	0.003517802185952345
3,6,8	-0.0008355319217041857	0.0010418775677243307	0.42258589552669323	-0.004972532758269178	0.003301468914860807
3,6,9	-0.0017535874687351523	0.0010417468465864878	0.09231918747477894	-0.0058900692486726055	0.002382894311202301
3,6,10	-0.0029013979717281008	0.001041921139669545	0.0053599533183247465	-0.007038571820151095	0.0012357758766948935
3,6,11	0.004893383985693356	0.0010424243097464463	2.6816799898809026e-06	0.0007542121913565996	0.009032555780030113
3,6,12	-0.0010443387262110823	0.0010417472021298736	0.3161119599064606	-0.005180821917910656	0.0030921444654884913
3,6,13	0.00021253587620718908	0.0010417045000396896	0.8383330331081723	-0.003923777757582427	0.004348849509996805
3,6,14	-0.0007612411796490276	0.001041686479772138	0.4649176993377847	-0.004897483260058242	0.0033750009007601865
3,6,15	-0.001752713261418199	0.0010417483952936582	0.09248215377787697	-0.005889201190833342	0.002383774667996944
3,6,16	-0.0009299905034077897	0.001041762387037164	0.3720165113730074	-0.0050665339900749385	0.003206552983259359
3,7,8	-0.01655389986179236	0.0010426985120976012	1.1961577951410284e-56	-0.02069416043603115	-0.012413639287553572
3,7,9	-0.007898922058990697	0.0010423215942650275	3.5514320368947686e-14	-0.012037685999232384	-0.00376015811874901
3,7,10	-0.008849928550852574	0.0010431303194972806	2.2219329810658118e-17	-0.012991903710018658	-0.004707953391686489
3,7,11	-0.014481704431109434	0.0010434738897192734	9.936204470328853e-44	-0.01862504381035265	-0.010338365051866218
3,7,12	-0.005381999698472167	0.0010423810789030768	2.4352583116502984e-07	-0.009520999835369772	-0.0012429995615745627
3,7,13	0.0015105670966347202	0.0010422331380258642	0.1472430904254188	-0.002627845608925701	0.005648979802195141
3,7,14	-0.0007362754305259497	0.0010422115738143477	0.47990792213345757	-0.004874602510707874	0.0034020516496559745
3,7,15	-0.0036081254252832273	0.0010423538081192607	0.0005374953192324152	-0.007747017277619425	0.0005307664270529705
3,7,16	-0.012159806897974048	0.0010424526552518193	2.081803000266532e-31	-0.01629909124428723	-0.008020522551660865
3,8,9	-8.640297619725602e-05	0.0010419748297852754	0.9339135646902568	-0.004223790012868633	0.004050984060474121
3,8,10	-0.021996637216225565	0.0010423362412730597	1.6295608162725227e-98	-0.026135459315589166	-0.017857815116861964
3,8,11	-0.04321897945487132	0.0010427659990191235	0.0	-0.047359508000568026	-0.03907845090917461
3,8,12	-0.0008096367624002279	0.0010420397390449574	0.4371775993226701	-0.004947281535364163	0.0033280080105637074
3,8,13	0.0020211826302428872	0.001041875708597559	0.052390697753994096	-0.0021158108242560663	0.006158176084741841
3,8,14	-0.0007192908285692072	0.0010418590090122098	0.48995042271532185	-0.004856217973742862	0.0034176363166044475
3,8,15	0.00015888794801604622	0.0010419778228281595	0.8788034242928771	-0.003978510973181209	0.004296286869213302
3,8,16	-0.0030797902885749476	0.0010421091117616846	0.0031243652841580326	-0.007217710520955638	0.0010581299438057424
3,9,10	0.011253663938568952	0.0010420198817193563	3.641349420017162e-27	0.007116098013422811	0.015391229863715094
3,9,11	-0.014952726632787055	0.0010425299977085214	1.4006382404696015e-46	-0.019092318084097976	-0.010813135181476134
3,9,12	0.0016398741577282275	0.0010418494274339238	0.11549175855901854	-0.002497014941710868	0.005776763257167323
3,9,13	0.0004603760421026705	0.0010417415375150968	0.658541927020868	-0.0036760846570154356	0.004596836741220777
3,9,14	1.7020475754382473e-05	0.0010417206748849616	0.986964147713048	-0.0041193573837662555	0.00415339833527502
3,9,15	-0.0015008684954224381	0.001041796214958213	0.14968724912364617	-0.005637546303186435	0.002635809312341559
3,9,16	-0.0013862028762052971	0.0010418259272137475	0.18334148999352567	-0.005522998662923647	0.0027505929105130526
3,10,11	0.04447774482904046	0.0010431041153818534	0.0	0.04033587371899761	0.04861961593908331
3,10,12	0.007400036311465101	0.0010420743535917618	1.2492828361180558e-12	0.0032622540939361575	0.011537818528994045
3,10,13	-0.00024269755152707493	0.001041919628601566	0.8158141232649672	-0.004379865399926951	0.0038944702968728012
3,10,14	0.0021279811145607525	0.0010419024523712081	0.041116057728059	-0.0020091185318914465	0.006265080761012952
3,10,15	0.0029235493788883522	0.001042051844413149	0.005024303195873262	-0.0012141434610653014	0.007061242218842006
3,10,16	0.00013023868176995773	0.0010421239800524715	0.9005443194579104	-0.004007740588383816	0.004268217951923731
3,11,12	-0.009657793493805333	0.0010425662643070187	2.0385853693642602e-20	-0.013797528949510791	-0.005518058038099875
3,11,13	0.002296540580567611	0.0010424279191693303	0.027593487474857036	-0.0018426455457654888	0.006435726706900711
3,11,14	-0.0015219267618939245	0.0010424097796198077	0.1442928123189127	-0.005661040861211687	0.002617187337423838
3,11,15	0.004090506126781062	0.0010425411788021588	8.733076648314893e-05	-4.912972148700921e-05	0.008230141975049133
3,11,16	-0.02003131030588688	0.001042627082650775	5.008355471427524e-82	-0.02417128725401601	-0.015891333357757748
3,12,13	-0.00039568821161735726	0.0010417545340176166	0.7040738959247292	-0.004532200516167294	0.0037408240929325794
3,12,14	0.00018961220790651538	0.001041730672824459	0.8555703335606093	-0.003946805350601168	0.004326029766414199
3,12,15	-0.0016399970818563071	0.0010418239198024014	0.11545557626968465	-0.005776784897712556	0.002496790733999942
3,12,16	-0.0002481527913837651	0.0010418569716083145	0.8117398063878739	-0.0043850718466033976	0.0038887662638358677
3,13,14	-0.0009609719218709855	0.001041705495627207	0.35627205473304524	-0.005097289508856755	0.003175345665114784
3,13,15	-0.002621189751861458	0.001041746233395826	0.011866927387494232	-0.006757669096992404	0.0015152895932694877
3,13,16	-0.0002956774309835026	0.00104175087061233	0.7765435934984389	-0.00443217518918826	0.0038408203272212544
3,14,15	0.0018823052099481413	0.0010417300143463265	0.07078214459268607	-0.002254109733929312	0.006018720153825595
3,14,16	0.0001624770791254105	0.001041752288844896	0.8760609693291133	-0.003974026310479325	0.004298980468730146
3,15,16	-0.0027195283677447077	0.0010418354226588054	0.009047776997020198	-0.006856361858186954	0.0014173051226975385
4,5,6	-0.004840544099149708	0.001041972498223864	3.3984073207789694e-06	-0.00897792187785085	-0.0007031663204485651
4,5,7	-0.014348833631376581	0.0010428911968437596	5.209968106212773e-43	-0.01848985930218789	-0.010207807960565272
4,5,8	-0.05115665585138239	0.0010422795674453161	0.0	-0.05529525291502198	-0.0470180587877428
4,5,9	-0.006023058369761497	0.001042072236271554	7.510194889872414e-09	-0.010160832180011369	-0.0018852845595116264
4,5,10	-0.026303727765534253	0.0010426287831218205	9.696642378130598e-140	-0.030443711465752452	-0.022163744065316054
4,5,11	-0.05365793223054362	0.0010430980858257286	0.0	-0.05779977939892623	-0.04951608506216101
4,5,12	-0.013823443984061056	0.001042089909591887	4.174375140987565e-40	-0.017961287970062155	-0.009685599998059957
4,5,13	-5.851270757782981e-05	0.0010419529950779138	0.9552171024493314	-0.004195813044808294	0.004078787629652634
4,5,14	-3.4574675877261166e-05	0.0010419519097335126	0.9735290766870817	-0.0041718707035124	0.004102721351757877
4,5,15	-0.006925056157062948	0.0010420934566699829	3.0498544885036595e-11	-0.011062914227506888	-0.0027871980866190083
4,5,16	0.002435778179399174	0.0010421458723427301	0.01942816269176094	-0.001702288018840893	0.006573844377639241
4,6,7	0.0005779984723625325	0.0010422247978277132	0.5791829884142918	-0.0035603811166323752	0.00471637806135744
4,6,8	0.001016179590764255	0.0010418268222388317	0.3293743260518234	-0.003120619749845297	0.005152978931373807
4,6,9	-0.001029104366587299	0.0010417226678581457	0.32321173810474746	-0.005165490139640184	0.003107281406465586
4,6,10	0.0004245354099845326	0.0010420756804842032	0.6837199928194437	-0.003713252076258615	0.00456232289622768
4,6,11	-0.002021188061368355	0.001042253232278664	0.05247553013245245	-0.006159680555517395	0.002117304432780685
4,6,12	-0.0003489310823210738	0.001041726131159244	0.7376603575568306	-0.004485330607162062	0.0037874684425199144
4,6,13	0.0009150067121204194	0.0010416825919996717	0.3797338163544106	-0.0032212199310450683	0.005051233355285907
4,6,14	-0.00037786388353919925	0.0010416591197958357	0.7167913980922689	-0.004513997325228896	0.003758269558150498
4,6,15	0.0006802084013934583	0.0010417265119348194	0.5137827984424356	-0.003456192635399532	0.004816609438186448
4,6,16	-0.000858008572868503	0.0010417469998019434	0.41015594073815176	-0.00499449096118115	0.003278473815444144
4,7,8	-0.0015043029600686861	0.001042659885187337	0.14909440670811652	-0.005644410157783181	0.0026358042376458096
4,7,9	-0.004046001656244365	0.0010423262888842163	0.00010383266540618128	-0.00818478423748967	9.278092500094193e-05
4,7,10	-0.014565098915788	0.0010429211286675404	2.9390057944725543e-44	-0.018706243437396998	-0.010423954394179001
4,7,11	0.02429877375324367	0.0010433549409274928	1.829108582086411e-119	0.020155906685974865	0.028441640820512478
4,7,12	0.0005482823748482833	0.0010424055119817718	0.5989053342724404	-0.003590814778887127	0.0046873795285836935
4,7,13	-0.00016357234505452387	0.0010422167772123256	0.8752874613774486	-0.00430192008645659	0.003974775396347542
4,7,14	-0.0010655818738834373	0.0010421952259175712	0.3065767105290181	-0.0052038440411958115	0.003072680293428937
4,7,15	0.001525828309178785	0.001042337416990124	0.14323921246533985	-0.0026129984586244015	0.005664655076981971
4,7,16	-0.008125824660749948	0.001042465678407717	6.5484486099323485e-15	-0.012265160718327978	-0.0039864886031719185
4,8,9	0.0004428818567751751	0.0010419188979801377	0.6707917191159094	-0.003694283090533868	0.004580046804084218
4,8,10	-0.007967713220435943	0.0010424732483502168	2.1505707997158107e-14	-0.012107079336112377	-0.0038283471047595103
4,8,11	0.008547880589741572	0.0010426861672054206	2.4907828829232446e-16	0.0044076690335744465	0.012688092145908698
4,8,12	-6.255931745541982e-06	0.0010419979582687842	0.9952097203609209	-0.004143734805076607	0.0041312229415855235
4,8,13	-0.0011678634665487162	0.0010418261677472957	0.2623017956292898	-0.005304660208357684	0.002968933275260251
4,8,14	-0.00024604315410373806	0.0010418024171041517	0.8133010192445227	-0.004382745588833256	0.00389065928062578
4,8,15	-0.000600589899628098	0.0010419321282100545	0.5643337844447333	-0.004737807380434291	0.003536627581178095
4,8,16	-0.001227410076656256	0.00104211091563996	0.23887625712801988	-0.00536533747172685	0.002910517318414338
4,9,10	-0.0004485540352362604	0.0010421811036497803	0.6669066610163341	-0.004586760127021649	0.003689652056549128
4,9,11	0.00114484029001797	0.0010423741639052789	0.2720773874857698	-0.0029941323893812105	0.00528381296941715
4,9,12	-0.0012993267001779364	0.001041821640861525	0.21234049845436856	-0.005436105467005197	0.002837452066649324
4,9,13	0.0007813104046373396	0.0010417157337804192	0.4532438523892114	-0.0033550478351561256	0.004917668644430805
4,9,14	-0.0005428276807886503	0.0010416997006427624	0.6023002979900143	-0.004679122257531913	0.0035934668959546126
4,9,15	-0.00010908338922900607	0.0010417787316081737	0.9166072203917526	-0.004245691775560026	0.004027524997102014
4,9,16	7.063793731159479e-05	0.0010418024764515168	0.9459422087666631	-0.004066064733069507	0.004207340607692697
4,10,11	0.012359248975655516	0.0010429486746089999	2.320795707008013e-32	0.008217995076912014	0.01650050287439902
4,10,12	-0.0027638429368865257	0.001042235311445097	0.008007408780154752	-0.006902264272479364	0.0013745783987063123
4,10,13	0.00029701193077472793	0.001042065811277519	0.7756280387664575	-0.0038407363676429265	0.004434760229192382
4,10,14	0.0012837911845940304	0.001042040214199383	0.21795451760567267	-0.002853855475073599	0.00542143784426166
4,10,15	-0.0005952879662443136	0.0010422059097491435	0.5678791500168956	-0.0047335925560269675	0.0035430166235383403
4,10,16	-0.001055578248234764	0.0010422719807913763	0.31117553937557485	-0.005194145187419553	0.0030829886909500247
4,11,12	0.0039522872658481825	0.0010424283775542402	0.00014992565692152702	-0.00018690068060161266	0.008091475212297979
4,11,13	-0.0019163243344495085	0.0010422554139217055	0.06597399964300539	-0.006054825491285382	0.002222176822386365
4,11,14	0.0010881692622786467	0.0010422370396645385	0.2964566303326507	-0.0030502589355842855	0.005226597460141579
4,11,15	0.0022556396495351135	0.0010423802795774604	0.030473334707330355	-0.0018833573134667807	0.006394636612537008
4,11,16	0.003964102669666813	0.0010424664420564226	0.0001433090753691454	-0.00017523642014401642	0.008103441759477643
4,12,13	0.0018721846913192508	0.0010417351580730662	0.07231196227485344	-0.0022642506768407516	0.006008620059479253
4,12,14	-0.00039785539438619635	0.001041708591545219	0.7025176828381015	-0.00453418527438585	0.003738474485613457
4,12,15	0.0002168939739505913	0.0010418066327836917	0.8350810996833431	-0.003919825200048803	0.004353613147949986
4,12,16	0.000261936117673188	0.00104181149586369	0.8014873519357808	-0.0038748023662400046	0.0043986746015863805
4,13,14	-0.0006100444593417631	0.0010416750805511755	0.5581209327306784	-0.004746241276671975	0.003526152357988449
4,13,15	-0.0005056969520922747	0.0010417307042569198	0.6273664936631995	-0.004642114635409361	0.003630720731224811
4,13,16	-0.0009953884274156721	0.0010417284892611893	0.3393203847254407	-0.00513179731561184	0.003141020460780496
4,14,15	-3.245640525931237e-05	0.0010417074896479864	0.9751444881675453	-0.004168781909937034	0.004103869099418409
4,14,16	0.00023763537972134804	0.0010417261117208248	0.8195560646254643	-0.003898764067935181	0.004374034827377877
4,15,16	-0.001947945302374101	0.001041820931225324	0.06152308451533383	-0.0060847212514369255	0.0021888306466887235
5,6,7	0.0002569147090757829	0.0010420641436687651	0.8052619149109198	-0.003880826967739657	0.004394656385891223
5,6,8	-0.00029573120398573155	0.0010417452174007582	0.776502854158582	-0.00443220651488792	0.0038407441069164567
5,6,9	-0.0006108445473877906	0.0010416617910200205	0.5575997637672291	-0.004746988595752426	0.003525299500976845
5,6,10	0.002761128365529119	0.0010418608899762688	0.008046678069186745	-0.0013758062484202603	0.006898062979478498
5,6,11	0.0020810198563887272	0.0010421752308251197	0.045850744280986185	-0.0020571629160726955	0.00621920262885015
5,6,12	-0.0006137262389841356	0.0010416879149635374	0.5557525861782393	-0.004749974018132054	0.0035225215401637824
5,6,13	-0.0012242928019430797	0.0010416413667153788	0.23985929554604554	-0.00536035575117668	0.00291177014729052
5,6,14	0.0005043004243755912	0.0010416377690689966	0.6282868896921641	-0.0036317482396228196	0.004640349088374002
5,6,15	0.00021018401253213373	0.0010416850874788407	0.8400947746902555	-0.0039260525394745945	0.004346420564538862
5,6,16	0.000650943804977799	0.0010417050458481414	0.5320500891638964	-0.0034853719960626457	0.004787259606018244
5,7,8	-0.009089933627187718	0.001042377983004425	2.8385213062175037e-18	-0.013228921471148312	-0.004950945783227124
5,7,9	-0.0013567887353602304	0.0010421479433756473	0.19294996526645927	-0.005494863157085644	0.002781285686365183
5,7,10	0.00019663079848614498	0.0010427723030512993	0.8504340424795275	-0.003943922778737482	0.004337184375709772
5,7,11	-0.0343315509098016	0.0010432078333788423	1.594230455442019e-235	-0.038473833854645	-0.030189267964958192
5,7,12	0.000552122869215306	0.0010421821938333964	0.5962692726298442	-0.00358608755138056	0.004690333289811172
5,7,13	-0.0010621263989001872	0.001042052247089371	0.308081529077814	-0.00519982083776711	0.0030755680399667355
5,7,14	0.000792248810989396	0.0010420476806119905	0.4470896138556931	-0.0033454274956887468	0.004929925117667539
5,7,15	0.0002293631464862552	0.0010421805520145445	0.8258095243126966	-0.003908840754911795	0.004367567047884305
5,7,16	-0.004278038922208818	0.0010422502616492953	4.0549228054143286e-05	-0.008416519620829704	-0.00013955822358793172
5,8,9	0.003343624512899466	0.001041799302714535	0.0013304595468850552	-0.0007930655554706555	0.007480314581269587
5,8,10	0.004474546121470916	0.0010421077669490145	1.7594514025516783e-05	0.00033663122896058443	0.008612461013981249
5,8,11	-0.038957906146862245	0.001042533628308155	2.587527085213108e-302	-0.043097512014256385	-0.034818300279468105
5,8,12	0.004762861303852896	0.0010418642611968335	4.8520911448591436e-06	0.0006259133037411421	0.00889980930396465
5,8,13	-0.0019297936477575897	0.0010417410109409251	0.06396306943334032	-0.0060662522559987485	0.002206664960483569
5,8,14	0.00026239922878848465	0.0010417270193533398	0.8011279405372171	-0.0038740038228197854	0.004398802280396755
5,8,15	0.0018156246517190971	0.001041815332059852	0.08138199696796053	-0.0023211290646429194	0.005952378368081114
5,8,16	0.003768222004051955	0.0010419576888571148	0.00029886573565508084	-0.00036909697084677555	0.007905540978950685
5,9,10	-0.0018945801134411175	0.0010419287899817054	0.06901701835342695	-0.0060317843390876825	0.0022426241122054475
5,9,11	-0.011667760705786538	0.0010422587233366108	4.611180107779594e-29	-0.015806275003372013	-0.007529246408201064
5,9,12	0.0039021233610645866	0.0010417666346703481	0.00018006634569958657	-0.00023443699175131148	0.008038683713880484
5,9,13	-0.0006336311464535498	0.0010416633712643044	0.5429987824864599	-0.004769781469520826	0.003502519176613726
5,9,14	0.0007878122119929359	0.0010416584462482807	0.44946875782380014	-0.003348318555230121	0.004923942979215993
5,9,15	4.244748418884975e-05	0.0010417160301004458	0.967497199683231	-0.004093911932207545	0.004178806900585245
5,9,16	-0.0008151941219664526	0.0010417337305917728	0.4339025855236872	-0.0049516238220024	0.0033212355780694947
5,10,11	-0.06727379596244103	0.0010426275826010097	0.0	-0.07141377489573099	-0.06313381702915107
5,10,12	-0.002192838591680054	0.0010419773769794185	0.03533903042976673	-0.006330235742538191	0.001944558559178083
5,10,13	2.1533069550031328e-05	0.001041846872055431	0.9835104245760493	-0.004115345883204569	0.0041584120223046315
5,10,14	-0.0005289799091630007	0.0010418441927955745	0.6116415465942056	-0.0046658482233352845	0.003607888405009283
5,10,15	-0.0022603581784613512	0.0010419768281740138	0.03006379039567107	-0.006397753150168608	0.001877036793245906
5,10,16	-0.004034807150460239	0.001041988170112196	0.00010795722544661999	-0.008172247157792797	0.0001026328568723171
5,11,12	-0.002639089452777332	0.001042322592323937	0.011346016816993557	-0.006777857356028369	0.0014996784504737052
5,11,13	0.0008535401330600247	0.0010421823868690325	0.412793469056719	-0.0032846710540256983	0.004991751320145748
5,11,14	-0.0016124070392298726	0.0010421813711766665	0.12183298613769597	-0.005750614193288782	0.002525800114829037
5,11,15	0.0029921589274674327	0.0010422947329452297	0.004096460999455719	-0.0011464983540785331	0.0071308162090133985
5,11,16	-0.013146838673563144	0.0010424024236410964	2.005110899679539e-36	-0.017285923564372127	-0.009007753782754159
5,12,13	-0.000983060534360444	0.0010416898928844126	0.34531785902870693	-0.005119316167272152	0.0031531950985512645
5,12,14	0.000894194362934829	0.0010416862186843111	0.39066910328107174	-0.003242046680768546	0.005030435406638204
5,12,15	0.0008146776934040111	0.0010417638231008826	0.43420713518444265	-0.0033218714954655745	0.004951226882273597
5,12,16	0.0007696762438500204	0.0010417929571415595	0.4600314269559642	-0.003366988628046426	0.004906341115746467
5,13,14	9.027429331717046e-05	0.0010416373935648428	0.9309374706628852	-0.004045772879660562	0.004226321466294903
5,13,15	-0.00010055246773359866	0.001041679153869862	0.9231005808891619	-0.004236765459059043	0.004035660523591846
5,13,16	-0.0011178488795720865	0.001041680843919067	0.2832212364959393	-0.005254068581604424	0.003018370822460251
5,14,15	0.000836543334445188	0.0010416739736131956	0.4219338499981494	-0.0032996490875477113	0.004972735756438087
5,14,16	0.0002551790767002012	0.0010416972968831661	0.8064845520053632	-0.003881105955394277	0.004391464108794679
5,15,16	-0.0005242445739586203	0.0010417639200922249	0.6148058712356658	-0.004660794147953365	0.0036123050000361244
6,7,8	-0.0009916675758752502	0.001041828540807184	0.34117520444345906	-0.005128473740433154	0.0031451385886826534
6,7,9	-0.00016000099498044568	0.001041702951196102	0.8779290933849606	-0.004296308478750697	0.003976306488789805
6,7,10	-5.6974399475093196e-05	0.001042072794639112	0.9563982710946733	-0.004194750426844447	0.00408080162789426
6,7,11	-0.000577572497743541	0.001042275696834591	0.5794811630362913	-0.004716154192283819	0.0035610091967967373
6,7,12	0.0005466272373654407	0.001041705693910677	0.5997640591145299	-0.003589691136947848	0.004682945611678729
6,7,13	-0.0015161616293870792	0.0010416708452322325	0.14553328189887296	-0.005652341629464906	0.002620018370690748
6,7,14	-0.00024289691783052451	0.0010416598097793906	0.8156203910913586	-0.004379033099249564	0.0038932392635885153
6,7,15	0.0012902238590397908	0.0010417144333996781	0.21551379409715296	-0.0028461292173099263	0.005426576935389508
6,7,16	0.001395238563061299	0.0010417152068921633	0.18045617534158545	-0.0027411175846080793	0.005531594710730677
6,8,9	-0.001200250835806025	0.0010415902784618577	0.249191784648727	-0.005336110928049415	0.002935609256437365
6,8,10	-0.0029313414223510435	0.0010416876876883877	0.004893963802419656	-0.00706758829905369	0.0012049054543516033
6,8,11	0.0007223517833920782	0.0010418843918077079	0.4881158230830084	-0.003414676149675915	0.0048593797164600714
6,8,12	-0.0013734956426637423	0.001041612388782028	0.18729945260335149	-0.005509443528728474	0.0027624522434009898
6,8,13	-0.000484065707694983	0.0010415787774600397	0.6421176211061693	-0.0046198801327164115	0.0036517487173264454
6,8,14	-0.00021504957999244506	0.0010415562566641649	0.8364248672895376	-0.004350774581309725	0.0039206754213248355
6,8,15	6.943993635864787e-05	0.001041595500829828	0.9468471018569327	-0.004066440892429354	0.004205320765146649
6,8,16	0.00023972497764977382	0.0010416300837620732	0.8179805733863137	-0.003896293170170771	0.004375743125470319
6,9,10	-0.0009519936078912754	0.0010416348749104991	0.3607509403101614	-0.0050880307800057105	0.0031840435642231596
6,9,11	0.0007869224401293937	0.001041765685850991	0.45002758382180696	-0.003349634145193475	0.004923479025452262
6,9,12	-0.0001767611436434193	0.0010415785350237198	0.8652426412762375	-0.004312574606018861	0.003959052318732023
6,9,13	-0.00014478897158315754	0.001041544583016409	0.8894397623771373	-0.004280467620150338	0.003990889676984023
6,9,14	-0.00018681971548632423	0.0010415236676610273	0.8576465437857987	-0.00432241531509901	0.003948775884126361
6,9,15	0.0008431689597597908	0.001041562273627947	0.4182172395592708	-0.003292579933217096	0.0049789178527366775
6,9,16	-0.00012224456320933733	0.0010415546894753244	0.9065692918357056	-0.0042579633416634476	0.004013474215244773
6,10,11	-0.0008198125482375661	0.001042092781027567	0.43146149189783656	-0.004957667935896766	0.003318042839421634
6,10,12	-0.0004297126192733883	0.0010416502967941583	0.6799519593180432	-0.004565811027321465	0.0037063857887746883
6,10,13	-9.14792768047356e-05	0.0010416068430201617	0.9300159270189987	-0.004227405142219258	0.004044446588609787
6,10,14	-0.0002851528643922855	0.0010415823766978462	0.7842631183861083	-0.004420981580967998	0.0038506758521834267
6,10,15	-0.0014193757765598967	0.0010416376555816048	0.17300126691846765	-0.0055554239899320065	0.002716672436812213
6,10,16	0.0009885911164963686	0.001041639035044248	0.34258729719192405	-0.003147462574331332	0.005124644807324069
6,11,12	0.0012208245673157453	0.0010417822711299653	0.24125707550316886	-0.0029157978734541713	0.005357447008085662
6,11,13	0.000278619342419819	0.001041734854131992	0.7891181441631915	-0.0038578148188762327	0.004415053503715871
6,11,14	-0.00011511764466507965	0.0010417124367264035	0.912006790850216	-0.004251462792790537	0.004021227503460378
6,11,15	2.2185585907132793e-05	0.0010417697918747085	0.9830095587431417	-0.004114387303273387	0.004158758475087653
6,11,16	-0.0004092931917753992	0.001041799842908974	0.6944159136287942	-0.0045459854051046935	0.003727399021553895
6,12,13	0.0002008447178057527	0.0010415548540965984	0.8470914532096394	-0.003934874714312828	0.004336564149924334
6,12,14	0.00032547539134803946	0.0010415463328628893	0.7546673129849961	-0.003810210205364083	0.004461160988060162
6,12,15	-0.00010947944819221511	0.0010415655798294101	0.9162884849088364	-0.004245241469159034	0.004026282572774604
6,12,16	-0.0002708813572111996	0.0010415771854109183	0.7948118271276747	-0.0044066894606563205	0.0038649267462339213
6,13,14	-4.773851241767109e-05	0.0010415414910896156	0.9634423217298566	-0.004183404883818966	0.004087927858983624
6,13,15	-0.0011569922041194504	0.0010415529688971477	0.26664414037904827	-0.005292704150644765	0.0029787197424058645
6,13,16	0.0005427049783469397	0.0010415449861850103	0.6023284419810991	-0.003592975271088608	0.0046783852277824875
6,14,15	-0.0005636880597224281	0.0010415350357724346	0.5883654940772216	-0.004699328798886879	0.0035719526794420232
6,14,16	0.000951744807766608	0.0010415357141203472	0.36083074786478	-0.003183898624925345	0.005087388240458561
6,15,16	3.2108012860163765e-05	0.0010415622219148671	0.9754077780482435	-0.004103640674778725	0.004167856700499052
7,8,9	0.0013026564128046265	0.0010418919373140064	0.21120199874694215	-0.002834401481332533	0.005439714306941786
7,8,10	-0.009759064566780381	0.0010424580031272491	8.102438779658333e-21	-0.01389837014799276	-0.005619758985568
7,8,11	0.017021754324532602	0.001042617733817711	8.556121088210048e-60	0.012881814497972653	0.02116169415109255
7,8,12	-0.004589405942508318	0.001041979418959082	1.0619866104178771e-05	-0.008726811201489557	-0.0004520006835270797
7,8,13	0.0018312478520251209	0.0010418219869897584	0.0787973105027106	-0.0023055322891793566	0.005968027993229598
7,8,14	-0.00038699795247146285	0.0010418052653552742	0.7102897790027498	-0.004523711696799769	0.003749715791856843
7,8,15	-0.0012614347940269575	0.0010419121851671846	0.2260179839879819	-0.005398573086656351	0.0028757034986024357
7,8,16	-0.0008317720924957556	0.0010420608226459297	0.4247579160326589	-0.004969500582469791	0.00330595639747828
7,9,10	-0.011297525451445904	0.0010421616670866906	2.33962740787967e-27	-0.0154356543661423	-0.007159396536749507
7,9,11	0.004524072465168475	0.0010423974062509043	1.4266167237944237e-05	0.00038500749699537946	0.008663137433341572
7,9,12	0.0011407568756041514	0.0010418085122389095	0.27353067244651036	-0.0029959697611797852	0.005277483512388088
7,9,13	-0.00040192282109656474	0.0010417025145231802	0.699621927371193	-0.0045382285709622775	0.003734382928769148
7,9,14	-0.00014954273226551462	0.0010416821555530808	0.8858492647416211	-0.004285767642425161	0.003986682177894132
7,9,15	0.002612516487557375	0.0010417536006127953	0.012150804211582815	-0.0015239921107062897	0.00674902508582104
7,9,16	0.0008229759737500529	0.001041764274579826	0.429540715370047	-0.00331357500781459	0.004959526955314696
7,10,11	-0.060364129172089206	0.001042986209732727	0.0	-0.06450553211218178	-0.05622272623199663
7,10,12	-0.007971291960440503	0.0010422211822850944	2.064143521815048e-14	-0.012109657193139334	-0.003832926727741673
7,10,13	0.002178912533755392	0.0010420670717460312	0.03653632782400576	-0.001958840769625851	0.006316665837136635
7,10,14	-0.0017758129406302	0.0010420477607310452	0.088356688183738	-0.0059134895654384245	0.002361863684178025
7,10,15	-0.005443962385698546	0.0010421906802630392	1.760556679348925e-07	-0.009582206503503776	-0.001305718267893316
7,10,16	-0.006534868491841182	0.0010422666335324236	3.636959001589826e-10	-0.010673414198574628	-0.0023963227851077342
7,11,12	0.0042704335843426686	0.0010424280450130458	4.197450483965045e-05	0.00013124695831980438	0.008409620210365534
7,11,13	-0.00047341273766896615	0.0010422747217899845	0.6496784628458858	-0.004611990560583174	0.003665165085245242
7,11,14	-0.0013317886584391283	0.001042267408535591	0.2013316350057514	-0.005470337442490728	0.002806760125612471
7,11,15	0.004167033122968872	0.0010424142675597428	6.409232516845283e-05	2.7901203312289194e-05	0.008306165042625454
7,11,16	-0.010964030694981378	0.0010424707336116952	7.549430787032325e-26	-0.015103386825343134	-0.00682467456461962
7,12,13	-0.0013304751490704671	0.0010417117446878345	0.20153603536824166	-0.005466817549306703	0.002805867251165769
7,12,14	-0.0006208218317609124	0.0010416917099819313	0.5511943111961037	-0.004757084679852396	0.003515441016330571
7,12,15	0.004280144017197228	0.00104178624662854	3.987964689793562e-05	0.00014350579084804714	0.008416782243546408
7,12,16	0.0034834246814702194	0.0010417905435497722	0.000827201007025641	-0.0006532306067365953	0.007620079969677034
7,13,14	-0.00019990671461782988	0.0010416760698926226	0.8478143289057837	-0.004336107460342818	0.003936294031107158
7,13,15	0.0012056074845523505	0.001041716562863163	0.24714285852134718	-0.002930754047293954	0.005341969016398655
7,13,16	-0.0018142931955325552	0.0010416932304615541	0.08156983966282995	-0.005950562081018131	0.0023219756899530205
7,14,15	-0.0008575877858833167	0.0010417007851126598	0.410364793902246	-0.004993886668749498	0.0032787110969828646
7,14,16	0.00016539419461252675	0.0010417005458074394	0.873848022461106	-0.003970903738040378	0.004301692127265432
7,15,16	0.0031871062162710864	0.001041779242590161	0.002219542203729301	-0.0009495041990247319	0.007323716631566905
8,9,10	-0.00948649306718697	0.0010417612466824661	8.772250888862315e-20	-0.01362303202582848	-0.00534995410854546
8,9,11	0.002563418101274596	0.0010419532654192395	0.013888445442350102	-0.0015738833094047317	0.006700719511953924
8,9,12	0.005546571329895965	0.0010416923690774738	1.0153309045890081e-07	0.0014103058647226907	0.00968283679506924
8,9,13	0.0010973424822518446	0.001041597033152364	0.2921071266090903	-0.003038544430955102	0.005233229395458791
8,9,14	-0.0007535648070688804	0.0010415730463477343	0.4693832716218853	-0.0048893564754659835	0.0033822268613282226
8,9,15	0.0022181761252621484	0.001041613777520931	0.03321204389356217	-0.001917777275091576	0.006354129525615873
8,9,16	-0.0024465874138166373	0.0010416850944044947	0.018843036513554203	-0.006582823993323176	0.0016896491656899016
8,10,11	-0.06769913214937472	0.0010424033771195408	0.0	-0.07183822082617665	-0.06356004347257278
8,10,12	0.007881864306836784	0.0010418298346488916	3.9187969211327034e-14	0.003745053004799782	0.012018675608873786
8,10,13	0.001120216991104938	0.0010416864138364265	0.2822051946481748	-0.0030160248274922344	0.00525645880970211
8,10,14	0.0010598036522504704	0.0010416562869138637	0.30895678804850246	-0.0030763185408669846	0.0051959258453679255
8,10,15	-0.002934404051432235	0.00104179252270293	0.0048536751837286	-0.007071067198295885	0.0012022590954314152
8,10,16	0.008884363805258259	0.001041867595926069	1.5299851857322313e-17	0.004747402563880866	0.01302132504663565
8,11,12	-0.006283063025300184	0.0010420624259205933	1.6542873463276896e-09	-0.010420797881423978	-0.002145328169176391
8,11,13	-0.0010526305579691177	0.0010418911054170578	0.3123517868364668	-0.0051896851488790275	0.003084424032940792
8,11,14	-0.0018710948168739264	0.0010418725969538426	0.07251583963348453	-0.006008075915916676	0.002265886282168823
8,11,15	0.0023819016689869098	0.001041974170710365	0.022260434960731153	-0.0017554827506846013	0.006519286088658421
8,11,16	-0.012592025931583123	0.0010420902018153293	1.4073537984896257e-33	-0.016729871077920774	-0.008454180785245471
8,12,13	0.0015071843428748483	0.0010416255039115995	0.14791473037383696	-0.00262881561965615	0.005643184305405846
8,12,14	0.0005287251196511261	0.0010415997348659537	0.6117295393107982	-0.0036071725212955554	0.004664622760597807
8,12,15	-8.609031399753417e-05	0.0010416720210164924	0.9341330656597692	-0.00422227498278176	0.004050094354786692
8,12,16	-0.00046900331418846947	0.0010417205436533384	0.6525534376688884	-0.004605380652625487	0.0036673740242485478
8,13,14	0.0001878069077598972	0.001041574888853386	0.8569093774636619	-0.003947992076705483	0.0043236058922252775
8,13,15	0.0019099789148052833	0.0010416091673641423	0.06670606818273071	-0.002225956179921099	0.006045914009531666
8,13,16	0.002125193131816843	0.0010416328202648819	0.04132941440217562	-0.0020108358818815737	0.00626122214551526
8,14,15	-0.0012836617145816631	0.001041579160823261	0.21779727945635677	-0.0054194776618299014	0.002852154232666575
8,14,16	0.0007756378407834247	0.0010416298321683421	0.4564929624277948	-0.003360379308029647	0.0049116549895964964
8,15,16	-0.0013558110574627465	0.0010417020917743239	0.19308036239728665	-0.005492115128712443	0.00278049301378695
9,10,11	-0.00574262051898056	0.0010421692707242032	3.597053124521987e-08	-0.009880779625568716	-0.0016044614123924047
9,10,12	-0.004462371958609846	0.0010417244050839112	1.841320805850618e-05	-0.008598764629694389	-0.0003259792875253036
9,10,13	-0.00021650895442927674	0.0010416310451495847	0.8353423069925788	-0.004352530919647434	0.0039195130107888805
9,10,14	3.0507625021554408e-05	0.0010416073630827999	0.9766342024143202	-0.00410542030541446	0.004166435555457568
9,10,15	-0.0026830317537741045	0.0010416721190110655	0.01000607908358836	-0.006819216811667036	0.001453153304118827
9,10,16	-0.00016816751333506574	0.0010416804429914405	0.8717484222592427	-0.004304385623397313	0.003968050596727181
9,11,12	-0.0018075622457462744	0.001041872574458849	0.0827604202833738	-0.005944543255467774	0.002329418763975225
9,11,13	-0.00029840969467421	0.0010417775091048234	0.774539916861342	-0.004435013226790551	0.0038381938374421314
9,11,14	-0.00048162302645626213	0.001041749453770756	0.6438524756273427	-0.004618115158784276	0.003654869105871752
9,11,15	0.0010529501030719004	0.0010418234365672733	0.3121734888054036	-0.0030838357939944718	0.0051897360001382726
9,11,16	-0.0018689694331470007	0.0010418622352669224	0.0728380867519824	-0.006005909388864676	0.0022679705225706745
9,12,13	0.0004062885733282645	0.001041580595875162	0.6964866479136188	-0.0037295330721047694	0.004542110218761298
9,12,14	0.0006416265547845683	0.0010415650091222368	0.5378824773047663	-0.003494133200065648	0.004777386309634785
9,12,15	0.0028053449377244766	0.0010416082641987684	0.007077104753671376	-0.0013305865707879177	0.006941276446236871
9,12,16	0.0027334862963168637	0.001041621874897211	0.008685844285856071	-0.0014024992564254744	0.006869471849059202
9,13,14	0.0008591819181529015	0.0010415344739968448	0.4094205087713698	-0.0032764565903597373	0.00499482042666554
9,13,15	0.0005044878420326073	0.0010415546807091389	0.6281317970062066	-0.003631230901613462	0.004640206585678677
9,13,16	-2.3611397801433925e-05	0.001041556817823962	0.9819141103127251	-0.004159338627325389	0.004112115831722521
9,14,15	0.0015375316020636454	0.001041536781006631	0.1398913296914131	-0.0025981160669316748	0.005673179271058966
9,14,16	0.000518240570079851	0.0010415497023738814	0.6187911298033106	-0.003617458406006418	0.00465393954616612
9,15,16	-0.0016918029132129853	0.001041593832254062	0.10432865702143534	-0.00582767711655904	0.0024440712901330694
10,11,12	-0.023163274450396287	0.0010422262222438937	5.189537387300744e-109	-0.027301659695344555	-0.01902488920544802
10,11,13	-0.0002742401858656339	0.0010420829017768344	0.7924239401399432	-0.004412056345817268	0.0038635759740860004
10,11,14	-0.001426403229554573	0.0010420658145555471	0.171059606430123	-0.005564151540988349	0.0027113450818792035
10,11,15	-0.006620749144907911	0.001042215595896272	2.1318138531249645e-10	-0.010759092195638392	-0.00248240609417743
10,11,16	-0.014221040900699514	0.0010422399750371113	2.4937566195916043e-42	-0.018359480754095846	-0.010082601047303182
10,12,13	0.0007693428517422992	0.001041647569230317	0.4601631906589889	-0.003366744725922014	0.004905430429406612
10,12,14	0.000895473493025687	0.0010416255739103982	0.3899640575646376	-0.0032405267474507225	0.005031473733502097
10,12,15	-0.006006781790153636	0.001041723427620673	8.145732546485034e-09	-0.010143170580008406	-0.0018703930002988657
10,12,16	0.0025437660778845524	0.0010417291345020932	0.014614172111735695	-0.0015926453723805589	0.006680177528149664
10,13,14	0.00030811428963096674	0.0010415954282833328	0.7673761980420896	-0.003827766251095442	0.0044439948303573755
10,13,15	-0.00030335507263526407	0.0010416386549159835	0.7708773696238606	-0.004439407254081252	0.003832697108810724
10,13,16	0.001534369581272517	0.001041619751654481	0.14073953451395949	-0.0026016075406740894	0.005670346703219123
10,14,15	-0.0010172237936791582	0.0010416223506645903	0.32878265434043297	-0.005153211235559056	0.0031187636482007397
10,14,16	4.3262678545886654e-05	0.0010416152918888923	0.9668701441971688	-0.004092696734934252	0.0041792220920260255
10,15,16	0.0009135826054568934	0.0010416917565924028	0.3804801017581225	-0.0032226804277115757	0.0050498456386253625
11,12,13	-0.0014112552088698244	0.0010417980197295435	0.17553898396331338	-0.005547940182869794	0.0027254297651301456
11,12,14	-0.001285246720057684	0.001041773743037477	0.21731556565911092	-0.005421835298186873	0.0028513418580715048
11,12,15	0.006686480009639367	0.0010418621127087735	1.3921880458521298e-10	0.0025495405405654018	0.010823419478713334
11,12,16	0.0003465742363621231	0.0010419100904933433	0.7394120306287462	-0.0037905557389105076	0.004483704211634754
11,13,14	0.0005616821909896538	0.0010417281443245883	0.5897624340742069	-0.003574725327560933	0.004698089709540241
11,13,15	-0.000532787071795382	0.0010417832905671562	0.6090599500112626	-0.004669413560461752	0.0036038394168709884
11,13,16	0.0008734211580607078	0.001041798948729186	0.40182170159786157	-0.0032632675047338158	0.0050101098208552314
11,14,15	0.001903066477131985	0.0010417699468209282	0.06774017536940181	-0.0022335070272961038	0.006039639981560074
11,14,16	0.0005969768949418662	0.0010417924916606813	0.5666273687173016	-0.0035396861286618037	0.004733639918545536
11,15,16	-0.007639871219462059	0.0010418762415915523	2.280810589537511e-13	-0.011776866790329254	-0.0035028756485948635
12,13,14	0.0008664447484816821	0.0010415548638446493	0.4054819478720577	-0.0032692747223436484	0.005002164219307013
12,13,15	0.0011250743357549102	0.001041577066758163	0.2800731601405966	-0.003010733296553713	0.005260881968063533
12,13,16	-0.00011792903755290796	0.0010415684031588209	0.9098544729606584	-0.0042537022691614525	0.004017844194055637
12,14,15	0.0003508138166568031	0.0010415639637588957	0.7362578820775003	-0.003784941787351558	0.004486569420665164
12,14,16	0.001111132201225687	0.0010415625318002915	0.2860691460602553	-0.003024617716880485	0.005246882119331859
12,15,16	-0.0023870106966110234	0.0010416113975453114	0.021929016221780836	-0.006522954646755401	0.0017489332535333543
13,14,15	-0.000943018121477875	0.0010415439455918022	0.36525481800404325	-0.005078694239012414	0.003192657996056664
13,14,16	0.0012149878129724366	0.0010415397095988013	0.24340443998011152	-0.0029206714846332256	0.005350647110578099
13,15,16	-0.013222932208272054	0.00104156618449595	6.9720221628961255e-37	-0.017358696630198504	-0.009087167786345603
14,15,16	0.0008162533118172971	0.001041555357899766	0.43322677812282695	-0.003319468120761021	0.004951974744395615
