Params: 	17
Performance: 	0.7371294775748007
Term	Coefficient	Standard Error	p-value	95% CI lower	95% CI upper
Intercept	8.39785298879543
1	-0.015142255021034725	0.0024380801504704196	5.306337192067914e-10	-0.022392945866148296	-0.007891564175921155
2	0.15785004295648403	0.002438240026693141	0.0	0.1505988766499447	0.16510120926302335
3	0.5446983134485441	0.0024384559394201566	0.0	0.5374465050316818	0.5519501218654065
4	0.00033892872192595224	0.002438399419470577	0.8894534385732709	-0.006912711608304473	0.007590569052156377
5	0.32822275016295804	0.0024383225962082877	0.0	0.3209713383000832	0.3354741620258329
6	-0.00873782792179813	0.0024380918370197706	0.00033878009277088755	-0.015988553521944823	-0.0014871023216514343
7	0.2599730541434107	0.0024383848772803487	0.0	0.25272145706070254	0.2672246512261189
8	0.19862028896377504	0.0024381597980641535	0.0	0.191369361251929	0.20587121667562108
9	0.047172663171538086	0.002438093292185991	3.6591945577593914e-83	0.03992193324382226	0.05442339309925391
10	0.19651802432935847	0.0024382088661531885	0.0	0.18926695069222615	0.2037690979664908
11	0.6859269538024159	0.0024385181821575184	0.0	0.6786749602797251	0.6931789473251067
12	0.022254915401391268	0.0024381145156308643	7.179735677222269e-20	0.01500412235653903	0.029505708446243506
13	0.0020756341386822365	0.0024380852519882545	0.3945849260419979	-0.005175071878011585	0.009326340155376058
14	0.008530695608624773	0.0024380860367329608	0.0004674449114479228	0.0012799872581515407	0.015781403959098005
15	-0.01400362401447387	0.002438113431522434	9.308708045488075e-09	-0.021254413835258567	-0.006752834193689171
16	0.12695287207356803	0.0024381113498436694	0.0	0.11970208844355978	0.13420365570357629
