Params: 	137
Performance: 	0.9158228341423928
Term	Coefficient	Standard Error	p-value	95% CI lower	95% CI upper
Intercept	8.392496181955009
1	-0.015125070144643423	0.0013814283826381502	7.125236458789901e-28	-0.020049026061282414	-0.010201114228004432
2	0.1570407012306221	0.0013817464027658754	0.0	0.1521156117647458	0.1619657906964984
3	0.5471218120873698	0.0013820737035370677	0.0	0.5421955559923803	0.5520480681823592
4	0.0013388910645379406	0.0013819805364996968	0.332638438230474	-0.003587032946363211	0.0062648150754390924
5	0.3297756014002085	0.0013818263093547448	0.0	0.3248502271157155	0.33470097568470153
6	-0.009036841855262443	0.0013814365731163888	6.131248648912948e-11	-0.01396082696599813	-0.004112856744526756
7	0.2592434732368899	0.0013820467364858485	0.0	0.25431731326311324	0.26416963321066655
8	0.19775432238464813	0.0013815905900604023	0.0	0.1928297882967434	0.20267885647255285
9	0.04669635680228535	0.0013814698829124783	2.9451894071699446e-248	0.041772252962291166	0.051620460642279535
10	0.19497038571564593	0.0013818458927827403	0.0	0.19004494162808722	0.19989582980320464
11	0.6900063777965256	0.0013820305335217838	0.0	0.6850802755765072	0.6949324800165441
12	0.022707583089599206	0.0013814938448984608	1.3864793989450357e-60	0.017783393839630728	0.027631772339567685
13	0.0014978532124052084	0.0013814358788763613	0.278248008765086	-0.0034261294237850487	0.0064218358485954655
14	0.00862478152939024	0.001381427246911437	4.3089269788525313e-10	0.0037008296609294536	0.013548733397851027
15	-0.013842163126229719	0.0013814972706676352	1.3004038728503722e-23	-0.018766364586991467	-0.008917961665467971
16	0.1268009940373637	0.001381505166653224	0.0	0.12187676443219327	0.1317252236425341
1,2	0.02885291952431267	0.001381093102576998	1.354973270945129e-96	0.023930158678125098	0.033775680370500244
1,3	-0.0071870770497742004	0.001381207142598821	1.9620040227491656e-07	-0.01211024437960381	-0.0022639097199445915
1,4	0.0033404328856233407	0.0013811729294942031	0.015585378494738514	-0.0015826124951996991	0.00826347826644638
1,5	0.005396481188132489	0.0013811335684931402	9.343575345553889e-05	0.00047357610545049195	0.010319386270814485
1,6	0.0006086523711669829	0.0013809908138640126	0.6594056247072679	-0.004313743877680734	0.0055310486200146995
1,7	0.0011528955634353345	0.0013811707149334928	0.4038765739329898	-0.003770141923819389	0.006075933050690058
1,8	0.0007811359353546168	0.0013810413560319656	0.5716583928753188	-0.004141440465725427	0.005703712336434661
1,9	0.0001292525291522375	0.001380994877328753	0.9254321460161072	-0.004793158203487402	0.005051663261791877
1,10	0.00012012560527805381	0.001381074461368937	0.9306878275929139	-0.004802568796287502	0.00504282000684361
1,11	-0.0003856513452411678	0.0013812417600005647	0.7800874466143586	-0.005308942065151853	0.004537639374669517
1,12	0.0010302664465223564	0.001381005637220495	0.4556543154374476	-0.0038921826386176884	0.0059527155316624015
1,13	9.705982553109404e-05	0.001380989685003724	0.9439687907458454	-0.004825332399613066	0.005019452050675254
1,14	-0.00046326609853616484	0.0013809884219378957	0.7372793699385061	-0.005385653821615262	0.004459121624542932
1,15	0.0014190478768796783	0.00138101222807905	0.3041692854056949	-0.003503424700681245	0.006341520454440601
1,16	-0.004925550888694941	0.0013810132564424287	0.0003618788296007232	-0.009848027131748774	-3.0746456411078968e-06
2,3	-0.0183931695770951	0.0013815169235626942	2.180942613791835e-40	-0.02331744108853057	-0.013468898065659627
2,4	-0.014929890164169395	0.0013814919398699207	3.3646966854943236e-27	-0.019854072623864363	-0.010005707704474424
2,5	-0.03033409816371463	0.0013813569556191108	1.743518504342288e-106	-0.035257799486270114	-0.025410396841159144
2,6	0.0009737084616295729	0.0013810893347743032	0.4807945734972724	-0.003949038954622284	0.005896455877881431
2,7	-0.003770970100648468	0.0013814508909779583	0.006340610687263072	-0.008695006245893127	0.0011530660445961917
2,8	-0.012164459852490444	0.0013811888863887027	1.314083247798829e-18	-0.017087562109982638	-0.007241357594998248
2,9	-0.003375449281617644	0.0013811155221596573	0.014528033528566226	-0.00829829004004538	0.0015473914768100927
2,10	-0.020344187086510437	0.001381387239405538	5.180727328583087e-49	-0.02526799635243181	-0.015420377820589064
2,11	-0.04978224461856627	0.0013816072129137881	1.8132246023396132e-281	-0.05470683795688044	-0.044857651280252105
2,12	-0.008018475221131024	0.0013811415504294397	6.440587529864156e-09	-0.012941408754583949	-0.0030955416876780996
2,13	0.0009535887915851165	0.0013810800244073234	0.4899037036607602	-0.0039691254388446225	0.005876303022014856
2,14	0.0009503843660296989	0.0013810803271999577	0.4913635958064718	-0.003972330943672482	0.00587309967573188
2,15	-0.005645943111014981	0.0013811600747488276	4.359664901152539e-05	-0.01056894267245256	-0.0007229435495774003
2,16	0.0010868030825907102	0.0013811876226962553	0.43136599394607533	-0.0038362946706029053	0.006009900835784326
3,4	-0.08788737975887997	0.0013817391146619857	0.0	-0.09281244324707785	-0.0829623162706821
3,5	-0.10682597054247613	0.0013819069783335893	0.0	-0.1117516323630446	-0.10190030872190765
3,6	-0.006637653962927066	0.0013812092937085076	1.5457476728333921e-06	-0.011560828960160502	-0.0017144789656936285
3,7	-0.03362876807294342	0.0013818930412651165	3.2739019632673538e-130	-0.03855438021629978	-0.02870315592958705
3,8	-0.05192618743512092	0.0013814339771939573	7.518199817048457e-306	-0.05685016329296461	-0.04700221157727722
3,9	-0.004369391435855456	0.0013812599442429101	0.0015604460055088966	-0.00929274697158201	0.0005539640998710989
3,10	-0.1427507125984627	0.0013814935153946182	0.0	-0.14767490067394945	-0.13782652452297595
3,11	-0.2548904230335032	0.0013821618571308197	0.0	-0.25981699334268926	-0.24996385272431712
3,12	-0.002497097679423331	0.0013812728815699637	0.07063867782824061	-0.007420499328889036	0.002426303970042374
3,13	-0.004518010769073898	0.0013812104551807927	0.0010720524564896666	-0.009441189906252917	0.0004051683681051219
3,14	0.0003045235875536825	0.001381202764175078	0.8255003074151572	-0.004618628135845824	0.00522767531095319
3,15	0.0006601110393476464	0.0013812678616602224	0.6327214092120006	-0.004263272717178705	0.005583494795873997
3,16	-0.0007069398414768132	0.001381298740908795	0.6087972510527313	-0.0056304336638311305	0.004216553980877505
4,5	0.3026225816667049	0.0013815499463633077	0.0	0.2976981924489761	0.3075469708844337
4,6	0.003516979670373412	0.0013811846982373292	0.010887930569563605	-0.0014061076588944947	0.008440066999641319
4,7	-0.0233255859847831	0.0013818673313009176	8.73053827427509e-64	-0.028251106487680994	-0.01840006548188521
4,8	-0.013043677708935861	0.0013813661580725613	3.7544335188600685e-21	-0.01796741183266706	-0.008119943585204663
4,9	-0.0007060867531329595	0.001381234019468652	0.6092128297388513	-0.005629349882733218	0.004217176376467299
4,10	-0.03806737126074185	0.0013816800428643463	4.025099652716213e-166	-0.0429922241937411	-0.03314251832774259
4,11	-0.03146609462737367	0.0013819265128339276	2.6234735458825928e-114	-0.03639182607661035	-0.02654036317813698
4,12	-0.0011492437830805946	0.0013812456297162302	0.40539268573627996	-0.00607254829618504	0.0037740607300238505
4,13	0.0021812649714170046	0.0013811783787780663	0.1142772137374931	-0.0027417998328042054	0.007104329775638215
4,14	-0.0006544107227643922	0.001381168540392366	0.6356374105332183	-0.005577440459096388	0.004268619013567604
4,15	-0.0010636365720041712	0.0013812379935670234	0.4412669675877424	-0.005986913866859346	0.003859640722851004
4,16	-0.004564826969717172	0.0013812631155245675	0.0009508960624438448	-0.009488193809143055	0.00035853986970871103
5,6	-0.0046783067510485854	0.0013811389060887564	0.0007063150356876263	-0.009601230859027764	0.00024461735693059265
5,7	-0.009674317762719153	0.0013816778262742374	2.550722296925326e-12	-0.014599162794916515	-0.004749472730521792
5,8	-0.05357310293190398	0.0013812560602314405	0.0	-0.05849644462348089	-0.04864976124032708
5,9	-0.010069318267827528	0.0013811634630594301	3.124673351461296e-13	-0.014992329906541244	-0.005146306629113812
5,10	0.02181913473634267	0.0013814078020936028	4.3153621984810435e-56	0.016895252176886266	0.026743017295799077
5,11	-0.11782711483586741	0.001381837890428222	0.0	-0.1227525303998766	-0.11290169927185822
5,12	-0.01579329207272343	0.0013811941628760725	3.008718143919448e-30	-0.0207164131376989	-0.010870171007747956
5,13	0.0014811848076855968	0.0013811292452705433	0.28352438011055175	-0.003441704865324966	0.006404074480696159
5,14	0.00180628291147787	0.0013811330249873476	0.19093675023497086	-0.0031166202339349943	0.006729186056890734
5,15	-0.0028940694509024525	0.0013811855260745462	0.036143676620273325	-0.007817159730908895	0.0020290208291039898
5,16	-0.005384869385721238	0.0013812100927034158	9.682526027729282e-05	-0.01030804723088784	-0.0004616915405546368
6,7	0.003064130302622559	0.001381174970063861	0.026524585156402526	-0.001858922351596023	0.00798718295684114
6,8	0.0026968087395790536	0.0013810411367361191	0.050855259039383004	-0.0022257668798440515	0.007619384359002159
6,9	0.0015758802450470412	0.0013810044722291682	0.2538277676348606	-0.0033465646876041683	0.006498325177698251
6,10	0.010254802554950183	0.0013810751422448737	1.1398210093856157e-13	0.00533210572647409	0.015177499383426277
6,11	0.007353421828007007	0.0013812428718941948	1.0198060004566479e-07	0.0024301271448686317	0.012276716511145383
6,12	-0.0003882821712688344	0.0013810202817329104	0.7785916457168762	-0.0053107834552303754	0.004534219112692707
6,13	0.0007934499501865751	0.0013810033363339004	0.5656004070275025	-0.004128990933685635	0.005715890834058785
6,14	0.0005650415893614472	0.0013809984571679253	0.6824277347823198	-0.004357381903237734	0.005487465081960629
6,15	0.0007561099504433269	0.0013810224260220533	0.5840371029468805	-0.004166398976610932	0.005678618877497586
6,16	-0.0008157144165889568	0.001381011966593949	0.5547474922281388	-0.005738186062113789	0.0041067572289358745
7,8	-0.02734463734044385	0.0013813616658170094	5.959414539779166e-87	-0.03226835545200346	-0.022420919228884246
7,9	-0.016844440212044016	0.001381208570355617	3.5892312920065197e-34	-0.02176761263096229	-0.011921267793125741
7,10	0.014849285853042446	0.0013816832765324357	6.439549540236867e-27	0.009924421393973999	0.019774150312110893
7,11	-0.11648928243179121	0.001381962002770689	0.0	-0.12141514038116812	-0.11156342448241431
7,12	-0.01774178748270437	0.001381216628775414	1.0215292288011636e-37	-0.022664988625010943	-0.012818586340397802
7,13	0.0015775882378432557	0.0013811685778310429	0.2533699271796082	-0.0033454416319349594	0.006500618107621471
7,14	0.0023840909906738482	0.0013811661487929728	0.08432644570143712	-0.0025389302210541	0.007307112202401796
7,15	-0.014375235272585454	0.0013812244035003103	2.3988985713984134e-25	-0.019298464127079737	-0.00945200641809117
7,16	0.0007921973769701216	0.0013812221337174669	0.5662756429566971	-0.004131023387122372	0.005715418141062615
8,9	-0.008050394456211135	0.0013810628512135239	5.598487918773148e-09	-0.012973047474601018	-0.003127741437821253
8,10	0.016411504888693407	0.0013811847612672388	1.5854717110472472e-32	0.011488417334762028	0.021334592442624787
8,11	0.06531530784765253	0.0013814476055061557	0.0	0.06039128341312594	0.07023933228217913
8,12	-0.0073228097161184315	0.0013810942299720792	1.1480849436970686e-07	-0.012245574580786983	-0.0024000448514498807
8,13	-0.008201912515833906	0.0013810401473081427	2.883557816637921e-09	-0.013124484608545239	-0.003279340423122572
8,14	0.001447807375493976	0.0013810375331303384	0.2944824662954527	-0.003474755399256015	0.006370370150243967
8,15	0.0060813537975719575	0.0013810709313467522	1.0675990742851949e-05	0.0011586719783985401	0.011004035616745376
8,16	-0.002430795767231533	0.001381123057677154	0.07841025000007788	-0.007353663385217412	0.0024920718507543457
9,10	0.024080559694436655	0.0013811094499240348	6.365853010343407e-68	0.019157740579853	0.029003378809020312
9,11	0.0021075011602327246	0.0013812902864281478	0.1270775515160194	-0.0028159625270161265	0.007030964847481575
9,12	-0.010295975744515056	0.001381047701404784	9.087024909478957e-14	-0.015218574763007935	-0.005373376726022177
9,13	0.0006016169263539772	0.0013810008753787364	0.6631006263617243	-0.004320815185702848	0.005524049038410802
9,14	-0.0008908586828690265	0.0013809967741317572	0.5188751877245348	-0.005813276176463119	0.004031558810725066
9,15	-0.005263467364523639	0.0013810175115323501	0.00013836970226509135	-0.010185958774397163	-0.0003409759546501145
9,16	0.0006134585165548756	0.001381027280074301	0.656896256315912	-0.004309067712257177	0.005535984745366927
10,11	0.029272800208975235	0.0013817051128756047	2.8342908780351106e-99	0.024347857916562334	0.034197742501388136
10,12	0.007533971450962495	0.001381134853365863	4.917845935827172e-08	0.0026110617884870582	0.012456881113437932
10,13	-0.004718858407297668	0.0013810721722689115	0.0006339951428798432	-0.009641544649607373	0.00020382783501203712
10,14	-0.001021545077375899	0.00138106362628835	0.45949694106093886	-0.0059442008584383345	0.003901110703686536
10,15	0.013028339924196788	0.0013811220967229888	4.107655734019342e-21	0.008105475731430781	0.017951204116962795
10,16	0.0019840276373298766	0.0013811220206948137	0.15085558682934327	-0.002938836284441711	0.006906891559101464
11,12	0.001703505693058366	0.0013813209858447978	0.21748932818095998	-0.0032200674190265106	0.006627078805143243
11,13	0.004396497940546829	0.001381253066666676	0.0014583876737792824	-0.0005268330807838909	0.009319828961877549
11,14	0.0009398103520468471	0.001381242116092262	0.4962476369433948	-0.003983481637115174	0.005863102341208869
11,15	-0.006848477796540866	0.0013813089612110959	7.141901778743813e-07	-0.01177200804808588	-0.001924947544995852
11,16	-0.022448602331137456	0.0013813424357781946	2.879366285930045e-59	-0.02737225189924987	-0.017524952763025042
12,13	0.002343123115256533	0.00138101659222162	0.08976481673277666	-0.0025793650178307557	0.007265611248343821
12,14	0.000538328767824889	0.001381014578137172	0.6966807748373254	-0.0043841521862705984	0.005460809721920376
12,15	-0.013354600762896423	0.001381043543427219	4.190539475972436e-22	-0.018277184960716373	-0.008432016565076472
12,16	-0.002005659898085628	0.0013810499072758702	0.14643095769936804	-0.0069282667791735735	0.0029169469830023173
13,14	-0.0016120362974622066	0.0013810064788087808	0.24309728101030334	-0.006534488382355023	0.00331041578743061
13,15	0.01149867515807782	0.0013810146253345407	8.507598753045766e-17	0.006576194035752285	0.016421156280403353
13,16	0.00029138241795156807	0.0013810113466461787	0.8328941481821652	-0.004631087017834757	0.005213851853737893
14,15	-0.004191226893026808	0.0013810082844530082	0.0024070967891986045	-0.009113685413948223	0.0007312316278946067
14,16	-0.010764284855434632	0.001381008254948575	6.563194644923284e-15	-0.015686743271190604	-0.00584182643967866
15,16	0.06458830584902017	0.0013810382708809386	0.0	0.0596657404446359	0.06951087125340444
