Params: 	137
Performance: 	0.9084610245070509
Term	Coefficient	Standard Error	p-value	95% CI lower	95% CI upper
Intercept	8.243929852547499
1	-0.011573884475402677	0.001349015271551692	9.737348173719851e-18	-0.016382306052570378	-0.006765462898234974
2	0.14522758139134825	0.001349108895804101	0.0	0.14041882610048217	0.15003633668221433
3	0.4850656666138085	0.0013493931829251316	0.0	0.48025589801171037	0.48987543521590665
4	-0.009861441023900045	0.0013492450608442123	2.7255246621686716e-13	-0.014670681660581497	-0.005052200387218595
5	0.311732447677445	0.0013492206576128977	0.0	0.3069232940234883	0.31654160133140175
6	-0.008556531889378912	0.0013490145956824315	2.2712487764031654e-10	-0.01336495105748246	-0.0037481127212753646
7	0.28362715436989816	0.0013492834738686667	0.0	0.27881777681407316	0.28843653192572316
8	0.19181097274802839	0.0013490704387794416	0.0	0.18700235453313993	0.19661959096291684
9	0.05498312957820097	0.0013490213541830596	0.0	0.050174686320140154	0.05979157283626179
10	0.18085940748510046	0.0013492958494946577	0.0	0.17604998581767176	0.18566882915252916
11	0.6395995837852828	0.0013494189249762714	0.0	0.634789723428379	0.6444094441421866
12	0.04072671157981612	0.0013490344789579402	8.145186764813103e-199	0.035918221539889994	0.04553520161974224
13	0.0010166682002986926	0.0013490131490407943	0.45106911241819736	-0.0037917458114044714	0.005825082212001857
14	0.008168199455642514	0.0013490088929624423	1.41228623126299e-09	0.0033598006142783465	0.012976598297006682
15	0.0066345620603696	0.0013490044400014578	8.759670299113089e-07	0.001826179091111651	0.01144294502962755
16	0.12965545171033205	0.0013490298580495004	0.0	0.124846978141143	0.1344639252795211
1,2	0.02944571456455936	0.001348655435564264	2.714631412173081e-105	0.024638575584529494	0.03425285354458922
1,3	-0.007167371604744281	0.0013489605870681052	1.0804330173995275e-07	-0.011975598264881496	-0.0023591449446070676
1,4	0.0029437477968537445	0.0013487226951825436	0.029067500168854624	-0.0018636309229378778	0.007751126516645367
1,5	0.007856510533103779	0.0013487209672681177	5.733126113159421e-09	0.003049137972279504	0.012663883093928054
1,6	0.0004988346441070508	0.0013486404721334878	0.7114734005527121	-0.00430825100036396	0.005305920288578061
1,7	-0.0005410792781729221	0.0013487071375066133	0.6882862425371464	-0.005348402544281987	0.004266243987936143
1,8	-0.00028508244796764115	0.0013486512149927846	0.832588800070852	-0.005092206384218984	0.004522041488283702
1,9	-0.0007124397049167435	0.0013486382180690321	0.5973165641483639	-0.005519517315014539	0.004094637905181052
1,10	-0.0011692771321930844	0.0013487423597105758	0.3859787728784635	-0.005976725944105151	0.0036381716797189824
1,11	-3.3204697559661295e-05	0.0013488858555782092	0.980361024283948	-0.004841164985242769	0.004774755590123446
1,12	-4.317836887556513e-05	0.0013486434352127988	0.9744592724625347	-0.004850274574927897	0.004763917837176767
1,13	-0.0011520673665748708	0.001348633632675754	0.3929708788006483	-0.00595912863252561	0.0036549938993758685
1,14	-0.0008502200190055823	0.0013486298833538487	0.52841394716559	-0.005657267920896826	0.003956827882885662
1,15	0.002396526880227484	0.0013486390217253826	0.07557355659693994	-0.002410553594417968	0.0072036073548729365
1,16	-0.0030262560534257445	0.0013486329005438574	0.02483943974388123	-0.007833314709770141	0.0017808026029186522
2,3	-0.023213586462642155	0.0013490607072768586	3.305504391588722e-66	-0.02802216999062381	-0.0184050029346605
2,4	-0.011049479929326124	0.0013488279489965286	2.6180406788431986e-16	-0.015857233815152496	-0.006241726043499752
2,5	-0.0341536574148355	0.0013487968186270938	9.157627930915341e-141	-0.03896130033976821	-0.029346014489902796
2,6	-0.0005920195792646823	0.001348663654462251	0.6606865316481564	-0.00539918785468301	0.004215148696153645
2,7	-0.006183135124781031	0.0013487809858049283	4.565017981033105e-06	-0.010990721615301667	-0.001375548634260395
2,8	-0.015272126308253635	0.0013487014209315196	1.0704216574700626e-29	-0.020079429198238272	-0.010464823418268997
2,9	-0.002732269565354224	0.0013486693517494085	0.04277914841092074	-0.007539458148147181	0.0020749190174387325
2,10	-0.01953264168384858	0.0013488327144481236	1.8953349612725654e-47	-0.024340412555620743	-0.014724870812076414
2,11	-0.03975983728761244	0.0013489971811579751	1.1720289507137602e-189	-0.044568194383494186	-0.034951480191730694
2,12	-0.00644441077831466	0.0013486633707088347	1.7711436176787593e-06	-0.01125157804232409	-0.0016372435143052312
2,13	0.0008649528282914029	0.0013486626244128739	0.5213033606236859	-0.003942211775625383	0.0056721174322081885
2,14	0.0007730421249920322	0.0013486620408204324	0.5665167982789838	-0.004034120398771513	0.005580204648755577
2,15	-0.0004297152151906845	0.0013486533185328026	0.7500116230158749	-0.00523684664928688	0.004377416218905511
2,16	-0.0012052542264737115	0.0013486850393431837	0.3715118147897336	-0.006012498726027578	0.003601990273080155
3,4	-0.0801177531362144	0.0013491907945395374	0.0	-0.08492680034641965	-0.07530870592600915
3,5	-0.11385904237232994	0.001349266171439476	0.0	-0.1186683582554848	-0.10904972648917508
3,6	-0.006319432158982778	0.001348961145341242	2.8099234589513257e-06	-0.011127660809025261	-0.0015112035089402953
3,7	-0.026104069113468416	0.0013492721521188554	3.753479347793579e-83	-0.030913406314119374	-0.021294731912817458
3,8	-0.052710896751424145	0.0013490358474420579	0.0	-0.05751939166916648	-0.04790240183368181
3,9	-0.0038821430009131595	0.0013489696335429817	0.004005177996108412	-0.008690401906248712	0.0009261159044223928
3,10	-0.14690696816300883	0.0013491706584451146	0.0	-0.15171594360024535	-0.1420979927257723
3,11	-0.2332676948856675	0.0013494456817159525	0.0	-0.23807765061412653	-0.2284577391572085
3,12	0.00316098707679475	0.0013489732719984841	0.019119405850217017	-0.0016472847974287868	0.007969258951018287
3,13	-0.00637530216737469	0.001348958922499791	2.293691897237935e-06	-0.011183522894335038	-0.001567081440414341
3,14	0.0003392613418796188	0.0013489543723176043	0.8014287608882487	-0.004468943166439869	0.005147465850199107
3,15	0.005462844956433588	0.0013489488615698263	5.1342573776248855e-05	0.0006546600905889344	0.010271029822278243
3,16	0.0020904920988441336	0.0013489765795237849	0.12122149189059002	-0.00271779156470185	0.006898775762390117
4,5	0.2924916678529813	0.0013489106937597637	0.0	0.2876836190322396	0.297299716673723
4,6	0.0031386647808494747	0.00134872534524576	0.019961230424435396	-0.0016687233848108633	0.007946052946509814
4,7	-0.013214941402694677	0.0013490315811813677	1.2166166460409522e-22	-0.01802342111380415	-0.008406461691585201
4,8	-0.01331387542748029	0.0013487801065910942	5.772120266746044e-23	-0.018121458784136648	-0.008506292070823932
4,9	-0.0027077198543813373	0.0013487277235813106	0.04468889977724398	-0.007515116497366003	0.0020996767886033284
4,10	-0.02392085696279083	0.0013490410917573125	3.5131776220616626e-70	-0.028729370573337583	-0.019112343352244078
4,11	-0.0283939054838803	0.001349193212519439	5.45555041700565e-98	-0.03320296131271796	-0.023584849655042643
4,12	-0.005098303082737802	0.0013487327319207437	0.00015692695857953077	-0.009905717577416146	-0.00029088858805945833
4,13	0.0020361367200299064	0.0013487285518409338	0.13113226684582785	-0.0027712628751981674	0.00684353631525798
4,14	-0.0009092436039731533	0.001348721056511526	0.500216831565437	-0.005716616482896073	0.0038981292749497663
4,15	-0.003053932696693998	0.0013487209020199846	0.023557908432962647	-0.007861305024948237	0.0017534396315602397
4,16	-0.002747784795905272	0.001348745538197572	0.04162516857044971	-0.007555244937196462	0.002059675345385918
5,6	-0.004124087516083192	0.0013487284221607944	0.0022309025629052557	-0.008931486649080191	0.0006833116169138063
5,7	-0.004940642699912474	0.0013489546938359159	0.0002498973772112083	-0.009748848354249814	-0.00013243704557513222
5,8	-0.050963406803823365	0.0013487655748975662	5.131016703236846e-309	-0.05577093836380241	-0.04615587524384432
5,9	-0.009524432381067736	0.0013487314582996642	1.6606193110703343e-12	-0.014331842336059088	-0.004717022426076383
5,10	0.015745432244654595	0.0013489255147516158	1.8943480310947065e-31	0.010937330596062413	0.020553533893246777
5,11	-0.1096298193885394	0.001349198722063028	0.0	-0.11443889485555969	-0.1048207439215191
5,12	-0.010903777470164062	0.0013487333643072696	6.352360432061116e-16	-0.015711194218916976	-0.006096360721411149
5,13	0.0003815764995870694	0.0013487245932412544	0.777241727771274	-0.0044258089856331236	0.005188961984807262
5,14	0.0019363450631940367	0.0013487203981677222	0.1510953164821968	-0.0028710254691323555	0.006743715595520429
5,15	-0.00010088849136934488	0.0013487191683724947	0.9403715403056353	-0.004908254640221338	0.004706477657482648
5,16	-0.008396435738048278	0.0013487378100552675	4.832910182898161e-10	-0.013203868333197484	-0.0035890031428990714
6,7	0.001516558075198583	0.0013487030509118025	0.2608235803031457	-0.0032907506246775565	0.006323866775074722
6,8	0.00322893092794657	0.0013486615970451457	0.016660690295063244	-0.0015782300140271249	0.008036091869920265
6,9	0.0026010110119087555	0.0013486403443586127	0.05378281477085613	-0.0022060741771222914	0.007408096200939802
6,10	0.009492966635068573	0.0013487495789066084	1.9648271017209684e-12	0.0046854920910994234	0.014300441179037723
6,11	0.006552788028938897	0.0013488848224789995	1.1889916084732812e-06	0.0017448314236281357	0.011360744634249659
6,12	0.0011019364811041717	0.0013486524717361797	0.4138944306413487	-0.00370519193467545	0.005909064896883793
6,13	0.0008157526787385648	0.0013486388831645808	0.5452667942278437	-0.0039913273020216345	0.005622832659498764
6,14	0.0008082654616152901	0.0013486322044059086	0.5489600483549404	-0.0039987907134193664	0.005615321636649947
6,15	9.983227323685784e-05	0.0013486383457703924	0.9409911254175634	-0.004707245792038866	0.004906910338512581
6,16	-0.00089139647882794	0.0013486381727240847	0.5086400634477183	-0.005698473927298489	0.003915680969642609
7,8	-0.03009502651031176	0.001348756500230124	7.241409120080533e-110	-0.03490252572460306	-0.02528752729602046
7,9	-0.016469298697572885	0.001348715749353578	2.9611734167142685e-34	-0.021276652659695285	-0.011661944735450486
7,10	0.005627274808517976	0.0013489879458713323	3.0302748587053445e-05	0.0008189506308340479	0.010435598986201906
7,11	-0.10110132766730286	0.0013491893577973035	0.0	-0.1059103697563931	-0.09629228557821261
7,12	-0.017028788136247603	0.0013487089728997257	1.6784051899179293e-36	-0.02183611794442037	-0.012221458328074834
7,13	0.002492886662825879	0.001348708018336743	0.06455610093250903	-0.002314439742908578	0.007300213068560336
7,14	0.002841687324183214	0.001348703445953824	0.03512344196081683	-0.00196562278377823	0.007648997432144658
7,15	-0.016466822773784834	0.0013487006513783358	3.0235169506005534e-34	-0.021274122920778925	-0.011659522626790741
7,16	-0.002863856903045541	0.0013487206563883981	0.03372519941608353	-0.007671228355772092	0.0019435145496810103
8,9	-0.011640809808081562	0.0013486650631741573	6.199176708774971e-18	-0.01644798310470378	-0.006833636511459346
8,10	0.014742166006365626	0.0013487971439954949	8.780693147927255e-28	0.009934521921691827	0.019549810091039427
8,11	0.0639793293227295	0.0013489658847126377	0.0	0.059171083779701324	0.06878757486575768
8,12	-0.006628268492351534	0.0013486609887837502	8.913641729701764e-07	-0.011435427266242124	-0.001821109718460944
8,13	-0.007324018638748759	0.0013486593278040824	5.637127967505471e-08	-0.012131171492253833	-0.0025168657852436844
8,14	0.0008537940486194363	0.0013486576905104228	0.5266905209552943	-0.003953352968926382	0.005660941066165255
8,15	0.008820009516121509	0.0013486546496087274	6.203924789720663e-11	0.0040128733375466305	0.013627145694696387
8,16	-0.0037244318525826254	0.0013486677048082975	0.005754167679622284	-0.00853161456502901	0.0010827508598637596
9,10	0.03613485220363569	0.0013487508614573676	3.020652857047405e-157	0.03132737308815065	0.04094233131912072
9,11	0.005129815557827765	0.0013488880312551885	0.00014308940010224425	0.00032184751517527147	0.009937783600480258
9,12	-0.0107852161982873	0.0013486460489642877	1.2953000035857522e-15	-0.015592321720779054	-0.005978110675795546
9,13	0.0003174650303797849	0.0013486467719199778	0.8139027334209055	-0.004489643069010698	0.005124573129770268
9,14	-0.0012977318205579218	0.001348640061695133	0.33592658590338476	-0.006104816002065034	0.00350935236094919
9,15	-0.006449755654002908	0.0013486410923988974	1.735899798449424e-06	-0.011256843509344056	-0.0016426677986617604
9,16	0.0012308382390434428	0.0013486407430148683	0.3614295926146228	-0.0035762483709554623	0.006037924849042348
10,11	0.03071707657154988	0.0013492382859188435	2.8253956018016718e-114	0.02590786008336994	0.03552629305972982
10,12	0.008457247337115496	0.0013487615009422672	3.6245821491197415e-10	0.003649730298317182	0.01326476437591381
10,13	-0.0055502039357746506	0.0013487422581651986	3.87502113725886e-05	-0.010357652385739012	-0.0007427554858102899
10,14	-0.0012922837321766864	0.0013487399714615584	0.33799503312337464	-0.006099724031428927	0.0035151565670755542
10,15	0.013411074231389382	0.001348740741026981	2.8014998108430534e-23	0.008603631189102973	0.01821851727367579
10,16	0.000972648940633418	0.0013487567251536888	0.47082304481316917	-0.003834851075374026	0.005780148956640862
11,12	0.007540348363718117	0.001348899869639174	2.2799379465507523e-08	0.0027323381244039584	0.012348358603032275
11,13	0.0010867788624395504	0.0013488858896326089	0.4204267521881804	-0.003721181546626846	0.005894739271505947
11,14	0.0008890011014739338	0.0013488773953565438	0.5098548674659211	-0.003918929030648105	0.005696931233595973
11,15	0.0012132277330299639	0.0013488790140776439	0.3684248857741863	-0.0035947081688514166	0.006021163634911344
11,16	-0.01612530101211067	0.0013489055840551973	6.678935899469856e-33	-0.02093333161985348	-0.011317270404367863
12,13	0.003126444663252549	0.0013486436943119112	0.0204408300181585	-0.001680652466331034	0.007933541792836132
12,14	0.0014753639675503631	0.001348639050366509	0.27397442995198035	-0.0033317166091833402	0.0062824445442840665
12,15	-0.016198708321301998	0.001348639847952823	3.3715188038982645e-33	-0.02100579174094736	-0.011391624901656638
12,16	-0.0011478690446251778	0.0013486505290641376	0.3947035717361579	-0.0059549905359567515	0.003659252446706396
13,14	-0.00394190160870464	0.0013486354171409188	0.0034692975486167506	-0.008748969235191827	0.000865166017782546
13,15	0.00990502621873024	0.0013486383183891047	2.0903174563137501e-13	0.005097948251052207	0.014712104186408271
13,16	-0.000344563727004997	0.0013486409579640387	0.7983458029191157	-0.0051516511031673776	0.004462523649157384
14,15	-0.005502922900069876	0.0013486339731337668	4.5018898243396216e-05	-0.010309985379547023	-0.0006958604205927294
14,16	-0.009188303734920668	0.0013486388916066263	9.641275886424242e-12	-0.01399538374577164	-0.004381223724069695
15,16	0.06485720638891201	0.0013486439427891192	0.0	0.06005010837365783	0.0696643044041662
