Params: 	121
Performance: 	0.881380851006497
Term	Coefficient	Standard Error	p-value	95% CI lower	95% CI upper
Intercept	5.276460540561471
1	0.11814843982498832	0.014103433720174283	5.631250895718865e-17	0.06833712210638374	0.1679597575435929
2	0.16886929328742634	0.014104041311838428	5.76652614309257e-33	0.11905582964166483	0.21868275693318784
3	1.4720044210083294	0.014106354910393023	0.0	1.4221827860622334	1.5218260559544254
4	-0.021326506514182803	0.014099676057841605	0.13040297774267934	-0.07112455270501294	0.028471539676647332
5	0.47726320959384244	0.014110174177254776	1.6650083597074978e-246	0.4274280855415558	0.527098333646129
6	0.05101494652417932	0.01410184827054936	0.0002977897049516819	0.00120922838767374	0.1008206646606849
7	0.07805815560142987	0.014098543433008369	3.1075993308579364e-08	0.028264109680076206	0.12785220152278354
8	0.5797862322727483	0.014100509615456586	0.0	0.5299852420752301	0.6295872224702664
9	0.13255103825045333	0.014100134154825594	5.763213954108108e-21	0.08275137412636892	0.18235070237453777
10	0.6527406641479112	0.014108718262789935	0.0	0.602910682178001	0.7025706461178214
12	0.1182708138189078	0.014100364790140022	5.151410766792255e-17	0.06847033512376557	0.16807129251405004
13	0.0626483193485475	0.014102178014221627	8.92307435650425e-06	0.012841436604390279	0.11245520209270474
14	0.07168883590350504	0.014102163819104691	3.7252807683749443e-07	0.021882003294477585	0.12149566851253249
15	-0.10546560252661928	0.014102315833911406	7.701043509918153e-14	-0.15527297203027718	-0.05565823302296138
16	0.07967634460723723	0.014101717922568697	1.6167879112557577e-08	0.02987108684122068	0.1294816023732538
1,2	0.26830229046911674	0.0072830082506702525	4.265158668969915e-291	0.24257974338454255	0.29402483755369097
1,3	0.04093317210565653	0.007283036455538286	1.921368145196976e-08	0.015210525405508511	0.06665581880580454
1,4	-0.036976123730997366	0.007283050978283908	3.855343699998488e-07	-0.06269882172341297	-0.01125342573858176
1,5	0.10104077978817264	0.007283035166121729	1.2223954137415226e-43	0.0753181376420601	0.12676342193428516
1,6	-0.015011142576790149	0.007282998875170086	0.03929942535080441	-0.04073365654843407	0.010711371394853769
1,7	-0.04346861242539373	0.007283059257214491	2.4198896309755787e-09	-0.06919133965781216	-0.017745885192975312
1,8	-0.024376949318198414	0.007283023771899732	0.0008175674167041313	-0.05009955122154287	0.0013456525851460455
1,9	-0.033294278279914574	0.00728301314279293	4.860327964754275e-06	-0.05901684264276879	-0.007571713917060359
1,10	0.0263302055557494	0.007283011316405943	0.00030046374824841613	0.000607647643433705	0.052052763468065096
1,12	-0.022162361569294742	0.007283034315214835	0.0023440987092289527	-0.04788500071012539	0.0035602775715359095
1,13	-0.0014472969820780827	0.007282990686605901	0.8424807577777103	-0.027169782032880424	0.02427518806872426
1,14	0.0042952324193627975	0.007282984052820353	0.555353845102091	-0.02142722920185451	0.030017694040580106
1,15	-0.004724653851039484	0.0072830092857573085	0.5165221767974479	-0.030447204591393634	0.020997896889314666
1,16	-0.010939317302021145	0.007283005150496547	0.1330981869851615	-0.03666185343722369	0.0147832188331814
2,3	-0.0288524948890155	0.007283060782036605	7.461133411551358e-05	-0.05457522750688829	-0.0031297622711427067
2,4	-0.05919908914863166	0.007283064357439697	4.505720249700031e-16	-0.08492183439431857	-0.03347634390294475
2,5	-0.15182284150250225	0.0072830607879043495	7.03542014860006e-96	-0.1775455741410991	-0.1261001088639054
2,6	0.015042365350378048	0.00728299199584202	0.038892121216803535	-0.010680124324459656	0.04076485502521575
2,7	0.03233072863614177	0.007283066721241682	9.060593279884004e-06	0.006607975041843166	0.058053482230440365
2,8	0.05640914141108033	0.007283055493020908	9.815193743217688e-15	0.03068642747325713	0.08213185534890353
2,9	0.009208655139861799	0.0072830316811273105	0.20609605804553205	-0.016513974697747156	0.03493128497747075
2,10	0.023198348598106835	0.007283041572655058	0.0014476275347327348	-0.002524316174968271	0.048921013371181946
2,12	0.009051708787766621	0.00728304001390556	0.21393296475429435	-0.016670950480027428	0.03477436805556067
2,13	-0.001975932849933193	0.0072830033864762726	0.7861563240320447	-0.027698462754867557	0.02374659705500117
2,14	0.0019186362257910539	0.007282998791433753	0.7922128135434607	-0.02380387745010807	0.027641149901690178
2,15	0.0014406227994785414	0.0072830419463699786	0.8431987972238655	-0.024282043293504398	0.02716328889246148
2,16	0.038198942319193546	0.007282994245059405	1.573022140677694e-07	0.012476444700440622	0.06392143993794647
3,4	-0.4726651334455061	0.007283124745262612	0.0	-0.4983880919723764	-0.4469421749186358
3,5	-0.7472324480162813	0.007283117995863165	0.0	-0.7729553827052348	-0.7215095133273278
3,6	0.026950101032459983	0.007283031577435538	0.00021561823754226897	0.0012274715610755896	0.05267273050384438
3,7	0.04001344415089021	0.007283117724185174	3.9587475566583745e-08	0.014290510421464713	0.06573637788031571
3,8	-0.16878611385129041	0.007283103777261142	7.3612478510500815e-118	-0.19450899832216811	-0.14306322938041272
3,9	-0.005847273888984275	0.007283072072234259	0.42206258865652413	-0.03157004638222598	0.019875498604257424
3,10	-0.4310124428763175	0.007283068325697739	0.0	-0.4567352021373262	-0.4052896836153088
3,12	0.05962087435235097	0.0072830848615537515	2.793245308218739e-16	0.033898056689055704	0.08534369201564623
3,13	-0.0028578168258658887	0.007283021677746058	0.6947694058768576	-0.028580411332958053	0.022864777681226276
3,14	0.0044889331464122995	0.007283042248727891	0.5376651391350584	-0.02123373401445569	0.03021160030728029
3,15	0.05957067235660114	0.007283066807038696	2.9568983900009007e-16	0.033847918459279716	0.08529342625392257
3,16	0.041067477691223125	0.007283052299374701	1.7268572927554037e-08	0.015344775032903133	0.06679018034954312
4,5	1.4004295784449217	0.007283168336979879	0.0	1.3747064659583192	1.426152690931524
4,6	-0.01372131803937078	0.00728303285260576	0.059572330460954996	-0.03944395201447465	0.012001315935733087
4,7	-0.05376976276812815	0.007283146881611296	1.5874673490896764e-13	-0.07949279947742686	-0.028046726058829435
4,8	-0.1800884532286821	0.007283118369438833	9.508071312093832e-134	-0.20581138923705156	-0.15436551722031266
4,9	-0.04800883508373426	0.007283096469950847	4.4111944934364054e-11	-0.0737316937462335	-0.022285976421235015
4,10	-0.2873808483135113	0.007283092404489451	0.0	-0.31310369261738036	-0.26165800400964223
4,12	0.004090223696098599	0.007283111958057352	0.5743898308349152	-0.021632689668185285	0.029813137060382484
4,13	-0.005882019495278792	0.0072830393861434755	0.41930806731824566	-0.03160467654590664	0.019840637555349053
4,14	-0.01212643893541547	0.007283046862324847	0.09591784932636738	-0.03784912239085033	0.013596244520019389
4,15	-0.011474444733988197	0.007283089740634266	0.11515281117649534	-0.037197279629500424	0.014248390161524026
4,16	-0.041634701220068446	0.007283057096537428	1.0959337610893994e-08	-0.06735742082128345	-0.015911981618853446
5,6	0.008775481104486525	0.007283030669796504	0.2282423350429806	-0.01694714516124617	0.034498107370219216
5,7	0.04259626518553736	0.007283143858611319	5.004372075080537e-09	0.01687323915304369	0.06831929121803103
5,8	-0.15170724936299063	0.007283119416028814	9.79163927375496e-96	-0.17743018906776672	-0.12598430965821453
5,9	-0.008221593384029474	0.007283096113692755	0.2589653733735719	-0.03394445078827592	0.017501264020216973
5,10	0.11616490491206526	0.007283076402113679	4.6947417786098076e-57	0.09044211712630659	0.14188769269782392
5,12	0.007111345512031603	0.007283098244562925	0.32886481656711075	-0.018611519418144568	0.03283421044220777
5,13	0.009025437454005955	0.007283033955047662	0.2152650482124859	-0.01669720041476558	0.03474807532277749
5,14	0.01784998194569542	0.007283039648081941	0.014255291496367383	-0.00787267603006175	0.04357263992145259
5,15	-0.008379808205537506	0.007283086849420743	0.24991160049152114	-0.03410263288969566	0.017343016478620642
5,16	0.06158494469811139	0.007283059664191937	2.883079253492643e-17	0.03586221602830664	0.08730767336791614
6,7	0.0039813828367122155	0.007283036213005534	0.5846124826663639	-0.021741263006844692	0.029704028680269123
6,8	0.0021065661547329737	0.007283013977002462	0.7723967116552005	-0.02361600115443041	0.027829133463896358
6,9	-0.006878466820189139	0.007283013510484222	0.34494502858822773	-0.03260103248167659	0.018844098841298316
6,10	0.03525861504831643	0.007282998851027884	1.2963514227830256e-06	0.009536101161939328	0.060981128934693526
6,12	0.0038226498420148997	0.007283035730321768	0.5996768708564005	-0.02189999429677174	0.02954529398080154
6,13	-0.00033402133154894487	0.00728300644027356	0.9634196382789872	-0.026056562022060064	0.025388519358962174
6,14	-0.0008565457916527158	0.007282982099747314	0.9063780315753145	-0.026579000514894424	0.024865908931588993
6,15	0.0007656150521568733	0.007283008272924952	0.9162784902106503	-0.024956932111017755	0.026488162215331502
6,16	-0.004173495810045308	0.007282992158955737	0.566616928443386	-0.029895986060977413	0.021548994440886798
7,8	0.2932843173067516	0.00728309297485995	0.0	0.2675614709884152	0.31900716362508796
7,9	0.027586007139961927	0.0072830986274937766	0.00015233759509996695	0.0018631408573285685	0.053308873422595285
7,10	0.1574042406501086	0.007283073146271873	7.300113304293932e-103	0.13168146436351913	0.18312701693669808
7,12	-0.024322101000558025	0.007283110187282885	0.0008401729176308074	-0.05004500811071888	0.0014008061096028347
7,13	-0.013130220910042553	0.007283046448928628	0.07142145220881761	-0.038852902905420886	0.012592461085335783
7,14	0.007750509950129013	0.007283050946015023	0.2872530319104455	-0.017972187928317493	0.03347320782857552
7,15	-0.09264210302985577	0.007283076264037225	5.5966336250957635e-37	-0.11836489032794809	-0.06691931573176346
7,16	0.04523839592814619	0.007283059048780376	5.313133651016427e-10	0.01951566943188736	0.07096112242440503
8,9	-0.015107658996550907	0.0072830684752140645	0.038054339713200915	-0.04083041878562997	0.010615100792528153
8,10	-0.08536221615527267	0.0072830658732780445	1.157144745815005e-31	-0.11108496675468457	-0.05963946555586078
8,12	0.06947374999397274	0.00728307170732052	1.537876722247668e-21	0.04375097878955435	0.09519652119839113
8,13	-0.04291587319527985	0.007283011029148814	3.839070802709538e-09	-0.06863843009304431	-0.017193316297515387
8,14	-0.0027368841937074687	0.007283025114240155	0.7070758645778528	-0.028459490838006977	0.02298572245059204
8,15	0.08997931134557616	0.007283066303786201	5.513615583368568e-35	0.0642565592256708	0.11570206346548151
8,16	0.051228542084330364	0.007283038784291787	2.047312423004566e-12	0.0255058871593569	0.07695119700930383
9,10	0.36022907200956894	0.007283043413619865	0.0	0.3345064007344685	0.38595174328466936
9,12	-0.02658572515323976	0.007283061312939185	0.0002622932143623322	-0.052308459646184795	-0.0008629906602947227
9,13	-0.003487390506159857	0.007282996821977238	0.6320556491475622	-0.029209897226219278	0.022235116213899564
9,14	0.0039672632641354205	0.007283010019064526	0.5859439844417211	-0.021755290066155304	0.029689816594426145
9,15	-0.06822453979000652	0.0072830377141934	7.882996865739018e-21	-0.093947190935545	-0.042501888644468036
9,16	-0.0016233976802050853	0.007283031672185793	0.8236136769471127	-0.027346027486233875	0.024099232125823704
10,12	-0.06810773833709056	0.007283060685701973	9.173863321185714e-21	-0.09383047061472316	-0.04238500605945796
10,13	-0.058010297192251994	0.0072830082844169705	1.7036233954399215e-15	-0.08373284439601479	-0.0322877499884892
10,14	0.005022722125035101	0.007283008463829389	0.4904196424203079	-0.020699825712386787	0.030745269962456988
10,15	0.10978058500747316	0.007283048402315023	3.6081544326557624e-51	0.0840578961130125	0.1355032739019338
10,16	0.07464140207971146	0.0072830150335328496	1.307612032443991e-24	0.04891883103903333	0.10036397312038958
12,13	-0.021252836170500593	0.007283037581114111	0.003523809737922591	-0.046975486846022	0.004469814505020809
12,14	0.006542715204429433	0.007283031665505794	0.3690053673742797	-0.019179914578006555	0.032265344986865424
12,15	-0.07674319444770554	0.0072830641068213	6.408221026136775e-26	-0.10246593880824399	-0.05102045008716709
12,16	-0.005029758603100301	0.007283031683875402	0.4898135138330826	-0.030752388450415124	0.02069287124421452
13,14	-0.007934897445337548	0.00728299092652884	0.27593676209149426	-0.03365738334351351	0.017787588452838416
13,15	0.05416531673825539	0.007283008045590108	1.0536251762657386e-13	0.028442770377995034	0.07988786309851575
13,16	0.0031622203029365165	0.007283002065084744	0.6641519968381508	-0.02256030493503131	0.028884745540904342
14,15	-0.03892733855555111	0.007283017849474411	9.10525943123327e-08	-0.06464991954173346	-0.013204757569368751
14,16	-0.06725541463215068	0.007283006605026675	2.745823889527046e-20	-0.09297795590454633	-0.041532873359755036
15,16	0.38391579846614776	0.007283046914187758	0.0	0.3581931148275405	0.409638482104755
