Params: 	576
Performance: 	0.9424255985819459
Term	Coefficient	Standard Error	p-value	95% CI lower	95% CI upper
Intercept	6.16593040797629
1	-0.16956616517645678	0.026291770049520245	1.1389080290161304e-10	-0.2727690386717252	-0.06636329168118837
2	-0.14707455751615994	0.026295528737225276	2.2481624644686955e-08	-0.2502921849580436	-0.043856930074276296
3	0.6408024974520704	0.026301147721538683	6.274769547924035e-130	0.5375628138562581	0.7440421810478827
4	0.09648735718890689	0.026284329561331046	0.0002420825176627226	-0.0066863102179206685	0.19966102459573443
5	-0.8302482369216191	0.02631621292310447	3.6599154540960366e-215	-0.9335470558319593	-0.7269494180112789
6	-0.06204058238344279	0.026289820754137935	0.018287256439716317	-0.16523580432522633	0.04115463955834077
7	-0.19481893947128953	0.026284259650610823	1.2747727072100261e-13	-0.29799233245812934	-0.09164554648444972
8	-0.10342555486991978	0.02629055498038568	8.373948482239524e-05	-0.2066236588640878	-0.00022745087575175293
9	-0.08823245430752524	0.026291783043350506	0.0007920054873341618	-0.19143537880737105	0.014970470192320576
10	-0.29345084094526064	0.02631810808244458	8.077771131881236e-29	-0.3967570989093147	-0.19014458298120657
12	0.051301525766122236	0.02628745926475619	0.05099929287312894	-0.05188442664038599	0.15448747817263048
13	0.009996360885800165	0.026281359577288995	0.7036812048235737	-0.09316564846655645	0.11315837023815678
14	0.02078532084269305	0.026289080298538985	0.4291572311484484	-0.08240699459468387	0.12397763628006997
15	-0.1567093409354407	0.02628690037529294	2.5254510954569542e-09	-0.25989309953763434	-0.05352558233324707
16	-0.17646875299050369	0.02629490027780806	1.963237608411258e-11	-0.279683913545692	-0.07325359243531537
1,2	0.3468905703098997	0.019123041596095708	3.587185717921954e-73	0.27182704895057486	0.4219540916692246
1,3	0.22046066021088756	0.019125905891116672	1.1111939786726626e-30	0.1453858956573561	0.295535424764419
1,4	-0.037204485994346226	0.01911711974803499	0.05164731569724291	-0.11224476237111126	0.03783579038241881
1,5	0.37485737967203864	0.019130525666936158	5.399753335835576e-85	0.2997644811496425	0.4499502781944348
1,6	0.012622534489570306	0.019120067298469476	0.5091481554948002	-0.06242931188320634	0.08767438086234695
1,7	-0.002184644288042159	0.01911428441711861	0.9090056095398225	-0.07721379116316736	0.07284450258708304
1,8	0.11045525625482186	0.01911666251930705	7.631214382790583e-09	0.03541677463430484	0.18549373787533888
1,9	0.0212400555533237	0.019116629943016304	0.26654336926054006	-0.05379829819574128	0.09627840930238868
1,10	0.28054756265796016	0.01912905121115115	1.528582500774798e-48	0.205460451804997	0.3556346735109233
1,12	0.0026189564000329013	0.01911756616072921	0.8910378643412151	-0.07242307227689	0.0776609850769558
1,13	0.009144591520060641	0.019119814736484553	0.6324554377756217	-0.06590626347318809	0.08419544651330937
1,14	0.017486001598858436	0.019119434360496325	0.36042592889570046	-0.0575633603075833	0.09253536350530017
1,15	-0.0001614040023041885	0.01911983612740144	0.9932646270378167	-0.07521234296114693	0.07488953495653855
1,16	0.04188158031863021	0.019119628364710657	0.0284950426802591	-0.033168543110993556	0.11693170374825397
2,3	0.212798727643771	0.019127651131703574	1.0678664296769808e-28	0.13771711251140176	0.2878803427761403
2,4	-0.15837213326647126	0.019118091610002722	1.238035355233586e-16	-0.233416224485201	-0.08332804204774154
2,5	0.12773751461398475	0.019130869359025932	2.477991542508947e-11	0.052643266999793145	0.20283176222817634
2,6	0.0405252043491412	0.019121359636976008	0.03406701723879301	-0.034531714829580104	0.1155821235278625
2,7	0.09375402976683161	0.019114544833135988	9.395498405133753e-07	0.018723860682808083	0.16878419885085516
2,8	0.27009799363649006	0.019116717717189678	3.446276830107671e-45	0.19505929534816835	0.3451366919248118
2,9	0.08914637425807548	0.019117703127788998	3.1284633153466108e-06	0.014103807945454488	0.16418894057069647
2,10	0.2886114193716896	0.019130113044221336	2.969806693802249e-51	0.213520140513917	0.3637026982294622
2,12	0.02089086837707088	0.019118472387996008	0.27453114411751395	-0.054154717506453065	0.09593645426059483
2,13	0.01869411748176636	0.01912077352379507	0.3282369014625929	-0.05636050103160027	0.09374873599513299
2,14	0.02647835725253135	0.019119677719090088	0.1661004360730341	-0.04857195990744101	0.10152867441250371
2,15	0.017956148122794696	0.01912049668123264	0.34768407395896384	-0.05709738370268844	0.09300967994827783
2,16	0.08126577852804776	0.01912065279890674	2.1422408071226223e-05	0.006211633895114227	0.15631992316098128
3,4	-1.1738868203200474	0.019122742290433932	0.0	-1.2489491668172656	-1.0988244738228292
3,5	0.36561523327759754	0.01913569735951085	6.297123184397841e-81	0.29050203435193694	0.44072843220325814
3,6	0.09753013112228892	0.01912392493575578	3.4176417698380105e-07	0.022463142396901573	0.17259711984767628
3,7	0.16427340867299367	0.019116857292086016	8.841384195260464e-18	0.08923416251245404	0.2393126548335333
3,8	0.5463676545864735	0.019121034044431415	2.3700284822344233e-177	0.47131201345354856	0.6214232957193985
3,9	0.11579012048566775	0.019119342269935363	1.4094372448390694e-09	0.04074112006156422	0.1908391209097713
3,10	0.3235944782983241	0.01913295885786144	6.844207389021746e-64	0.24849202879116056	0.39869692780548766
3,12	0.25813842391033337	0.01911985511952203	2.001044924630487e-41	0.18308741040187243	0.3331894374187943
3,13	0.06131100444545834	0.01912512596075515	0.001348275473089476	-0.013760698653698486	0.13638270754461518
3,14	0.04770763760275373	0.019124893555250492	0.012617370519118721	-0.027363153236945034	0.1227784284424525
3,15	0.05691678177575932	0.019123404581719867	0.002919774431239829	-0.01814816440811637	0.131981727959635
3,16	0.4443047344577111	0.01912357616020518	2.0010785313187273e-118	0.36923911477818716	0.5193703541372351
4,5	2.028310350331809	0.019121753100917606	0.0	1.9532518866922428	2.1033688139713758
4,6	-0.021349753118188375	0.01911418101125821	0.2640203058091872	-0.0963784940951215	0.05367898785874475
4,7	-0.0644518879231896	0.019109679246197588	0.0007451352717213255	-0.13946295815794058	0.010559182311561402
4,8	-0.28744563245927013	0.019113696556683386	6.110933443749235e-51	-0.3624724718105575	-0.21241879310798278
4,9	-0.12962953503032054	0.01911152649338257	1.1991991539349251e-11	-0.20464785624958826	-0.054611213811052814
4,10	-0.2997624718034868	0.019124526437734123	3.638900968324461e-55	-0.3748318215997515	-0.2246931220072221
4,12	0.02339948797035235	0.019112141888547672	0.22083835671264038	-0.05162124885460696	0.09842022479531166
4,13	0.007230540555333655	0.019114539199847597	0.7052292777550236	-0.06779960641638827	0.08226068752705559
4,14	-0.016073197818513338	0.019114496006468848	0.40041556330605355	-0.0911031752436131	0.05895677960658642
4,15	-0.01592707264926785	0.01911431040478712	0.4047077905413502	-0.09095632153357922	0.05910217623504352
4,16	-0.1443454046626727	0.019113980319450222	4.4061064146923906e-14	-0.21937335786566622	-0.06931745145967919
5,6	0.12329705277804548	0.019128760264767293	1.1674960967914773e-10	0.048211083974582625	0.19838302158150833
5,7	0.31684369903791854	0.01912453182690469	2.1601592990372813e-61	0.24177432808758595	0.39191306998825115
5,8	0.6094438380307885	0.019126507304771004	2.2643185447841263e-219	0.5343667127530772	0.6845209633084998
5,9	0.24534823482042256	0.019125696633429588	1.4105457806096884e-37	0.17027429166440702	0.3204221779764381
5,10	1.2602867642782232	0.019139159926092275	0.0	1.185159973767812	1.3354135547886343
5,12	0.11959440026620316	0.019126774215234146	4.0844085191209395e-10	0.044516227286997806	0.19467257324540851
5,13	0.07633242223790232	0.01913014963904211	6.617455001940396e-05	0.0012409997347740814	0.15142384474103054
5,14	0.040766067825505195	0.019130085389378233	0.03309735202583237	-0.03432510247893422	0.11585723812994461
5,15	-0.013090134194893424	0.019130484453801038	0.49381895495448025	-0.08818287094370178	0.06200260255391493
5,16	0.25134371301411573	0.019129171499038033	2.4783871071174558e-39	0.17625612999607776	0.3264312960321537
6,7	0.03928420179113998	0.019112119681283672	0.039842658435679634	-0.035736447863824586	0.11430485144610454
6,8	0.056739500376805994	0.01911494074327443	0.0029964158595741012	-0.018292222770099432	0.13177122352371143
6,9	0.032634939440865596	0.019114193137042722	0.08776357691626109	-0.04239384913331194	0.10766372801504313
6,10	0.11187534891645612	0.01912646432344213	4.9860302882478344e-09	0.03679839235300933	0.1869523054799029
6,12	0.013298019219472074	0.019114728188200224	0.4866249549316808	-0.06173286958671027	0.08832890802565442
6,13	0.0008539290787390186	0.0191183038508857	0.9643741916074333	-0.07419099524742148	0.07589885340489952
6,14	-0.008989618454603221	0.019117058563531485	0.6381862794675985	-0.0840296546643288	0.06605041775512235
6,15	0.002396071279860107	0.019117399084937328	0.9002594593853759	-0.07264530157580082	0.07743744413552103
6,16	0.008602004605005376	0.019117745434576894	0.6527504782542557	-0.06644072777410984	0.08364473698412059
7,8	0.47680298949404204	0.01911177010520799	4.462981791819124e-136	0.4017837120272355	0.5518222669608486
7,9	0.15147971247932263	0.019111221184119818	2.332018400576125e-15	0.0764625896880482	0.22649683527059705
7,10	0.3446697636712256	0.01912210468055113	2.840500504224039e-72	0.2696099199789517	0.4197296073634995
7,12	0.039433387364383385	0.019112432655305937	0.039098603066940595	-0.035588490804993336	0.1144552655337601
7,13	-0.036386340900818576	0.019112617194323216	0.056946955292355744	-0.11140894343971547	0.03863626163807832
7,14	0.01790511105343126	0.019112201990366035	0.34884696400643656	-0.05711586168871223	0.09292608379557475
7,15	-0.08167290617370654	0.019113970929055105	1.934660554931476e-05	-0.15670082251665762	-0.006644989830755441
7,16	0.05467562325155606	0.0191117525271539	0.004227964208293868	-0.020343585216256135	0.12969483171936824
8,9	0.03263275271980354	0.01911348247600727	0.08777303695457599	-0.0423932463023278	0.10765875174193487
8,10	0.5988206704342258	0.019123972398792717	4.97147981952855e-212	0.5237534954025613	0.6738878454658903
8,12	-0.034801213821950006	0.019114381660325423	0.06866450587699958	-0.10983074240505272	0.04022831476115271
8,13	-0.054595280857672845	0.01911529214345698	0.004291489725854755	-0.12962838335288834	0.02043782163754264
8,14	0.02868913332778328	0.019116126428643285	0.13342187693092733	-0.046347243980363356	0.10372551063592991
8,15	0.10056364534956344	0.019116653465319263	1.4456590116663315e-07	0.025525199268591856	0.175602091430535
8,16	0.1693678278761488	0.019115155223018394	8.375373781718521e-19	0.09433526283362957	0.244400392918668
9,10	0.5787967054811803	0.01912485089608999	2.1232990291757715e-198	0.5037260820911411	0.6538673288712196
9,12	-0.030919939246503284	0.0191134386698528	0.10573564668813779	-0.10594576631668885	0.044105887823682285
9,13	-0.023086979132865046	0.019114370702126134	0.2271201886846428	-0.09811646470183624	0.05194250643610615
9,14	-0.006147020329107189	0.019115269469256506	0.7477756910068912	-0.08118003382146592	0.06888599316325154
9,15	-0.05535867466480153	0.01911670271444627	0.0037841566831466555	-0.13039731406297522	0.01967996473337215
9,16	0.04725620626034055	0.019114623728883985	0.013431558090105471	-0.027774272512527995	0.1222866850332091
10,12	-0.10433741163912783	0.019123740411921733	4.908281494428435e-08	-0.17940367605459362	-0.02927114722366203
10,13	-0.055656891353258575	0.019127219496993798	0.0036187805716934992	-0.1307368121933734	0.019423029486856272
10,14	0.023012729818630923	0.019128095534139144	0.22895221590896947	-0.052070629723044076	0.09809608936030592
10,15	0.16250644767567368	0.019126938668849007	2.0422739213797862e-17	0.08742762916801672	0.23758526618333065
10,16	0.2482769720727544	0.01912585122603175	1.954930682702301e-38	0.17320242209564107	0.3233515220498677
12,13	-0.06390322160176046	0.019114960941553807	0.0008294294867465171	-0.13893502403280944	0.01112858082928854
12,14	0.01010083153768851	0.019114477064202377	0.5971984651086841	-0.06492907153348504	0.08513073460886206
12,15	-0.044059577005323036	0.01911705108811201	0.021188247541417696	-0.11909958387184467	0.030980429861198602
12,16	-0.028199557587129664	0.019113969323477677	0.1401316272830212	-0.1032274676277206	0.04682835245346127
13,14	-0.01476944144771189	0.01911868763480956	0.4398161397114735	-0.08981587223782173	0.060276989342397946
13,15	0.10792964615070505	0.019118439347744962	1.6626966078391443e-08	0.032884189959812765	0.18297510234159733
13,16	0.08524825685873091	0.019118064043262932	8.260600479911192e-06	0.01020427384750315	0.16029223986995866
14,15	-0.0028038953268053474	0.019117472352983913	0.8833960782573076	-0.07784555578094018	0.07223776512732949
14,16	-0.03774728295060731	0.019118480116986025	0.048346301279187744	-0.1127928991726736	0.03729833327145898
15,16	0.36892546266138226	0.019116533113279075	1.6191423592413875e-82	0.293887488997306	0.44396343632545854
1,2,3	0.06183927937632566	0.010220171279507506	1.4580693358178063e-09	0.021722123259701437	0.10195643549294989
1,2,4	-0.04225394570408708	0.01022014414825018	3.5682136855160886e-05	-0.08237099532260515	-0.0021368960855690095
1,2,5	-0.05050618799206774	0.010220123457417652	7.777965260471996e-07	-0.09062315639302732	-0.01038921959110816
1,2,6	-0.015452079882205899	0.010220020923398477	0.13055845353142967	-0.055568645807204754	0.024664486042792956
1,2,7	-0.030425864125763154	0.010220159079350184	0.0029125964433426516	-0.07054297235320797	0.009691244101681665
1,2,8	0.009621155331665479	0.010220110665963442	0.3465098590874016	-0.03049576285910178	0.04973807352243274
1,2,9	-0.03100296543727432	0.010220066264177928	0.002418972440578994	-0.07111970933807005	0.009113778463521412
1,2,10	-0.020181074072942395	0.010220121741040004	0.04831744382850856	-0.0602980357366186	0.01993588759073381
1,2,12	-0.022550756475815226	0.010220114587690902	0.02735557165259407	-0.06266769006050774	0.017566177108877284
1,2,13	-0.016583832302223052	0.010220018410938558	0.1046673968085322	-0.0567003883650832	0.023532723760637093
1,2,14	-0.0024230630232382755	0.010220027751749659	0.8125887403219267	-0.0425396557515091	0.03769352970503255
1,2,15	-0.01023146519840007	0.010220111445851558	0.31678074382859867	-0.050348386450455876	0.029885456053655737
1,2,16	0.011702821051834733	0.01022004472371824	0.2521824537650004	-0.028413838296367844	0.05181948040003731
1,3,4	0.035828232392354886	0.010220311343442399	0.0004562168467137893	-0.004289473516106354	0.07594593830081613
1,3,5	-0.08596879711939229	0.010220297114654076	4.210892554689763e-17	-0.12608644717570516	-0.0458511470630794
1,3,6	-0.03250442866108369	0.0102200871343887	0.0014718886776113184	-0.07262125448354989	0.007612397161382518
1,3,7	-0.026560553454623853	0.01022028804428565	0.009359126449876434	-0.06667816790709252	0.013557060997844816
1,3,8	-0.09949627076435785	0.01022025542334252	2.291827066395021e-22	-0.13961375717010083	-0.059378784358614864
1,3,9	-0.031783781181294754	0.010220175018356203	0.0018731111190522676	-0.0719009519739917	0.00833338961140219
1,3,10	-0.14587015462130953	0.010220235886111387	4.4850517736668525e-46	-0.1859875643377163	-0.10575274490490277
1,3,12	-0.004051451761884553	0.010220245878006545	0.6918020473128565	-0.044168900699397017	0.03606599717562791
1,3,13	-0.00731297784903201	0.010220069449963986	0.4742740375040624	-0.04742973425496813	0.03280377855690411
1,3,14	0.0008240557566339055	0.010220100892371313	0.9357360087795175	-0.03929282406993079	0.0409409355831986
1,3,15	0.0048057911133423115	0.010220198700195865	0.6381976018264341	-0.03531147263748936	0.044923054864173986
1,3,16	-0.02856730427825116	0.010220133369686345	0.00518986516178314	-0.06868431158775931	0.011549703031256991
1,4,5	-0.06290281257177849	0.010220310341884515	7.611642910537498e-10	-0.10302051454883263	-0.02278511059472435
1,4,6	0.018056796488168297	0.01022012276187376	0.07727315401295168	-0.022060169182578443	0.05817376215891504
1,4,7	0.029023194222689556	0.010220336838001972	0.004517742515790803	-0.011094611759361307	0.06914100020474043
1,4,8	0.03411785225243846	0.010220273376143075	0.0008440312096597476	-0.005999704623288138	0.07423540912816506
1,4,9	0.03122343949844396	0.010220225505335209	0.0022519756998843443	-0.00889392947038558	0.0713408084672735
1,4,10	-0.0492249521903068	0.010220251274895583	1.4682862324206946e-06	-0.0893424223121844	-0.009107482068429207
1,4,12	0.0046208825373117435	0.010220268413775603	0.6511789158722437	-0.03549665485967374	0.044738419934297224
1,4,13	-0.009023384255171962	0.010220078698989258	0.37729286736946044	-0.04914017696623259	0.031093408455888663
1,4,14	-0.0068135721476859715	0.010220089376294959	0.504978670392525	-0.04693040677028878	0.033303262474916835
1,4,15	0.012660737093806856	0.010220198492802037	0.2154302708845439	-0.027456525842943495	0.05277800003055721
1,4,16	0.00443048116476949	0.010220154068887677	0.6646513302346159	-0.03568660739514715	0.04454756972468613
1,5,6	-0.029063448147908122	0.010220116640818889	0.004461434421149617	-0.06918038979172741	0.011053493495911164
1,5,7	-0.019904441147099383	0.010220337501572583	0.051479628334690455	-0.06002224973385863	0.020213367439659867
1,5,8	-0.12039056462839084	0.010220243477286055	5.787509831958288e-32	-0.16050800414237448	-0.0802731251144072
1,5,9	-0.05083440429760444	0.010220201556199028	6.595333544522164e-07	-0.09095167925908236	-0.010717129336126521
1,5,10	-0.02454315325348201	0.010220219311498194	0.016336739617795557	-0.06466049790969294	0.015574191402728914
1,5,12	-0.02415972956395951	0.01022026666275248	0.01808942659649216	-0.06427726008766801	0.01595780095974899
1,5,13	-0.015215608692638619	0.010220083311259525	0.13655120570782617	-0.05533241950820662	0.024901202122929386
1,5,14	-0.005162394020872471	0.01022006174176528	0.6134755247451106	-0.045279120169878215	0.03495433212813327
1,5,15	-0.01415831105653513	0.010220187621006651	0.16596186813309982	-0.0542755313183145	0.02595890920524424
1,5,16	-0.04372213284111566	0.010220154697062849	1.8910033711582046e-05	-0.08383922386680326	-0.0036050418154280686
1,6,7	0.009502747971082526	0.010220138470784007	0.3524784465215145	-0.03061427936172325	0.0496197753038883
1,6,8	-0.0006261634727722648	0.010220073704179319	0.9511461575018731	-0.04074293657774561	0.03949060963220108
1,6,9	-0.000861663645431443	0.010220041568763176	0.9328095595802814	-0.04097831060951429	0.039254983318651404
1,6,10	-0.014763670956352615	0.010220062726360907	0.14858642021815732	-0.05488040097018365	0.025353059057478422
1,6,12	-0.0011677317882231864	0.010220120975260476	0.9090338977896011	-0.041284690445991166	0.038949226869544794
1,6,13	0.007591378753421085	0.010220060269962505	0.45761307936490014	-0.03252534161832906	0.04770809912517123
1,6,14	0.0017226898136417992	0.010219965981824376	0.8661428590082431	-0.03839366044963816	0.04183904007692176
1,6,15	-0.004052432515250878	0.010220093318676762	0.6917269031400151	-0.044169282612853265	0.03606441758235151
1,6,16	0.004963728062163941	0.010220046683476033	0.6271935155267481	-0.03515293897866014	0.04508039510298802
1,7,8	0.0014798963574951252	0.010220269982231779	0.8848695951515617	-0.03863764719613876	0.04159743991112901
1,7,9	0.012790933634871632	0.010220212650651468	0.21074920849112616	-0.027326384875571215	0.05290825214531448
1,7,10	-0.058114838533959406	0.010220223166304374	1.3098007620796887e-08	-0.09823219832141002	-0.017997478746508797
1,7,12	-0.003462878241049766	0.01022026866171372	0.7347441028388261	-0.04358041661126474	0.036654660129165205
1,7,13	0.006617636896197154	0.010220151485391078	0.5173074106757781	-0.03349944152274107	0.04673471531513538
1,7,14	-0.00963943903634723	0.01022010050215095	0.34559371768960534	-0.04975631733118307	0.030477439258488608
1,7,15	0.014208074954132732	0.010220230945679186	0.164480485056399	-0.025909315369635262	0.05432546527790073
1,7,16	-0.007218359724034229	0.010220178102021896	0.48001597923876826	-0.047335542621019314	0.032898823172950856
1,8,9	-0.0014003751647446994	0.010220162564860203	0.8910151906232135	-0.04151749707383397	0.03871674674434457
1,8,10	-0.0819351927962153	0.010220185591439987	1.1201761701401107e-15	-0.12205240509135298	-0.041817980501077635
1,8,12	-0.017120666995315337	0.0102202083296598	0.09390909108989076	-0.05723796854460434	0.022996634553973667
1,8,13	0.007494486120142103	0.010220036575824638	0.4633728858306597	-0.03262214124519926	0.04761111348548347
1,8,14	0.00274174767667687	0.010220080179690914	0.7884927137226982	-0.03737505084657006	0.0428585461999238
1,8,15	-0.0032731800128137922	0.010220143398331322	0.7487676283593859	-0.04339022668768141	0.036843866662053824
1,8,16	0.000314439949606643	0.010220123356939354	0.9754557515025752	-0.039802528056946285	0.04043140795615957
1,9,10	-0.051435660957681525	0.010220114416563762	4.860128246883551e-07	-0.09155259387065005	-0.011318728044712997
1,9,12	0.010740104649680567	0.01022016234651758	0.29332430799400283	-0.029377016402350152	0.050857225701711285
1,9,13	-0.01139945735128766	0.01022002762045346	0.26468579806534576	-0.05151604956418258	0.028717134861607256
1,9,14	0.005233320594684093	0.010220033650882502	0.6086091116963288	-0.03488329528940543	0.04534993647877362
1,9,15	0.017390358663842115	0.010220137301245663	0.08884424351660825	-0.022726664078184203	0.05750738140586843
1,9,16	-0.007905688197245964	0.01022009219120264	0.439206366955636	-0.04802253386918325	0.032211157474691325
1,10,12	-0.00045572043893193914	0.01022022791668108	0.9644343542607814	-0.04057309887299803	0.03966165799513415
1,10,13	0.000780106791473098	0.010220029159797079	0.9391561039437789	-0.03933649146379494	0.04089670504674114
1,10,14	-0.010201353029502702	0.010220042747104854	0.31820385282942365	-0.05031800461892066	0.029915298559915253
1,10,15	-0.016738994251613848	0.010220120629783858	0.10146342502605073	-0.05685595155328524	0.023377963050057543
1,10,16	-0.03503823752502072	0.010220091498523513	0.0006079844265913991	-0.0751550804779902	0.00507860542794876
1,12,13	0.0016420795011986844	0.010220091381799693	0.8723529892150237	-0.03847476299359573	0.0417589219959931
1,12,14	-0.0013933659192458259	0.010220088890598486	0.8915565313222588	-0.041510198635348175	0.03872346679685652
1,12,15	0.006086685006594747	0.010220191870668027	0.5514768410240428	-0.03403055193634624	0.04620392194953574
1,12,16	0.0001437400701876923	0.010220116395934684	0.9887786691819269	-0.0399732006123896	0.04026068075276498
1,13,14	0.0030661623950720973	0.010219991669669245	0.7641667945695391	-0.03705028870049871	0.0431826134906429
1,13,15	0.0024350779037699	0.010220063090133567	0.8116775009574106	-0.037681653537975035	0.042551809345514835
1,13,16	0.008678258706442565	0.010219981815496501	0.39580628930786566	-0.03143815370862323	0.048794671121508364
1,14,15	-0.004304194562622182	0.010220031042111085	0.6736463415803273	-0.04442080020652225	0.03581241108127788
1,14,16	0.0006815812571202007	0.010220023802589998	0.9468282984267007	-0.03943499596954597	0.04079815848378637
1,15,16	-0.014261878228045033	0.010220121946919432	0.16288368704425196	-0.0543788406998581	0.025855084243768034
2,3,4	0.15355686135318874	0.010220329413848688	7.546711639332972e-51	0.11343908451310705	0.19367463819327044
2,3,5	-0.17231097833354897	0.010220297686712017	1.6739936656055663e-63	-0.2124286306353563	-0.13219332603174164
2,3,6	0.0013488130865332015	0.010220133330407466	0.8950040438235618	-0.038768194068793886	0.04146582024186029
2,3,7	-0.03748269959337586	0.010220285883388098	0.00024534833057331687	-0.07760030556369074	0.002634906376939028
2,3,8	-0.20545338665111118	0.010220285514066195	2.4971152746657064e-89	-0.24557099117172976	-0.1653357821304926
2,3,9	-0.054241897319070476	0.010220177603903386	1.1197891594434689e-07	-0.09435907826079498	-0.014124716377345976
2,3,10	-0.1714179609182817	0.010220238214542822	7.207881357462462e-63	-0.21153537977446166	-0.13130054206210176
2,3,12	0.012263460657025507	0.01022022310021182	0.23017888106209733	-0.027853898870992537	0.05238082018504355
2,3,13	-0.00853462677436212	0.010220108953163982	0.40367788995944975	-0.04865153824189144	0.0315822846931672
2,3,14	-0.0023098213811401994	0.01022014639629499	0.8211976642564318	-0.042426879823890484	0.037807237061610086
2,3,15	0.009937818123761571	0.010220228425220301	0.33087508549764766	-0.030179562306469433	0.050055198553992576
2,3,16	-0.0710975364522289	0.010220152155285949	3.5526267975411706e-12	-0.11121461750070007	-0.030980455403757726
2,4,5	0.09184178477100194	0.010220330132173133	2.6963072890181032e-19	0.05172400511128707	0.1319595644307168
2,4,6	0.0033544217124449466	0.010220090934841894	0.7427486943909289	-0.03676241902790961	0.0434712624527995
2,4,7	-0.0009521620927348817	0.010220345437568909	0.9257743357448712	-0.04107000183059668	0.03916567764512691
2,4,8	0.010169868617937172	0.010220282335328656	0.3197110526637894	-0.029947723425208524	0.05028746066108287
2,4,9	-0.012113050029637307	0.010220268918032746	0.23594765933722592	-0.05223058940597929	0.02800448934670468
2,4,10	0.0020195920067286044	0.010220264703417843	0.8433541049074327	-0.0380979308260194	0.04213711483947661
2,4,12	0.0175862036838757	0.01022022792305728	0.08531035490555482	-0.022531174775218835	0.057703582142970236
2,4,13	-0.009129267269493757	0.010220097805869138	0.37172137637194325	-0.049246134980636284	0.03098760044164877
2,4,14	-0.011826735760833373	0.010220131856601007	0.24719931576453238	-0.05194373713103982	0.028290265609373075
2,4,15	-0.002799902973032564	0.010220243765954717	0.7841197594883744	-0.042917343620124976	0.03731753767405985
2,4,16	-0.0014746910572044636	0.010220123838673467	0.8852701112478643	-0.04159166095470443	0.0386422788402955
2,5,6	-0.01873940454835088	0.010220071633150201	0.06672438788589286	-0.05885616952393029	0.02137736042722853
2,5,7	0.006005091295317566	0.010220329407996878	0.5568295365707078	-0.03411268552179407	0.0461228681124292
2,5,8	-0.13734188022595095	0.010220261993654934	4.666141225794486e-41	-0.1774593924220884	-0.09722436802981349
2,5,9	-0.02488992647927374	0.010220252146689712	0.014882663872940651	-0.06500740002319781	0.015227547064650335
2,5,10	-0.1861871224181961	0.010220244199693461	8.84873837423223e-74	-0.22630456476783972	-0.14606968006855248
2,5,12	-0.00578635151733943	0.010220199166173644	0.5712834260195236	-0.045903617097269936	0.034330914062591075
2,5,13	-0.01503115353171966	0.01022009677360522	0.14136998109317878	-0.055148017190924936	0.025085710127485616
2,5,14	-0.0018914871725171367	0.010220098973866856	0.8531712004263529	-0.04200835946839171	0.038225385123357436
2,5,15	0.008769483963127711	0.010220242101201335	0.390870989463182	-0.03134795014932164	0.04888691807557706
2,5,16	-0.05218751967925522	0.010220134219746786	3.303298413694468e-07	-0.09230453032549879	-0.012070509033011663
2,6,7	-0.0010390211809992445	0.010220086248660989	0.919023522079644	-0.04115584352672559	0.0390778011647271
2,6,8	-9.001253270067566e-05	0.010220092768022503	0.9929728503487174	-0.04020686046882433	0.04002683540342298
2,6,9	-0.004741454735094859	0.01022007774046546	0.6426972589824083	-0.04485824368366973	0.03537533421348001
2,6,10	-0.009114350316636488	0.01022006035118779	0.37250156603740503	-0.049231071007219594	0.031002370373946618
2,6,12	-0.00231088785237947	0.010220098571983385	0.8211156833063088	-0.04242775857074409	0.03780598286598515
2,6,13	-0.00120910397834334	0.010220030605862008	0.9058249342098054	-0.04132570790983841	0.03890749995315173
2,6,14	-0.004945833184420448	0.01021998978509366	0.6284337493811225	-0.04506227688248187	0.035170610513640975
2,6,15	-1.221832373488052e-05	0.010220069058304252	0.9990461186281229	-0.040128973192292194	0.04010453654482243
2,6,16	0.0005000876909089236	0.010220042717542253	0.9609737482999714	-0.039616563782467196	0.04061673916428504
2,7,8	-0.0021500987097855043	0.010220270614594129	0.8333756320635883	-0.04226764474562624	0.03796744732605523
2,7,9	-0.006274402154495436	0.01022029822370749	0.5392753527640288	-0.04639205656416677	0.0338432522551759
2,7,10	-0.02129272561438235	0.01022022385854018	0.03722347477184413	-0.0614100881190606	0.018824636890295905
2,7,12	-0.0053490057289101445	0.010220245756529307	0.600717984805508	-0.04546645418958898	0.03476844273176869
2,7,13	0.001985548375184845	0.010220090853266278	0.84595870959463	-0.0381312920449616	0.04210238879533129
2,7,14	-0.00798464744678326	0.010220123984656814	0.4346511401719504	-0.048101617917310484	0.03213232302374396
2,7,15	-0.002163068239226018	0.010220266229167899	0.8323853459633708	-0.04228059706098845	0.03795446058253641
2,7,16	-0.015137613826058077	0.010220151406623744	0.13857548473726916	-0.05525469193581152	0.024979464283695366
2,8,9	-0.010842550690287833	0.01022022589144261	0.28874721149366467	-0.05095992117470165	0.02927481979412598
2,8,10	-0.05961636978537363	0.010220175688535388	5.489476177538059e-09	-0.09973354320871954	-0.019499196362027724
2,8,12	-0.016846182778121117	0.010220186285696436	0.09929591584851168	-0.056963397798418046	0.02327103224217581
2,8,13	0.0010252403532010068	0.010220082382735472	0.9200938833734279	-0.039091566817639	0.04114204752404101
2,8,14	0.003316310871605943	0.010220098500304923	0.7455698682963219	-0.036800559565399786	0.04343318130861167
2,8,15	-0.020754096708035963	0.010220199238825632	0.04229429002194044	-0.06087136257314674	0.01936316915707481
2,8,16	0.002692036267591069	0.010220121289074817	0.7922397371048828	-0.03742492362198982	0.04280899615717196
2,9,10	-0.008090159804270053	0.01022018518279938	0.4286077263074469	-0.04820737049537403	0.03202705088683393
2,9,12	-0.0007480498152809684	0.010220170466547687	0.9416526136037757	-0.040865202740800556	0.03936910311023862
2,9,13	0.002820708217217166	0.010220047086013193	0.7825517080747835	-0.03729596040368279	0.042937376838117124
2,9,14	-0.00566399512061129	0.010220046377255716	0.5794428044040207	-0.04578066095943122	0.03445267071820864
2,9,15	-0.00668056927985744	0.010220213494583213	0.5133340226355622	-0.04679789110297878	0.0334367525432639
2,9,16	0.0018624765880960459	0.010220076083789834	0.8553978452508815	-0.038254305857543316	0.04197925903373541
2,10,12	-0.016819765155034222	0.010220158034029394	0.09982625445309162	-0.05693686927928975	0.023297338969221308
2,10,13	0.004238441459039205	0.0102200373380178	0.6783505557290144	-0.03587818889813285	0.04435507181621126
2,10,14	-0.004338277857201381	0.010220092161157905	0.6712148467247289	-0.04445512341120431	0.03577856769680155
2,10,15	-0.01790051211831517	0.010220186311794027	0.07987181513366254	-0.058017727241052766	0.022216703004422425
2,10,16	-0.02227167842203087	0.010220109311761386	0.029323953466615874	-0.06238859129715969	0.01784523445309795
2,12,13	0.000716053188195509	0.010220096122501696	0.9441437512029321	-0.03940080791523834	0.04083291429162936
2,12,14	0.0006728533471384579	0.01022008652748035	0.9475085146015712	-0.03944397009303528	0.0407896767873122
2,12,15	-0.003095222161868527	0.0102201759780066	0.76200302078108	-0.04321239672147346	0.0370219523977364
2,12,16	0.017981858920860183	0.01022005318865833	0.07850755201317838	-0.022134833654703645	0.05809855149642401
2,13,14	0.0024677391821420966	0.010220047617914617	0.8091996679280925	-0.03764893152662624	0.04258440989091043
2,13,15	-0.007630521792135719	0.010220057917494108	0.45529714088969697	-0.04774723292976059	0.03248618934548915
2,13,16	0.003931174614449168	0.010220000003958079	0.7004955546384779	-0.03618530919563856	0.044047658424536895
2,14,15	-0.015054786041949375	0.010220061568247727	0.14074409487545658	-0.055171511509848066	0.025061939425949316
2,14,16	0.0020298033346245747	0.01022006219735351	0.8425693368114	-0.03808692460269798	0.04214653127194713
2,15,16	0.035093966172228416	0.010220111940682872	0.0005959044238536353	-0.005022957022184769	0.07521088936664161
3,4,5	-0.3130004280269793	0.010220502479055399	4.871793597588223e-203	-0.35311888419852483	-0.2728819718554338
3,4,6	0.03475201059925601	0.010220215779052704	0.0006738894054303104	-0.0053653201910750375	0.07486934138958706
3,4,7	0.2095592321949555	0.010220493812130626	7.858018624659214e-93	0.16944081004362008	0.24967765434629094
3,4,8	0.4950166640377631	0.01022047510338135	0.0	0.4548983153237307	0.5351350127517955
3,4,9	0.1761896358528834	0.010220399804254043	2.696156541437432e-66	0.13607158270990974	0.21630768899585703
3,4,10	0.5963728625273799	0.010220401536752726	0.0	0.5562548025838431	0.6364909224709167
3,4,12	-0.08624195665778767	0.010220456605595778	3.3569730687126767e-17	-0.12636023276261113	-0.046123680552964196
3,4,13	-0.0028288688032729603	0.010220244468165485	0.7819425939970772	-0.042946312206747654	0.037288574600201733
3,4,14	-0.003016203133898443	0.010220284784600396	0.7679046702956235	-0.0431338047911508	0.037101398523353916
3,4,15	0.0550354133371913	0.010220401161866264	7.301108065296467e-08	0.01491735486519332	0.09515347180918929
3,4,16	0.050350825891986944	0.010220332822761793	8.411735488270727e-07	0.010233035670926052	0.09046861611304784
3,5,6	-0.026882759174127885	0.010220229199448538	0.008533828778370325	-0.06700014264343077	0.013234624295174989
3,5,7	-0.006424556069991538	0.010220506672328282	0.5296189273381747	-0.046543028701357396	0.03369391656137432
3,5,8	-0.28260722899233054	0.01022049973052932	2.4444280772618353e-166	-0.3227256743751088	-0.2424887836095523
3,5,9	-0.09909848719681974	0.010220350085378034	3.357434011572063e-22	-0.1392163451786893	-0.058980629214950175
3,5,10	-0.9691097065854156	0.010220388892634956	0.0	-1.0092277168970987	-0.9289916962737326
3,5,12	-0.034659025842042335	0.010220456027050646	0.0006968583894822911	-0.07477729967590725	0.005459247991822583
3,5,13	-0.025215728007688176	0.010220255770301438	0.01362145072077349	-0.0653332157753462	0.014901759759969858
3,5,14	-0.02230442240284508	0.01022026883367523	0.029089368477443207	-0.06242196144805919	0.01781311664236903
3,5,15	0.011273783483848582	0.010220412605515893	0.2700070497105573	-0.028844319907815233	0.051391886875512396
3,5,16	-0.19948403969104306	0.010220332021814386	2.371613736990908e-84	-0.23960182676815153	-0.15936625261393458
3,6,7	-0.0247219952115026	0.010220212918402773	0.015571702835335153	-0.06483931477294749	0.015395324349942289
3,6,8	-0.03567947974201163	0.010220201881447111	0.00048173021154284464	-0.07579675598018323	0.004437796496159975
3,6,9	-0.03276280577411883	0.010220159332794129	0.001348645668327928	-0.07287991499640513	0.007354303448167468
3,6,10	0.016727205649784527	0.010220150311783182	0.10170532747384668	-0.02338986816240006	0.05684427946196911
3,6,12	-0.01082022971430549	0.01022019769175643	0.28973966401518214	-0.05093748950671797	0.029297030078106988
3,6,13	-0.005350887169294827	0.010220097507402583	0.6005846270092361	-0.04546775370886899	0.03476597937027934
3,6,14	0.0008646447943887053	0.010220068959978068	0.9325778302493326	-0.039252109688209635	0.040981399276987046
3,6,15	0.0009965075590154943	0.010220181462514315	0.9223268463970162	-0.03912068852888345	0.04111370364691444
3,6,16	-0.027343191477430598	0.01022015583773079	0.007467398644626398	-0.06746028698057288	0.012773904025711692
3,7,8	-0.17610154068639983	0.010220458429161338	3.1305335102294186e-66	-0.21621982394925052	-0.13598325742354914
3,7,9	-0.046502581359634976	0.010220337396972092	5.3841428078609774e-06	-0.08662038953580675	-0.006384773183463192
3,7,10	0.04449751269121119	0.01022035062424228	1.3420315011077792e-05	0.004379652594142129	0.08461537278828024
3,7,12	-0.07893035255674766	0.010220357747851428	1.1705630863005173e-14	-0.1190482406160624	-0.03881246449743291
3,7,13	-0.009144582154577433	0.010220201620574144	0.37092449463913413	-0.049261857368746484	0.03097269305959162
3,7,14	0.002153251823062051	0.010220242365630643	0.8331344150705562	-0.037964183327349535	0.04227068697347364
3,7,15	-0.05481207743316771	0.010220370575603595	8.240680197608755e-08	-0.09493001584515487	-0.01469413902118056
3,7,16	-0.043911417920651244	0.010220279019434073	1.7402766717002103e-05	-0.08402899694794261	-0.00379383889335988
3,8,9	-0.13062697041979424	0.010220318699856951	2.5793437773729317e-37	-0.17074470520433035	-0.09050923563525812
3,8,10	-0.6999308940540852	0.010220327932721786	0.0	-0.7400486650803113	-0.659813123027859
3,8,12	-0.08119059386028529	0.010220358679133278	2.021198180249872e-15	-0.1213084855751532	-0.04107270214541739
3,8,13	0.010697017755043461	0.010220200627649603	0.29526690518884724	-0.029420253561606872	0.050814289071693795
3,8,14	-0.020663856125955837	0.0102202508359315	0.04319971913927824	-0.060781324524771245	0.01945361227285957
3,8,15	0.010024840704327631	0.010220371590756993	0.3266649902884342	-0.030093101692432983	0.050142783101088245
3,8,16	-0.21395949703885916	0.010220280848053286	1.1474132108244733e-96	-0.2540770832440148	-0.1738419108337035
3,9,10	0.0629696581315833	0.010220275732667157	7.303166765360315e-10	0.022852092005811675	0.10308722425735492
3,9,12	0.011469467186422277	0.010220259191524424	0.26177366230389826	-0.028648034010534826	0.05158696838337938
3,9,13	-0.006106241107224963	0.010220096067210768	0.5501952195028808	-0.04622310199362578	0.034010619779175855
3,9,14	-0.0028691649345932435	0.010220131096374803	0.7789142407584497	-0.042986163320689885	0.0372478334515034
3,9,15	-0.03669080712970531	0.010220258884668558	0.0003311619597470645	-0.07680830712216355	0.0034266928627529336
3,9,16	-0.0534637131020127	0.010220172829631736	1.694755767569203e-07	-0.0935808753033271	-0.013346550900698306
3,10,12	-0.07214941201060254	0.010220293473361383	1.7058975832086614e-12	-0.11226704777377852	-0.03203177624742657
3,10,13	-0.006183419428180972	0.010220129737843383	0.5451676166454436	-0.04630041248164516	0.033933573625283216
3,10,14	-0.010691642452501926	0.010220168849772698	0.2955081287380972	-0.05080878903170765	0.0294255041267038
3,10,15	0.027117093997012183	0.010220255989300793	0.00797554923011433	-0.013000394630282262	0.06723458262430662
3,10,16	-0.1802619922155405	0.01022020203641458	2.686131619728132e-69	-0.22037926906200467	-0.14014471536907636
3,12,13	-0.015649263807092362	0.01022016970335173	0.1257264580393205	-0.055766413736844996	0.024467886122660272
3,12,14	-0.0031837066571109296	0.010220175119729955	0.7554134878536289	-0.043300877847729444	0.036933464533507585
3,12,15	-0.025464842874392657	0.010220296546277258	0.012722100494661623	-0.0655824906996606	0.01465280495087528
3,12,16	-0.008612658459281719	0.010220205216288898	0.3993975267527766	-0.048729947787680965	0.03150463086911753
3,13,14	0.003018946330634986	0.010220122830578987	0.7676960730203728	-0.037098019609799825	0.0431359122710698
3,13,15	-0.022279475767988055	0.010220132788475488	0.029267714302168426	-0.062396480796073905	0.017837529260097795
3,13,16	-0.03234777184505688	0.010220099546036887	0.001551676205440533	-0.07246464638686588	0.007769102696752114
3,14,15	-0.0028305769736287623	0.01022014465359917	0.7818121777176226	-0.04294762857578916	0.037286474628531636
3,14,16	-0.02572231376136401	0.010220154025158459	0.01184668652336143	-0.06583940214963072	0.014394774626902689
3,15,16	0.029217738044595307	0.010220261062660442	0.004255137454864546	-0.010899770497116962	0.06933524658630758
4,5,6	-0.0655997974664459	0.010220275120828917	1.394588806327824e-10	-0.1057173611905738	-0.025482233742317992
4,5,7	-0.21478878741110363	0.01022048376566172	2.1512294903829986e-97	-0.2549071701271155	-0.17467040469509176
4,5,8	-0.25983875478487384	0.010220449695736262	3.498261486977287e-141	-0.2999570037664813	-0.21972050580326635
4,5,9	-0.0809187897658937	0.010220379445225573	2.5031914347475153e-15	-0.12103676299373665	-0.040800816538050746
4,5,10	-0.39257688198535023	0.010220427051068785	0.0	-0.4326950420800266	-0.35245872189067384
4,5,12	-0.06830695730549388	0.010220427699299437	2.3732302622759486e-11	-0.10842511994466483	-0.028188794666322924
4,5,13	0.008391035104491015	0.010220283284178623	0.411642202700758	-0.03172656066316783	0.04850863087214986
4,5,14	0.016956391459346687	0.010220276109564696	0.09710678163084166	-0.023161176145857817	0.05707395906455119
4,5,15	-0.05780989381260419	0.010220436041492432	1.559833626983744e-08	-0.09792808919731821	-0.017691698427890173
4,5,16	0.14462970366974923	0.01022035686002098	2.5170092426905484e-45	0.1045118190954282	0.18474758824407025
4,6,7	-0.007909772416071062	0.010220243172171913	0.43897676154531184	-0.048027210732392606	0.03220766590025048
4,6,8	0.019437048890857123	0.010220198088596907	0.057202730437799984	-0.02068021245927009	0.059554310240984336
4,6,9	-0.003930865126782035	0.01022016711457511	0.7005226536510983	-0.04404800489483063	0.03618627464126656
4,6,10	0.0027208344379791027	0.010220160181416653	0.7900697307737895	-0.03739627811539836	0.04283794699135657
4,6,12	0.0007623754316417597	0.010220217202233007	0.9405375481074512	-0.03935496094508749	0.04087971180837101
4,6,13	0.0025092325663254034	0.010220144731149268	0.8060567120881014	-0.03760781934024177	0.04262628447289258
4,6,14	0.004045449196771411	0.010220027660649684	0.6922290617823795	-0.03607114317390542	0.04416204156744824
4,6,15	0.006176858568305965	0.010220162656228955	0.5455955252526917	-0.03394026369943232	0.04629398083604425
4,6,16	0.0007530644073520387	0.010220106129419627	0.9412618146969922	-0.039363835976156274	0.04086996479086035
4,7,8	-0.028954457353011054	0.010220493191419497	0.004614498835745145	-0.0690728770678741	0.011163962361851985
4,7,9	-0.016525929450814054	0.010220439950126989	0.1058991474395633	-0.05664414017805986	0.023592281276431752
4,7,10	0.057119292730400784	0.010220409018360247	2.305692340157959e-08	0.01700120341937017	0.0972373820414314
4,7,12	-0.015617112210864467	0.010220440226991607	0.12651561655641866	-0.05573532402488473	0.024501099603155795
4,7,13	0.0041982903018331075	0.010220283621419517	0.6812364486177509	-0.0359193067895947	0.044315887393260915
4,7,14	0.005141532061389564	0.010220279952084464	0.6149174266774026	-0.03497605062682688	0.045259114749606005
4,7,15	0.0038113334420687983	0.010220427217950407	0.7092154246219058	-0.036306827307666684	0.04392949419180428
4,7,16	-0.0039035897096363348	0.010220329099154409	0.7025057013616673	-0.04402136531445111	0.03621418589517844
4,8,9	0.08919276007298294	0.010220345559913135	2.7397202170152876e-18	0.04907491985488433	0.12931060029108155
4,8,10	-0.15650116267415873	0.010220369405996924	9.6776165309955e-53	-0.1966190964950982	-0.11638322885321925
4,8,12	0.01079865792474434	0.010220393942185732	0.29071154071545974	-0.029319372207899715	0.050916688057388394
4,8,13	-0.0009908425479074334	0.010220189422121495	0.9227670820564773	-0.04110806987958842	0.03912638478377355
4,8,14	-0.007500841833481153	0.010220231072720075	0.4630022790601792	-0.04761823265592172	0.032616548988959417
4,8,15	0.009644864197229708	0.010220360178877093	0.3453345746653619	-0.030473033404570526	0.04976276179902994
4,8,16	0.000614394197494185	0.010220281639803838	0.952064264884733	-0.03950319511551354	0.04073198351050191
4,9,10	-0.057671125345270996	0.010220333792228383	1.6873367572296722e-08	-0.0977889193717713	-0.017553331318770696
4,9,12	0.011840621957768444	0.010220324809473174	0.24665369380993069	-0.028277136808795088	0.051958380724331975
4,9,13	0.005787515052596337	0.010220150737581958	0.5712042210492343	-0.034329560430972766	0.04590459053616544
4,9,14	0.0021067835539753804	0.010220151687279582	0.8366827501818452	-0.03801029565743417	0.04222386276538493
4,9,15	0.0054191019071679405	0.010220315123294117	0.5959572174543013	-0.03469861883831485	0.04553682265265073
4,9,16	0.011372725638339687	0.010220228231242037	0.26581715568470227	-0.028744654030469996	0.05149010530714937
4,10,12	0.06023813584072513	0.010220368016353515	3.808846851597608e-09	0.020120207474541733	0.10035606420690851
4,10,13	-0.016355644165230443	0.010220162205798335	0.10953499220268538	-0.05647276466489704	0.023761476334436156
4,10,14	-0.008184560911336666	0.01022017956817121	0.4232397160602166	-0.048301749563385864	0.03193262774071253
4,10,15	0.0007564257063728697	0.010220316637093739	0.9410013274559992	-0.0393613009812154	0.04087415239396114
4,10,16	-0.01283145504018715	0.010220197438584606	0.20930656310658668	-0.0529487138388263	0.027285803758452
4,12,13	-0.003338722283640641	0.01022025048053795	0.7439142190837569	-0.043456189287432605	0.03677874472015132
4,12,14	0.005615690405087914	0.010220190016519718	0.5826866014706786	-0.03450153925977963	0.04573292006995546
4,12,15	0.0007351474821239712	0.010220345817160564	0.9426582193479651	-0.03938269374574589	0.040852988709993834
4,12,16	0.02246592578010652	0.010220213463690349	0.0279430085194511	-0.017651395921751308	0.06258324748196434
4,13,14	-0.005835631082164089	0.010220116469023918	0.5680073226264716	-0.04595257205163796	0.034281309887309784
4,13,15	-0.0060456119536568265	0.010220176031181152	0.5541648647738955	-0.0461627867219874	0.034071562814673745
4,13,16	0.006653667807456312	0.010220106284051105	0.5150272408190826	-0.0334632331830257	0.046770568797938325
4,14,15	0.008524629799287226	0.010220159027884404	0.40423111941886547	-0.031592478226139385	0.048641737824713836
4,14,16	0.009860644359689898	0.01022012952672805	0.33463936556858986	-0.030256347865084972	0.04997763658446477
4,15,16	-0.026662872578125885	0.010220255209634054	0.009089547518181895	-0.06678035814500075	0.013454612988748983
5,6,7	-0.009410535607876941	0.010220234231486587	0.3571748698809649	-0.049527938829398294	0.030706867613644412
5,6,8	-0.02126701960506959	0.010220188560374715	0.03745251163078056	-0.06138424355414287	0.01885020434400369
5,6,9	-0.013966286579479514	0.010220143853933215	0.17177755107111464	-0.054083335042717576	0.026150761883758547
5,6,10	-0.04923245858394873	0.01022012265567605	1.4624539396993435e-06	-0.08934942383783845	-0.00911549333005901
5,6,12	0.015570877478200514	0.010220214076210632	0.1276342005846113	-0.02454644662797825	0.055688201584379274
5,6,13	-0.0074924719013040875	0.010220133338881325	0.46349730355298957	-0.04760947908989354	0.032624535287285365
5,6,14	-0.0015072678986260968	0.010220037627397876	0.8827527991002044	-0.041623899391699436	0.03860936359444724
5,6,15	0.006892132829765335	0.010220175420820057	0.5000838898966214	-0.033225039542719735	0.047009305202250405
5,6,16	-0.00819527362532449	0.01022012290466411	0.4226305030227795	-0.048312239856565034	0.031921692605916055
5,7,8	-0.13368969096906505	0.010220464313117926	5.351956307828879e-39	-0.1738079973281632	-0.09357138460996689
5,7,9	-0.04712400196895021	0.010220433669801866	4.02740457482924e-06	-0.08724218804408633	-0.007005815893814091
5,7,10	-0.11924325384477098	0.01022041237311257	2.17106166163646e-31	-0.1593613563241839	-0.07912515136535805
5,7,12	-0.021134831648190966	0.01022043242055981	0.03865743798067058	-0.06125301281968729	0.01898334952330536
5,7,13	0.007684284480670822	0.01022028834240004	0.452137335057728	-0.03243333114198386	0.0478019001033255
5,7,14	0.004856898877654434	0.010220270164994922	0.6346318716098488	-0.03526064539337815	0.04497444314868702
5,7,15	-0.006966458873610248	0.01022045382444461	0.4954846154458147	-0.04708472406160342	0.03315180631438292
5,7,16	0.012504842491404933	0.010220330436383958	0.2211399948136343	-0.02761293836242624	0.052622623345236104
5,8,9	-0.0639514785339082	0.010220350764913793	3.967277538560347e-10	-0.10406933918315402	-0.023833617884662386
5,8,10	-0.28145939389003993	0.010220357958979024	5.013184716601247e-165	-0.3215772827780921	-0.24134150500198773
5,8,12	-0.013119606683135998	0.010220366774748258	0.1992657520107025	-0.053237530175656265	0.02699831680938427
5,8,13	-0.035067646801625274	0.010220194840615891	0.0006016503059424643	-0.07518489540247872	0.0050496017992281775
5,8,14	-0.030853653226332864	0.010220223664368209	0.002539084986402836	-0.07097101496882943	0.009263708516163711
5,8,15	-0.0032668006610793165	0.010220353103930735	0.7492457801492771	-0.04338467049164952	0.03685106916949089
5,8,16	-0.14065059391380835	0.010220262023358326	5.722816041450096e-43	-0.1807681062265403	-0.10053308160107641
5,9,10	-0.05650335597830189	0.01022028023378717	3.253970472302158e-08	-0.0966209397722837	-0.01638577218432008
5,9,12	0.006899943261740954	0.010220306994413368	0.49960380171461893	-0.03321774557551162	0.047017632098993525
5,9,13	-0.014453788950516078	0.010220124921985969	0.15729887928440858	-0.054570763100333895	0.02566318519930174
5,9,14	0.0005845064685361945	0.01022013400724631	0.9543928751445652	-0.03953250334358096	0.04070151628065335
5,9,15	-0.02289258100466217	0.010220327920077833	0.02510380801197816	-0.06301035198125715	0.017225189971932807
5,9,16	-0.03840214647458559	0.010220224348250047	0.00017194667025589253	-0.07851951090151804	0.001715217952346866
5,10,12	-0.06211204200777398	0.010220321852222365	1.2359386927105984e-09	-0.1022297891662647	-0.021994294849283266
5,10,13	-0.029024864132420863	0.01022011663502387	0.004514564025800707	-0.06914180575349302	0.011092077488651285
5,10,14	-0.0014900581024234194	0.01022014629846197	0.8840832230113189	-0.04160711616115054	0.0386269999563037
5,10,15	-0.008187555972070576	0.010220301100119188	0.4230755743806309	-0.048305221672497616	0.031930109728356464
5,10,16	-0.10898725767648759	0.010220201965587778	1.6635059987093424e-26	-0.1491045342449359	-0.0688699811080393
5,12,13	-0.008908753972445671	0.01022024091640883	0.3833908725321048	-0.04902618343423853	0.031208675489347186
5,12,14	0.010537545961540384	0.01022018773109594	0.3025241723720435	-0.029579674732371587	0.050654766655452356
5,12,15	-0.02484185991249794	0.010220340168099242	0.015078068950723843	-0.06495967896615285	0.01527595914115696
5,12,16	0.005868116550224456	0.010220226007506909	0.5658588249227127	-0.034249254389775614	0.045985487490224526
5,13,14	-0.006917356177569861	0.010220091290264084	0.49851300770978857	-0.047034198313060285	0.03319948595792056
5,13,15	0.029233203992464873	0.010220177300853613	0.004234576153836438	-0.010883975759700792	0.06935038374463054
5,13,16	-0.0232653258383424	0.010220094294060898	0.022826870544575932	-0.0633821797646123	0.016851528087927496
5,14,15	0.005087961805443082	0.010220180033941659	0.6186038654767029	-0.035029228674891104	0.04520515228577727
5,14,16	-0.015182426675204364	0.010220131539992365	0.13741034926664436	-0.055299426802629455	0.024934573452220728
5,15,16	0.08590457585096511	0.01022026609479844	4.441105634485624e-17	0.04578704755664204	0.1260221041452882
6,7,8	0.00477063242558988	0.010220177290350428	0.6406563940452247	-0.03534654728534772	0.044887812136527476
6,7,9	-0.00476237643238811	0.010220186845847863	0.6412348207452581	-0.04487959365144293	0.03535484078666671
6,7,10	-0.02092268184184809	0.010220118558696657	0.04064605863012667	-0.061039631013897554	0.019194267330201374
6,7,12	0.0002452351979820924	0.010220218467746357	0.9808566639725056	-0.03987210614625653	0.04036257654222072
6,7,13	-0.006855391155525636	0.01022016745651158	0.5023713077558573	-0.046972532265774705	0.03326174995472343
6,7,14	-0.0023647570828686446	0.010220074182949169	0.817018318054951	-0.04248153206715343	0.03775201790141614
6,7,15	-0.0019310954349918141	0.010220152799151089	0.850133388360879	-0.04204817901082164	0.03818598814083801
6,7,16	-0.004918562864065057	0.0102201222206314	0.6303331415147173	-0.04503552641027751	0.0351984006821474
6,8,9	0.0001311523287045313	0.010220111026218401	0.989761292274647	-0.03998576727616862	0.040248071933577684
6,8,10	-0.05747180268654725	0.010220106265403926	1.8878633015519975e-08	-0.09758870360383365	-0.017354901769260862
6,8,12	-0.019984474279714032	0.010220160527101167	0.05054487286473247	-0.06010158819000414	0.020132639630576078
6,8,13	-0.0004682664331766631	0.010220091770423245	0.9634554205251179	-0.04058511045343197	0.03964857758707865
6,8,14	0.00308589458128071	0.010220035828713746	0.7626955127441872	-0.03703072985143228	0.0432025190139937
6,8,15	-0.0026458646928919777	0.010220127068505997	0.7957235890166978	-0.04276284726842759	0.03747111788264364
6,8,16	0.0019122094438105697	0.010220112223656364	0.8515813837217379	-0.03820471486135619	0.04202913374897733
6,9,10	-0.00335259226751361	0.010220100006337243	0.7428842528146253	-0.04346946861613589	0.03676428408110867
6,9,12	-0.011918339902844563	0.010220138028515489	0.2435575011319961	-0.05203536549961728	0.028198685693928152
6,9,13	0.0036137614669066176	0.010220095179719751	0.7236457078859628	-0.03650309593583285	0.04373061886964608
6,9,14	-0.0016174419467321205	0.010220032204638792	0.8742514084161919	-0.041734052153892844	0.0384991682604286
6,9,15	-0.0005065198440721286	0.010220131056784465	0.9604725403233787	-0.040623518074765136	0.03961047838662088
6,9,16	-0.004871241587246333	0.010220067545217532	0.6336253270227014	-0.04498799051649652	0.03524550734200385
6,10,12	0.00025811046302644247	0.010220114364959192	0.9798516094181904	-0.039858822247379085	0.04037504317343197
6,10,13	-0.0090627157764199	0.010220053102197571	0.3752157571626423	-0.049179408012600005	0.031053976459760206
6,10,14	0.005322560324018441	0.010220015314166591	0.6025113136309317	-0.03479398358310761	0.04543910423114449
6,10,15	-0.008349071244222683	0.010220085777716114	0.4139758153884737	-0.0484658917413529	0.03176774925290753
6,10,16	-0.0056078375728270125	0.010220045983145569	0.5832085641715113	-0.045724501864649554	0.03450882671899553
6,12,13	0.0027646221813548144	0.010220180567559708	0.7867725918096553	-0.03735257039358601	0.04288181475629564
6,12,14	0.004780662086550147	0.010220054091105456	0.6399503409460889	-0.03533603403138212	0.044897358204482415
6,12,15	-0.008783180024149684	0.01022015531736263	0.3901274558785822	-0.04890027348469502	0.031333913436395654
6,12,16	0.011272457643266065	0.010220127795932643	0.2700500358144338	-0.028844527787631517	0.05138944307416365
6,13,14	0.0044973543527123405	0.010220041750839461	0.6599020916875504	-0.03561929332607308	0.04461400203149776
6,13,15	0.0016282131523042698	0.010220072435166377	0.8734215291294845	-0.038488554971422784	0.04174498127603132
6,13,16	0.005453738480273113	0.010220034391875667	0.5935997915097893	-0.03466288031243092	0.04557035727297715
6,14,15	0.005413086097216427	0.010220025785942046	0.5963549351312265	-0.03470349891468559	0.045529671109118444
6,14,16	-0.0022445416862425516	0.01022002152068869	0.8261669458328245	-0.04236110995577987	0.03787202658329477
6,15,16	0.0022365249801799547	0.010220129767766557	0.826779755386275	-0.03788046819074142	0.04235351815110133
7,8,9	-0.0019443482872997658	0.010220325809299978	0.8491197041384166	-0.04206211097847541	0.03817341440387588
7,8,10	-0.08629177568126889	0.01022032106664475	3.217068404132097e-17	-0.12640951975613812	-0.04617403160639967
7,8,12	0.010829311966207233	0.010220299777605437	0.289339840001495	-0.02928834854296721	0.05094697247538168
7,8,13	-0.0004861897113611069	0.010220206368820919	0.9620581076287211	-0.04060348356378503	0.039631104141062815
7,8,14	0.0217883037003824	0.010220203089357187	0.03302383611057483	-0.01832897727918891	0.06190558467995371
7,8,15	-0.03519626879656319	0.010220345674878553	0.0005744489047871125	-0.07531410946593461	0.004921571872808235
7,8,16	0.05928090670598671	0.010220276351693421	6.680842982489856e-09	0.019163338150356264	0.09939847526161716
7,9,10	-0.10468794196137476	0.0102202783889674	1.3860913356624217e-24	-0.14480551851390036	-0.06457036540884917
7,9,12	-0.032393831600025375	0.010220290307873385	0.0015281303595349525	-0.07251145493773677	0.007723791737686017
7,9,13	0.0017200915249343252	0.010220148392411192	0.8663452147151296	-0.03839697475315483	0.04183715780302348
7,9,14	-0.0027461354421899065	0.010220161411101736	0.7881639326989598	-0.04286325282244034	0.03737098193806053
7,9,15	-0.007701478643064391	0.010220296091956207	0.4511265106125276	-0.04781912468498956	0.03241616739886078
7,9,16	0.0068229976860628705	0.010220213658080499	0.5043948240674795	-0.03329432477883305	0.04694032015095879
7,10,12	0.013796760779345413	0.01022031210647908	0.1770462501984674	-0.026320948124257573	0.0539144696829484
7,10,13	-0.007263088474954001	0.010220127347630262	0.47729692360347187	-0.04738007214613385	0.03285389519622585
7,10,14	-0.010604485387274015	0.01022014139826643	0.29946110830270806	-0.050721524211303	0.02951255343675497
7,10,15	-0.02940852104855385	0.010220276252296791	0.0040114488330852864	-0.0695260892140235	0.010709047116915803
7,10,16	-0.03390873989765694	0.010220179178396295	0.0009082310894424091	-0.0740259270197258	0.0062084472244119115
7,12,13	0.00031242625452398975	0.010220223877721198	0.9756131252276085	-0.039804936325445364	0.040429788834493344
7,12,14	-0.012028308299814154	0.010220205839325064	0.23923838084194196	-0.052145600073812255	0.028088983474183947
7,12,15	0.008067049800663029	0.010220320436546217	0.4299338998779749	-0.03205069180088549	0.048184791402211546
7,12,16	0.00907459592042506	0.01022023124995386	0.37459844018482114	-0.03104279559770986	0.04919198743855998
7,13,14	0.01025316100451229	0.010220122706874873	0.31575618765056135	-0.02986380445034776	0.05037012645937234
7,13,15	0.05082253689060154	0.010220171062378674	6.634436246596337e-07	0.010705381626271375	0.0909396921549317
7,13,16	-0.013438940778621955	0.010220131764934475	0.18853682276235947	-0.0535559417890105	0.02667806023176659
7,14,15	0.0018525397486133938	0.010220163296674524	0.8561621171674738	-0.03826458503306074	0.041969664530287526
7,14,16	-0.020735353778919496	0.010220112341056032	0.042479041092881316	-0.06085227854491423	0.019381570987075235
7,15,16	0.03768823996762269	0.010220239364283226	0.0002267454118351477	-0.00242918340162402	0.07780566333686939
8,9,10	-0.0705864270895401	0.010220198806660944	5.057993812304487e-12	-0.11070369125827831	-0.030469162920801908
8,9,12	0.07143755054960427	0.010220227915741814	2.806196112169607e-12	0.031320172119225075	0.11155492897998345
8,9,13	-0.008421712017782801	0.010220089906114704	0.40992579090009884	-0.04853854872008279	0.03169512468451719
8,9,14	0.002640986255381207	0.010220131812936253	0.7960920086968197	-0.03747601494342833	0.042757987454190745
8,9,15	0.03481513974680711	0.010220252657734175	0.0006588588411930866	-0.005302335803115683	0.0749326152967299
8,9,16	-0.005219903885421401	0.010220217695217363	0.6095345970115987	-0.04533724219725818	0.03489743442641538
8,10,12	0.23037830885359173	0.010220268338686425	1.2083132744259033e-111	0.1902607717513532	0.27049584595583026
8,10,13	-0.018389544514926526	0.010220135913215219	0.0719736192563117	-0.058506561808528104	0.021727472778675053
8,10,14	-0.01324179879443281	0.010220125082951193	0.19510226566258762	-0.05335877357608612	0.0268751759872205
8,10,15	-0.02425783743439741	0.010220272564695996	0.017626158019871194	-0.06437539112495733	0.015859716256162497
8,10,16	-0.047548782718806776	0.010220197008043243	3.293511095339046e-06	-0.08766603982744539	-0.007431525610168167
8,12,13	0.030698084026122133	0.01022015635220246	0.0026694120819389694	-0.00941901349647166	0.07081518154871592
8,12,14	0.005319955400893958	0.010220168064072308	0.602694321263648	-0.03479718809420835	0.045437098895996265
8,12,15	-0.001368554993735005	0.010220266934272531	0.8934777519939276	-0.041486086583238976	0.038748976595768966
8,12,16	-0.0004562685824577306	0.010220204464089912	0.9643915224083957	-0.040573554958256354	0.03966101779334089
8,13,14	0.0020952294830694496	0.010220088349049382	0.8375649130601232	-0.03802160110729456	0.042212060073433456
8,13,15	-0.017441333153939066	0.010220112826257554	0.08791178057721027	-0.05755825982449143	0.022675593516613295
8,13,16	0.05148090239246947	0.01022009330178175	4.748932251154437e-07	0.011364052361184936	0.09159775242375401
8,14,15	-0.027649351716036552	0.010220150604818965	0.006826315278158245	-0.06776642667847214	0.01246772324639904
8,14,16	-0.004944898742312909	0.010220110844084782	0.6285027092004108	-0.04506181763225843	0.03517202014763261
8,15,16	0.05953450989685646	0.010220246474818204	5.760452705050385e-09	0.019417058616683996	0.09965196117702893
9,10,12	-0.10966564146983232	0.010220206940610575	8.14967291412215e-27	-0.14978293756669758	-0.06954834537296706
9,10,13	0.017613323818858967	0.010220082086675714	0.0848252531385178	-0.022503482189860056	0.05773012982757799
9,10,14	0.004785283550706433	0.010220066901716144	0.6396273892617936	-0.03533146285261293	0.0449020299540258
9,10,15	-0.06995308035668248	0.010220200949386844	7.807509672531298e-12	-0.11007035293624541	-0.02983580777711954
9,10,16	0.007957918165430788	0.010220137344530669	0.43619119212922686	-0.03215910474650181	0.04807494107736339
9,12,13	0.020930705494874968	0.010220110039025999	0.040568896764000814	-0.019186210234979788	0.061047621224729724
9,12,14	-0.0051806272872941955	0.010220096269073697	0.6122243203922222	-0.04529748896606594	0.03493623439147755
9,12,15	0.03745470021306513	0.010220221824570759	0.0002479660958455788	-0.002662654307689319	0.07757205473381958
9,12,16	-0.0011466327972601553	0.010220150515888643	0.9106708143148091	-0.04126370741061827	0.03897044181609796
9,13,14	0.006632684031093489	0.010220028113913112	0.5163502504379491	-0.03348391011877463	0.046749278180961605
9,13,15	0.029086671460908403	0.010220082370237731	0.004429597322733375	-0.011030135660874324	0.06920347858269113
9,13,16	-0.009030804509475146	0.010220056405553152	0.37689964520755415	-0.049147509712290344	0.03108590069334005
9,14,15	0.00812335848643974	0.010220092149120577	0.42671130237352317	-0.03199348702031316	0.04824020399319264
9,14,16	0.00857769315479777	0.010220068683121772	0.401307819785506	-0.03153906024105878	0.048694446550654316
9,15,16	-0.013904518550253958	0.010220145473799288	0.1736809924773039	-0.05402157337193928	0.026212536271431365
10,12,13	0.03452889670713344	0.010220128385292149	0.0007296418408705553	-0.005588091037172269	0.07464588445143915
10,12,14	0.017623609611290614	0.010220119539743784	0.08464467430645227	-0.022493343411655244	0.05774056263423647
10,12,15	-0.03196070802295073	0.010220196678833678	0.0017663132524656374	-0.07207796383934567	0.008156547793444213
10,12,16	0.009781502354666696	0.010220133273097667	0.33853324788054273	-0.030335504575702693	0.049898509285036086
10,13,14	-0.013161760794606736	0.010220079227279272	0.1978132139883539	-0.053278555579359906	0.026955033990146433
10,13,15	0.014941315039589911	0.010220100178579473	0.14376365601112806	-0.02517556198513341	0.055058192064313234
10,13,16	0.023024446651159478	0.010220041368255913	0.024273945355063258	-0.01709219952587382	0.06314109282819277
10,14,15	0.004537947082355442	0.010220107417727144	0.6570300619991116	-0.035578958358136	0.044654852522846886
10,14,16	0.003973509654237137	0.010220096005501878	0.6974312928878625	-0.03614335098993827	0.04409037029841254
10,15,16	0.055055268153434644	0.010220197685266719	7.218432720850103e-08	0.014938008386496178	0.09517252792037312
12,13,14	0.00662967088036176	0.010220097783083417	0.5165436927174859	-0.03348719674134016	0.04674653850206368
12,13,15	0.01775394132234065	0.010220120097748872	0.08236927483839292	-0.022363013890938095	0.057870896535619394
12,13,16	-0.002623897615463	0.010220083998158446	0.7973816487598043	-0.042740711127309816	0.037492915896383816
12,14,15	-0.029819011813988716	0.010220116180263876	0.00352892793948471	-0.06993595164999511	0.010297928022017684
12,14,16	-0.006171880952862793	0.01022005952920649	0.5459152489661079	-0.04628859841692931	0.033944836511203724
12,15,16	-0.0107467079881238	0.010220187898210649	0.29302883492222076	-0.050863929338009796	0.029370513361762197
13,14,15	-0.008991356300651204	0.0102200500979318	0.37898718570183276	-0.04910803674421104	0.031125324142908632
13,14,16	0.009296225365996114	0.01022001194388376	0.3630350482357457	-0.030820305311785853	0.04941275604377808
13,15,16	-0.192066220653004	0.010220112631525594	2.2778020350465146e-78	-0.23218314655917655	-0.15194929474683144
14,15,16	-0.017608601845776062	0.010220086529200714	0.08490891720370702	-0.057725425292702734	0.02250822160115061
