Params: 	16
Performance: 	0.6244220719004928
Term	Coefficient	Standard Error	p-value	95% CI lower	95% CI upper
Intercept	5.15323422339905
1	0.242080898306906	0.006469179102622942	4.105017195546324e-300	0.2229619679765903	0.2611998286372217
2	0.27587952377765435	0.006469190536371922	0.0	0.2567605596561811	0.2949984878991276
3	0.680529302847209	0.006469204792602684	0.0	0.6614102965930512	0.6996483091013669
4	0.06919344115132217	0.006469222095307712	1.1792777269061694e-26	0.050074383760968136	0.08831249854167621
5	0.8263504532828541	0.006469218972916687	0.0	0.8072314051203751	0.8454695014453331
6	0.07883501587350468	0.006469178672366347	4.365308314471507e-34	0.0597160868147639	0.09795394493224546
7	0.28831749616748376	0.006469219395767341	0.0	0.2691984467553173	0.3074365455796502
8	0.524940172055931	0.006469206218189881	0.0	0.5058211615886108	0.5440591825232513
9	0.22312907763887435	0.006469197178460566	4.4437688552472234e-256	0.2040100938874561	0.2422480613902926
10	0.642966014214584	0.006469189071930509	0.0	0.6238470544211024	0.6620849740080655
12	0.0746235556012143	0.006469207784256831	1.0060750847627374e-30	0.055504540505559544	0.09374257069686905
13	0.01715476132837096	0.0064691776275775026	0.008011015246204707	-0.001964164642614046	0.03627368729935597
14	0.03278385699658145	0.00646918126598114	4.048527573999647e-07	0.01366492027270422	0.05190279372045868
15	0.09327459207074784	0.006469190312228231	5.541058264925848e-47	0.07415562861170605	0.11239355552978963
16	0.36463866951090473	0.006469181654326115	0.0	0.34551973163931765	0.3837576073824918
