Params: 	697
Performance: 	0.9560414746537023
Term	Coefficient	Standard Error	p-value	95% CI lower	95% CI upper
Intercept	6.886496134515478
1	0.06351038784731856	0.0008892989969879704	0.0	0.05997923617233984	0.06704153952229729
2	0.08164176248626871	0.0008893154895156757	0.0	0.07811054532418495	0.08517297964835248
3	0.20268830790207237	0.0008894344883564349	0.0	0.1991566182296661	0.20621999757447865
4	0.01085003967694475	0.0008894441289649168	3.4485696910606775e-34	0.007318311724442697	0.014381767629446804
5	0.22427901316269128	0.0008893898429958366	0.0	0.2207475007642282	0.22781052556115436
6	0.023401136586851296	0.0008892905951359091	8.493742170197309e-152	0.019870018273221324	0.02693225490048127
7	0.08094374974036168	0.0008893357587573841	0.0	0.07741245209492299	0.08447504738580038
8	0.1338869711235587	0.000889383109059699	0.0	0.13035548546362782	0.1374184567834896
9	0.05119960009755258	0.0008893330771118674	0.0	0.04766831310016038	0.05473088709494479
10	0.16320039946841805	0.000889374755950521	0.0	0.1596689469762919	0.16673185196054421
11	0.826096289101228	0.0008894393256310318	0.0	0.8225645802213895	0.8296279979810666
12	0.026190104351722383	0.000889321316791732	2.37113431257938e-189	0.02265886405119398	0.029721344652250785
13	0.006820899149095452	0.0008892853070920006	1.7429491243021216e-14	0.0032898018327736605	0.010351996465417243
14	0.00762398516254088	0.0008892818113924414	1.0286036990214984e-17	0.004092901726641078	0.011155068598440681
15	0.02217918850431148	0.0008893208606887836	1.2552145624155118e-136	0.018647950014837288	0.025710426993785673
16	0.10297867184889137	0.0008893267986500708	0.0	0.09944740978147318	0.10650993391630956
1,2	0.03754722979587791	0.0008891904883392154	0.0	0.034016508977673006	0.04107795061408281
1,3	0.0010770071897000032	0.0008892885502240999	0.22586594279630873	-0.002454103004170716	0.004608117383570722
1,4	0.00011885717564957845	0.0008893286744705016	0.893681189497666	-0.0034124123401144163	0.0036501266914135736
1,5	0.013438831045810045	0.0008892631856619849	1.6493233620903472e-51	0.009907821567352591	0.016969840524267497
1,6	-0.000934968454831998	0.000889180859503196	0.29303567864230246	-0.004465651039686191	0.002595714130022195
1,7	-2.3319859796726815e-05	0.0008892100792879487	0.9790776655462249	-0.0035541184680493738	0.00350747874845592
1,8	-0.004920550338446358	0.0008892339459431559	3.1518215884153495e-08	-0.008451443714352849	-0.0013896569625398664
1,9	-0.002827508963903456	0.0008891988942686106	0.001474273791858133	-0.006358263159647032	0.0007032452318401199
1,10	0.0015627221921771066	0.0008892353229891211	0.07885826397311033	-0.001968176651584609	0.005093621035938823
1,11	0.04881471965479689	0.0008893128789574247	0.0	0.045283512858492435	0.052345926451101345
1,12	-0.0011058274967860296	0.0008892050022750732	0.21364634312541364	-0.004636605945674301	0.0024249509521022416
1,13	0.00022756381922527945	0.0008891759906278521	0.7980083111019549	-0.003303099432719078	0.0037582270711696364
1,14	0.0012211369807027465	0.0008891710916305914	0.16965052744923795	-0.0023095068187262684	0.004751780780131761
1,15	4.9470159522997e-05	0.000889195368555991	0.9556329569928772	-0.00348127003662532	0.003580210355671314
1,16	0.0024421188888690466	0.0008892132776367896	0.006027350682682015	-0.0010886924191110315	0.005972930196849125
2,3	-0.006781142257075964	0.0008893050391202988	2.469797770015704e-14	-0.010312317923632054	-0.0032499665905198734
2,4	-0.0041739129105691965	0.000889342237465316	2.6944375601550857e-06	-0.007705236281101969	-0.0006425895400364243
2,5	-0.017010393193383207	0.0008892701131689124	2.4710572452537234e-81	-0.020541430178987047	-0.013479356207779368
2,6	0.0022909379958533193	0.0008891871663752327	0.009984555334728962	-0.0012397696317838205	0.005821645623490459
2,7	0.008178514474398837	0.0008892175964780639	3.772652967290379e-20	0.004647686017536717	0.011709342931260958
2,8	0.001764031326284958	0.0008892511573749033	0.04729057832733363	-0.001766930391288678	0.005294993043858593
2,9	0.002642696028962511	0.0008892176576502753	0.00296040631196373	-0.0008881326707969447	0.006173524728721967
2,10	-0.0005938391904838553	0.0008892425032680561	0.5042614901763937	-0.00412476654507722	0.0029370881641095086
2,11	0.06187695599191842	0.0008893253106731811	0.0	0.058345699832830396	0.06540821215100645
2,12	0.00476981315179034	0.0008892042066907916	8.161901085870908e-08	0.0012390378619394431	0.008300588441641237
2,13	0.00018917957341185195	0.0008891798434700069	0.8315168872472418	-0.003341498977065478	0.0037198581238891823
2,14	0.0007508331302347667	0.0008891726330732208	0.3984391823279162	-0.002779816789821553	0.004281483050291086
2,15	0.0010873006464923766	0.000889209834249336	0.22142043438929299	-0.002443496988782104	0.0046180982817668565
2,16	0.009122130991865705	0.0008892052694978755	1.129741399233926e-24	0.0055913514819122025	0.012652910501819208
3,4	-0.02940924572742306	0.0008894709716228789	1.0117747202323072e-237	-0.03294108026443375	-0.02587741119041237
3,5	-0.09142648056169231	0.000889415761819701	0.0	-0.09495809587638336	-0.08789486524700126
3,6	0.001997478790839368	0.0008892725577035246	0.02469497696459755	-0.0015335679013114482	0.005528525482990184
3,7	0.0012210828279853854	0.0008893283654863864	0.16974493485833334	-0.002310185460891163	0.0047523511168619335
3,8	-0.04259749908704193	0.0008894020365484114	0.0	-0.0461290599026108	-0.03906593827147307
3,9	-0.003513359501470979	0.0008893141135136647	7.802624282713203e-05	-0.007044571199844762	1.7852196902804016e-05
3,10	-0.057783258936397214	0.0008893798290253235	0.0	-0.0613147315722508	-0.05425178630054363
3,11	0.16493204284047178	0.0008894478065033674	0.0	0.16140030028551755	0.168463785395426
3,12	0.005675070294077266	0.0008893096702710183	1.76634924225936e-10	0.0021438762385477526	0.00920626434960678
3,13	-0.0007833333681391212	0.0008892770715222283	0.3783940099923957	-0.004314397983371522	0.0027477312470932796
3,14	-0.00017686709709799814	0.0008892693094037591	0.842349139507532	-0.0037079008911805643	0.0033541666969845677
3,15	0.0027769873830635608	0.0008892977911568081	0.0017929588896846594	-0.0007541595039048921	0.006308134270032014
3,16	0.005844373660294996	0.0008893302368344	5.0139119895727955e-11	0.002313097940831328	0.009375649379758664
4,5	0.18747801771522718	0.0008894059088487343	0.0	0.18394644152386253	0.19100959390659183
4,6	0.0009250210865990006	0.0008893077439145089	0.2982701622129709	-0.0026061653199204076	0.004456207493118408
4,7	0.01080818119680666	0.0008893715618266019	6.057624827953395e-34	0.0072767413876319645	0.014339621005981355
4,8	-0.01999212603745463	0.0008894341890512267	1.8738714496144058e-111	-0.023523814521405617	-0.01646043755350364
4,9	-0.001340611815791351	0.0008893564535414076	0.1317142822651812	-0.004871991634291649	0.002190768002708947
4,10	-0.022682102954017295	0.0008894035416970619	9.588145271861852e-143	-0.026213669746100465	-0.019150536161934125
4,11	-0.020126450773576946	0.0008894494852577944	6.399411996098128e-113	-0.023658199994384295	-0.016594701552769597
4,12	0.0020693615895258158	0.0008893555754423161	0.019978479432383442	-0.001462014742294425	0.0056007379213460565
4,13	-0.0016841696129309088	0.0008893082292534036	0.05825641759983885	-0.005215357946592095	0.0018470187207302777
4,14	-0.000938375233529476	0.00088930394827177	0.2913472579311718	-0.004469546568638413	0.0025927961015794606
4,15	0.0009453680837817308	0.0008893423515516775	0.28778741315082507	-0.0025859557397553156	0.004476691907318777
4,16	0.00408253029501449	0.0008893750824763403	4.4337419501329735e-06	0.0005510765063477877	0.007613984083681193
5,6	0.0008660802660623624	0.0008892425873807448	0.3300836844490783	-0.0026648474225184036	0.004397007954643129
5,7	0.011201885192040748	0.0008893090355200613	2.448535506173489e-36	0.007670693656925531	0.014733076727155965
5,8	-0.032582634680817374	0.0008893471499666633	7.882962898144038e-291	-0.03611397755748635	-0.029051291804148397
5,9	-0.004441039621880727	0.0008892966704060121	5.933408331653221e-07	-0.007972182058668686	-0.0009098971850927695
5,10	0.010533243990669563	0.0008893176134979692	2.493421231445522e-32	0.007002018394860293	0.014064469586478834
5,11	0.1835174522210124	0.00088939068431151	0.0	0.17998593648192568	0.18704896796009912
5,12	0.0004508368939076845	0.0008892835985271977	0.6121801514913886	-0.003080253638192506	0.003981927426007875
5,13	0.001432177729703458	0.0008892459079479605	0.10728210650677235	-0.0020987631438989097	0.004963118603305826
5,14	0.002076559883227122	0.0008892422830249262	0.019535976079840634	-0.0014543665968438377	0.005607486363298082
5,15	-0.0002830507553405055	0.0008892816163343325	0.750264891849795	-0.00381413341672041	0.003248031906039399
5,16	0.010480962925486783	0.0008892877957988092	4.987448549511473e-32	0.00694985572722287	0.014012070123750695
6,7	0.0016275741512309547	0.0008891982307734987	0.06719720267867033	-0.0019031774099635176	0.005158325712425427
6,8	-0.00135889687847891	0.0008892200434710826	0.12647040259456863	-0.004889735051649635	0.0021719412946918154
6,9	-0.0012920614099464632	0.0008891952401348565	0.14620970226867075	-0.004822801096171227	0.0022386782762783006
6,10	0.00485958201196819	0.0008892181737339494	4.646172744196903e-08	0.0013287512629882392	0.008390412760948141
6,11	0.016647028052645937	0.0008892990988379037	5.579901218351633e-78	0.013115875973250295	0.02017818013204158
6,12	0.001708442971612609	0.0008891885317516108	0.05469195610969841	-0.0018222700775431663	0.005239156020768384
6,13	0.00013867295582091884	0.0008891651642234079	0.8760661452762586	-0.0033919473075714256	0.003669293219213263
6,14	0.000193406852889537	0.0008891639350465476	0.8278073976684299	-0.0033372085297934577	0.0037240222355725315
6,15	-0.0006107396828824002	0.0008891910035698456	0.4921805701655205	-0.0041414625469206046	0.0029199831811558045
6,16	0.00013747510378954612	0.0008891926761055159	0.8771319126176406	-0.003393254401408891	0.0036682046089879833
7,8	0.026119282815985374	0.0008892803291564699	2.304732230035499e-188	0.022588205265620193	0.029650360366350555
7,9	0.004384507063284474	0.000889244197295472	8.218265883467226e-07	0.0008535729821933097	0.007915441144375639
7,10	0.024964816924729915	0.0008892745236215098	2.3277151671866865e-172	0.0214337624264817	0.02849587142297813
7,11	0.03710592501463751	0.0008893512929201788	0.0	0.03357456568748642	0.0406372843417886
7,12	0.00017930074185959003	0.0008892383760584328	0.8402034596036517	-0.003351610224766146	0.003710211708485326
7,13	-7.354724249206357e-05	0.0008891925911271874	0.9340804935131515	-0.0036042764102658907	0.0034571819252817637
7,14	0.0012952487719193198	0.000889195394311497	0.1452172154594006	-0.002235491526496737	0.0048259890703353766
7,15	-0.008181598591774576	0.0008892323899435161	3.6581931903544223e-20	-0.011712485789252042	-0.004650711394297109
7,16	0.015383798655108772	0.0008892238318201129	6.656281790842558e-67	0.011852945439488803	0.01891465187072874
8,9	-0.008299891782254964	0.0008892606837485778	1.0561125252966046e-20	-0.011830891326330677	-0.004768892238179251
8,10	-0.02382245092042454	0.0008893323626707846	3.4082784473359974e-157	-0.02735373508097578	-0.020291166759873303
8,11	0.13567654108347763	0.0008893949977191897	0.0	0.1321450082170841	0.13920807394987114
8,12	0.0006344825317166638	0.000889254130363012	0.4755392199502386	-0.0028964909907414653	0.004165456054174793
8,13	-0.006557421484640257	0.0008892238754147226	1.671768928021569e-13	-0.010088274873361936	-0.0030265680959185768
8,14	-0.0009418260566061041	0.0008892162982200276	0.28952901462734904	-0.004472649358457306	0.002588997245245098
8,15	0.007610368881553641	0.0008892471989229852	1.1712341699556118e-17	0.004079422881859108	0.011141314881248175
8,16	0.0026280211398621183	0.0008892770453695028	0.0031254663469255403	-0.000903043371525298	0.006159085651249535
9,10	0.03949798908201133	0.0008892569554865321	0.0	0.03596700434179665	0.043028973822226015
9,11	0.04337821578125797	0.00088934247396847	0.0	0.0398468914716389	0.04690954009087705
9,12	-0.0037480316027415994	0.0008892246857353269	2.5018361403549292e-05	-0.0072788882090143725	-0.00021717499646882682
9,13	-0.000769266426807199	0.0008891926752472028	0.38697120080536507	-0.004299995928597521	0.0027614630749831226
9,14	-0.000340449121127652	0.0008891907496289233	0.7018135442250941	-0.003871170976839168	0.0031902727345838634
9,15	-0.008872849916490417	0.0008892224617901635	1.9750816599524688e-23	-0.01240369769211375	-0.005342002140867084
9,16	0.0023906458538186293	0.000889215861745786	0.0071795093202267025	-0.0011401757149183392	0.005921467422555598
10,11	0.1390519017117294	0.0008893782639556917	0.0	0.13552043529031918	0.14258336813313963
10,12	-0.004871408865897291	0.0008892414500336221	4.3138205181775475e-08	-0.0084023320383983	-0.0013404856933962811
10,13	-0.007031490295378443	0.0008892187105828703	2.6679848162634463e-15	-0.010562323176031736	-0.0035006574147251487
10,14	0.0004055603022207323	0.0008892213679897376	0.6483305878901995	-0.003125283130234309	0.003936403734675774
10,15	0.011649685719059872	0.0008892544481387046	3.674051877240614e-39	0.00811871093480546	0.015180660503314285
10,16	0.01056769295600191	0.0008892757108647168	1.5608263492061903e-32	0.007036633743550876	0.014098752168452943
11,12	0.00781657475400443	0.0008893318414942829	1.5418383953484408e-18	0.004285292662895845	0.011347856845113014
11,13	0.0031359945804843694	0.0008892951996874469	0.0004215737053281845	-0.0003951420165012919	0.006667131177470031
11,14	0.006228072577922772	0.0008892938819319252	2.522970969612041e-12	0.0026969412133669617	0.009759203942478582
11,15	0.012498884665840197	0.0008893287465495877	8.456052587697172e-45	0.00896761486387079	0.016030154467809605
11,16	0.06629509601227204	0.0008893358508128863	0.0	0.06276379800130731	0.06982639402323677
12,13	-0.002680566854181365	0.0008891937785514853	0.0025741613406186276	-0.006211300736877072	0.0008501670285143417
12,14	0.0020676162488393436	0.0008891836384677945	0.02005918603517879	-0.001463077370487541	0.005598309868166228
12,15	-0.0118304281483706	0.0008892163373677969	2.4720130230094415e-40	-0.015361251605666383	-0.008299604691074816
12,16	0.005034439862652181	0.0008892206048091859	1.50580875678272e-08	0.0015035994605685815	0.008565280264735782
13,14	-0.0003686781534957218	0.0008891661966562757	0.6784115614993564	-0.003899302516383357	0.0031619462093919136
13,15	0.00561857112347504	0.0008891825393755751	2.653234294605184e-10	0.0020878818683286444	0.009149260378621436
13,16	0.0019844199474843356	0.0008892001740653727	0.025638850660756864	-0.0015463393299657256	0.005515179224934397
14,15	-0.006035095769135557	0.0008891885042269242	1.1532818668757181e-11	-0.009565808708998683	-0.0025043828292724314
14,16	-0.009072612684168747	0.000889184212223228	2.001003839147013e-24	-0.012603308581714169	-0.005541916786623325
15,16	0.05453046643468202	0.0008892196599339438	0.0	0.05099962978442745	0.05806130308493659
1,2,3	0.0027085434304051116	0.000889145408451488	0.0023182315751310166	-0.0008219983884738104	0.006239085249284034
1,2,4	0.001888182124860822	0.0008891499773909415	0.03370901359250739	-0.0016423778359683993	0.005418742085690043
1,2,5	-0.0005914241331107458	0.0008891284338144929	0.5059423156143429	-0.004121898550566681	0.00293905028434519
1,2,6	-0.0007650929808448209	0.0008890856183201985	0.38949514070760294	-0.004295397390232712	0.0027652114285430696
1,2,7	0.0023020341975600466	0.0008890997417017711	0.009622818280479936	-0.0012283262917319768	0.0058323946868520694
1,2,8	-0.0016118024129274146	0.000889129987705286	0.06986951956909081	-0.005142283000438749	0.0019186781745839196
1,2,9	-0.0003825350455820842	0.0008890971686986867	0.6670144357832071	-0.003912885318215613	0.003147815227051445
1,2,10	-0.0016107560833304824	0.0008891074315059716	0.07004418413598083	-0.005141147106633085	0.0019196349399721205
1,2,11	0.02447563910103604	0.0008892033347948175	8.146649907762827e-166	0.0209448672732344	0.028006410928837683
1,2,12	-0.0001659036894339649	0.0008890984043571635	0.8519766869673282	-0.003696258868513487	0.003364451489645557
1,2,13	-0.0003238064333512235	0.0008890797060064108	0.7157068445089311	-0.003854087366633996	0.003206474499931549
1,2,14	0.00010819035428718317	0.000889075084811102	0.9031459782801394	-0.003422072229552252	0.0036384529381266184
1,2,15	-0.000648833438726339	0.0008890971678193195	0.4655355229990429	-0.0041791837078681525	0.002881516830415475
1,2,16	0.004189138873729468	0.0008891056230115372	2.4625637810832965e-06	0.0006587550314404197	0.0077195227160185165
1,3,4	0.006699990171506963	0.0008892450585371511	4.967564527670001e-14	0.003169052670671699	0.010230927672342228
1,3,5	-0.0007076834157721741	0.0008891924889190314	0.42610938543982346	-0.0042384121777066805	0.002823045346162332
1,3,6	-0.0010496959424812526	0.000889124613202091	0.23776810204131438	-0.004580155189379336	0.0024807633044168303
1,3,7	0.0019274959327273066	0.0008891604617243992	0.030179820888593754	-0.001603105658387989	0.005458097523842602
1,3,8	-0.004928420805490058	0.0008892104677149988	2.9941081407031365e-08	-0.008459220956075299	-0.001397620654904817
1,3,9	-0.0005718529161933938	0.0008891497374079815	0.520131807632358	-0.004102411924118998	0.0029587060917322097
1,3,10	-0.006366600594708826	0.0008891883166093058	8.153436910253877e-13	-0.00989731278959611	-0.00283588839982154
1,3,11	-0.0057359554502045326	0.000889298215657512	1.126608494473254e-10	-0.009267104022743729	-0.0022048068776653364
1,3,12	-0.0002879150864528271	0.0008891498983833967	0.7460834058972796	-0.0038184747335657113	0.003242644560660057
1,3,13	-9.517127985933743e-05	0.0008891239594271118	0.914758072168723	-0.0036256279308041796	0.003435285371085505
1,3,14	-0.0005357901330338224	0.0008891159289360685	0.546770316677785	-0.004066214897198184	0.0029946346311305397
1,3,15	0.0008127591672815303	0.0008891312958487038	0.36066523915666693	-0.002717726614492741	0.004343244949055802
1,3,16	-0.00013833195735388044	0.0008891614946285596	0.8763679401284591	-0.003668937649835835	0.003392273735128074
1,4,5	0.00047778576646093177	0.0008892209309500005	0.5910565592030103	-0.0030530559306344556	0.004008627463556319
1,4,6	0.0007261382125745451	0.0008891317492276552	0.4141130199757652	-0.0028043493694377224	0.004256625794586813
1,4,7	0.004581509528760485	0.0008891692029727265	2.5769788246235667e-07	0.0010508732286510529	0.008112145828869918
1,4,8	0.003789689999628176	0.000889214964471079	2.0304255055967405e-05	0.0002588719937121429	0.007320508005544209
1,4,9	0.0028205716433533077	0.0008891602994607423	0.0015137357392307174	-0.0007100293034594685	0.006351172590166084
1,4,10	0.002123545904412827	0.0008891863542672474	0.016934473512935432	-0.0014071584985760428	0.0056542503074016965
1,4,11	-0.009097328454651388	0.0008893346030475124	1.530026215175809e-24	-0.012628621511097102	-0.005566035398205673
1,4,12	-0.0002998227253009674	0.0008891598414350356	0.7359689172220298	-0.0038304218534248135	0.003230776402822879
1,4,13	4.589207851243967e-06	0.0008891310674852929	0.9958817910590482	-0.003525895667157313	0.0035350740828598006
1,4,14	-0.0003371015530051811	0.0008891284198704704	0.7045873315231668	-0.0038675759150933963	0.0031933728090830344
1,4,15	0.00042489442725769996	0.0008891445947144238	0.6327452498186524	-0.0031056441605043458	0.003955433015019745
1,4,16	0.0012364434751695869	0.000889170443660841	0.16436420395823786	-0.002294197751357089	0.004767084701696263
1,5,6	-0.0010122338272795836	0.0008891125784005954	0.2549258090705772	-0.004542645287426975	0.0025181776328678076
1,5,7	0.0030062265182030875	0.0008891402726729936	0.0007225296511911016	-0.0005242949079700136	0.006536747944376189
1,5,8	-0.0038613972087588318	0.0008891614851249908	1.4093283050573886e-05	-0.007392002863504835	-0.0003307915540128278
1,5,9	-0.0013059881289235516	0.0008891337141118468	0.141883259598422	-0.004836483512928319	0.002224507255081215
1,5,10	0.0014260768664069417	0.0008891472086117244	0.10874756871571024	-0.0021044721003928213	0.004956625833206704
1,5,11	1.9889478157069426e-05	0.0008892703558642224	0.9821560199760272	-0.0035111484711203528	0.0035509274274344916
1,5,12	0.0002653311186107532	0.0008891271618394771	0.7653854922787265	-0.0032651382481966125	0.003795800485418119
1,5,13	-0.0009277289301910518	0.0008891033116119108	0.29674695516356453	-0.00445810359457403	0.002602645734191927
1,5,14	-0.0004281764926319214	0.0008891022775043113	0.6301038932155926	-0.003958547050869729	0.0031021940656058866
1,5,15	-0.000958095604477022	0.0008891193862749726	0.2812261335184821	-0.004488534096744197	0.002572342887790153
1,5,16	0.0021372757730510864	0.000889131725848335	0.016229427868609998	-0.001393211716128595	0.005667763262230768
1,6,7	0.0010141187227279424	0.0008890919054807715	0.2540310935785656	-0.0025162106511743164	0.004544448096630201
1,6,8	-0.0010983429454775081	0.0008891049112657024	0.21671017138853066	-0.0046287239616276486	0.002432038070672632
1,6,9	8.85310969778558e-05	0.0008890924409401435	0.9206823070858285	-0.003441800403080246	0.003618862597035957
1,6,10	-0.00021504674852879408	0.000889096680443328	0.8088808580667489	-0.003745395082440101	0.003315301585382513
1,6,11	-0.002093729074427551	0.0008891924378690505	0.01854360914524972	-0.005624457633657201	0.001436999484802099
1,6,12	-0.0004267811451356122	0.0008890910198457766	0.631215075191218	-0.003957107002434899	0.003103544712163675
1,6,13	0.0007210250208647146	0.0008890756914016325	0.41737861474819493	-0.002809239971572026	0.004251290013301455
1,6,14	0.0004351118086271355	0.0008890728756262863	0.6245605789966382	-0.003095142003171975	0.003965365620426246
1,6,15	0.00012575576050437637	0.0008890837678673487	0.8875194682215494	-0.0034045413012651067	0.0036560528222738596
1,6,16	0.000349425521847265	0.0008890939638207207	0.6943111606097123	-0.0031809120251335464	0.0038797630688280765
1,7,8	-0.0012920989383064213	0.0008891353593072264	0.14617082043195972	-0.004822600854910955	0.0022384029782981122
1,7,9	0.0018575773060436527	0.0008891172262214682	0.03669026768813045	-0.001672852609269567	0.005388007221356872
1,7,10	-0.001184113794722945	0.0008891264932991901	0.18293986033377743	-0.004714580506948261	0.002346352917502371
1,7,11	-0.008667858979514168	0.0008892223588286669	1.9564423658901876e-22	-0.012198706346306881	-0.0051370116127214555
1,7,12	-0.0004561084492387971	0.0008891198015706365	0.6079609679689433	-0.003986548590526138	0.003074331692048544
1,7,13	0.000800504993431066	0.0008890881449874628	0.36792874675034637	-0.002729809448629044	0.004330819435491177
1,7,14	1.8231119375120935e-05	0.0008890896066642484	0.9836402851363906	-0.003512089126584968	0.00354855136533521
1,7,15	-0.00041091605404611144	0.0008891097261936679	0.6439640430500198	-0.003941316188896495	0.0031194840808042726
1,7,16	0.002457238590622095	0.0008891078369534024	0.005716419061573165	-0.0010731540425961599	0.00598763122384035
1,8,9	9.349488253473164e-05	0.0008891284477145319	0.9162544141181287	-0.0034369795901142792	0.003623969355183742
1,8,10	-0.004230297071826974	0.0008891483721304663	1.962425974591407e-06	-0.0077608506586264985	-0.0006997434850274497
1,8,11	-0.004789365860634562	0.000889253231542584	7.236530453451181e-08	-0.00832033581413414	-0.0012583959071349837
1,8,12	-0.0011821197097933523	0.0008891269133062049	0.18367836280297697	-0.004712588089746259	0.0023483486701595547
1,8,13	-0.0012914873026827573	0.0008891025165089552	0.14634694532984197	-0.0048218588099395695	0.0022388842045740548
1,8,14	-2.421301669092572e-05	0.0008890964181065861	0.9782737524797344	-0.003554560308938148	0.0035061342755562963
1,8,15	0.001278806840396076	0.0008891120865672774	0.15035482811301562	-0.0022516026668220413	0.004809216347614193
1,8,16	-0.0013965374941157058	0.0008891453142443415	0.11626855109493454	-0.004927078938925025	0.002134003950693613
1,9,10	-0.0023400806623856095	0.0008891215728020304	0.008492879460232472	-0.0058705278367256405	0.0011903665119544216
1,9,11	-0.004441285065095361	0.0008892087194141058	5.909795409384187e-07	-0.007972078273678365	-0.0009104918565123578
1,9,12	-6.0233303106456876e-05	0.000889109412958698	0.94598831403235	-0.003590632194190467	0.0034701655879775532
1,9,13	0.00013979205190219765	0.0008890857394822837	0.8750631063598984	-0.0033905128385856398	0.003670096942390035
1,9,14	0.00036247601248844277	0.0008890866521615097	0.6834991146351586	-0.003167832501987264	0.0038927845269641492
1,9,15	7.164091587758945e-05	0.0008891014552161354	0.9357788000159069	-0.003458726377289326	0.003602008209044505
1,9,16	0.001023716553855158	0.0008890995095091858	0.24956860787408025	-0.002506643013466595	0.004554076121176911
1,10,11	-0.0031569301205956082	0.000889250488001622	0.00038535796360280466	-0.006687889180279612	0.0003740289390883958
1,10,12	-0.0005111774847313853	0.0008891099097504447	0.5653395035817945	-0.00404157834843317	0.0030192233789704
1,10,13	0.0009832519868594979	0.0008890966525147939	0.2687739674630117	-0.0025470962361555972	0.004513600209874593
1,10,14	-0.0006237752322416851	0.0008890925998868082	0.48293972068353686	-0.004154107363431479	0.002906556898948109
1,10,15	-0.0006099376800731016	0.0008891115994406692	0.49271054465449793	-0.0041403452530509414	0.0029204698929047386
1,10,16	-0.0009434998040954519	0.0008891355546358055	0.28862901264444496	-0.004474002496293842	0.002587002888102939
1,11,12	-0.003142624504502546	0.0008892164678318702	0.00040937730441683613	-0.006673448479833808	0.00038819947082871595
1,11,13	-0.00043732037055188594	0.0008891887034908408	0.6228486174939131	-0.003968034101634967	0.003093393360531196
1,11,14	0.0013625094587114506	0.0008891843137562419	0.12544994837495504	-0.0021681868419924965	0.004893205759415397
1,11,15	-0.0002802436227370374	0.0008892055551660649	0.7526398371368082	-0.003811024266997122	0.0032505370215230468
1,11,16	-0.0033493118069830496	0.0008892253785488424	0.00016566727508079144	-0.006880171164219912	0.00018154755025381279
1,12,13	-0.0003479006124520819	0.0008890890612491942	0.6955767509305784	-0.0038782186927251655	0.0031824174678210014
1,12,14	-0.0003986437289145101	0.0008890753520773036	0.653880393609545	-0.003928907373991503	0.003131619916162483
1,12,15	-0.0011927485852979054	0.0008891002817060402	0.17975543371763947	-0.004723111218792256	0.002337614048196445
1,12,16	-0.0009378881929771914	0.0008891074888753246	0.2914911502260102	-0.004468279444077068	0.0025925030581226854
1,13,14	-0.0003034878660804495	0.0008890675038692985	0.732837276280673	-0.0038337203481707115	0.0032267446160098127
1,13,15	-4.792998594311867e-05	0.0008890734248068797	0.9570070041726726	-0.0035781859783811133	0.003482326006494876
1,13,16	0.0005488308416715818	0.0008890996507610374	0.5370467593823447	-0.002981529286520828	0.004079190969863991
1,14,15	-5.679297629445856e-05	0.0008890751592837355	0.9490670025354322	-0.003587055855843397	0.00347346990325448
1,14,16	-0.0004953004373516947	0.0008890827748981714	0.5774668801302545	-0.004025593556324901	0.003034992681621512
1,15,16	0.0010222841458705275	0.0008890960403959413	0.2502298533231182	-0.002508061646595878	0.004552629938336933
2,3,4	0.012489696341763726	0.0008892616841379643	9.635077280323825e-45	0.008958692825428211	0.01602069985809924
2,3,5	-0.0005234465624793786	0.0008892011097506023	0.5560843349342127	-0.004054209555267562	0.003007316430308805
2,3,6	0.000393672093214811	0.0008891290206279323	0.6579397563306928	-0.0031368046543092643	0.003924148840738886
2,3,7	0.00369432305577031	0.0008891673650165877	3.259781184685594e-05	0.0001636940536584243	0.007224952057882195
2,3,8	-0.009923085300889391	0.0008892310832025693	6.86876562037134e-29	-0.013453967309672731	-0.006392203292106052
2,3,9	-0.001421091263526735	0.0008891705921952223	0.10999870671964289	-0.004951733079840908	0.0021095505527874378
2,3,10	-0.008473889453321887	0.0008892011644754994	1.628975967961414e-21	-0.012004652663406966	-0.004943126243236807
2,3,11	-0.016424741046883858	0.0008893159591089626	5.792266072153936e-76	-0.0199559600735881	-0.012893522020179614
2,3,12	0.0020940565584941476	0.0008891551152219412	0.01852031489146035	-0.0014365238031908058	0.005624636920179101
2,3,13	-0.0002598139209774018	0.0008891287583577289	0.7701256332192924	-0.003790289627101598	0.0032706617851467946
2,3,14	-0.00015509963930321086	0.0008891199831332363	0.861518863723743	-0.0036855405015236466	0.003375341222917225
2,3,15	0.0014965392202936681	0.0008891394213856266	0.09235437908060591	-0.0020339788256610565	0.005027057266248393
2,3,16	-0.001616658208004085	0.0008891598565328195	0.06904035199339811	-0.005147257396076908	0.001913940980068738
2,4,5	0.011034593634739551	0.0008892346087805857	2.562226115990478e-35	0.007503697626895423	0.01456548964258368
2,4,6	3.3684160477851966e-05	0.0008891376834304092	0.969780226938532	-0.0034968269845543506	0.0035641953055100544
2,4,7	0.0038330651929025955	0.0008891839991419172	1.6293219338721656e-05	0.0003023701414420453	0.007363760244363146
2,4,8	0.003589045280871508	0.0008892329899749392	5.440714423994784e-05	5.8155700841072515e-05	0.007119934860901943
2,4,9	0.0004937838700187846	0.0008891748910535815	0.5786721535942454	-0.0030368750158309963	0.004024442755868565
2,4,10	0.0038478220072960005	0.0008891982190765102	1.5118134048857778e-05	0.0003170704925469204	0.00737857352204508
2,4,11	-0.011827623306888507	0.0008893507781852854	2.648330628885648e-40	-0.015358980590174726	-0.008296266023602287
2,4,12	0.0007972543456122834	0.0008891592353276244	0.36991525837740047	-0.002733342375832586	0.004327851067057153
2,4,13	0.0002615192782652494	0.0008891382202962911	0.7686620547310177	-0.003268993998507644	0.003792032555038143
2,4,14	0.00046005145834346475	0.000889124482504582	0.6048642668750469	-0.0030704072695922338	0.003990510186279163
2,4,15	-0.0011740549844581995	0.00088915839185967	0.1867023868260077	-0.00470464835673334	0.002356538387816942
2,4,16	0.000998909407947558	0.0008891718738234971	0.2612653163165848	-0.002531737497345512	0.0045295563132406284
2,5,6	2.1276609695837577e-05	0.0008891141813797831	0.9809084229926885	-0.003509141215422911	0.003551694434814586
2,5,7	0.0037014005408929802	0.0008891536462344774	3.1473067370662477e-05	0.0001708260121366153	0.007231975069649345
2,5,8	-0.005822077494202544	0.0008891810144447724	5.887660944064854e-11	-0.00935276069428537	-0.002291394294119717
2,5,9	0.00014981845845089944	0.0008891482377259091	0.8661931482502285	-0.003380734594666614	0.003680371511568413
2,5,10	-0.003969574588343064	0.0008891603360166669	8.042753336300817e-06	-0.00750017568030895	-0.00043897349637717856
2,5,11	-0.02949627806496715	0.0008892853813829672	3.329364455608259e-239	-0.0330273756762771	-0.025965180453657203
2,5,12	-0.00016300165083564473	0.0008891314033819017	0.8545421571647995	-0.0036934878595934546	0.003367484557922165
2,5,13	-0.0006534931069982384	0.0008891173801916414	0.46234778501238283	-0.004183923633682928	0.002876937419686451
2,5,14	-0.00044019208554494033	0.0008891063490236648	0.6205347825662687	-0.003970578810620261	0.0030901946395303806
2,5,15	0.0006496452708704144	0.0008891384047379836	0.4649981866991705	-0.0028808687382676267	0.004180159280008456
2,5,16	0.000833262991971198	0.0008891346189936323	0.348678881430568	-0.002697235985060035	0.004363761969002431
2,6,7	0.0008419703835307614	0.0008890970247930154	0.34364493721894485	-0.0026883793176945532	0.004372320084756076
2,6,8	-0.0002736711156042242	0.0008891093169089036	0.7582327275612792	-0.003804069625302004	0.0032567273940935556
2,6,9	-0.00036384716226273085	0.0008890968620021595	0.6823705568051329	-0.0038941962170921697	0.0031665018925667084
2,6,10	-0.0005300417865386706	0.0008891021923719756	0.5510744948754409	-0.00406041200674035	0.0030003284336630087
2,6,11	0.00020035299662103174	0.0008892005859958948	0.8217325313919515	-0.00333040791648718	0.0037311139097292436
2,6,12	-0.00042403974544739497	0.0008890852928434287	0.6334069537520215	-0.0039543428624602295	0.0031062633715654396
2,6,13	-5.929587370918384e-05	0.0008890777987758556	0.9468257711854895	-0.0035895692339255386	0.0034709774865071706
2,6,14	-0.0005833661739711403	0.0008890682004741911	0.5117270297175145	-0.004113601422079965	0.0029468690741376842
2,6,15	-0.0004864375684517461	0.0008890876052618869	0.584298235315172	-0.00401674986741614	0.003043874730512648
2,6,16	0.00038586300353206945	0.0008890930496602909	0.664292666441207	-0.003144470913579437	0.0039161969206435755
2,7,8	-0.0027285762845345456	0.0008891497606418609	0.0021504800876163727	-0.006259135384715232	0.0008019828156461406
2,7,9	-0.00042872190041687037	0.0008891284502790751	0.6296781808904388	-0.003959196383248948	0.003101752582415207
2,7,10	0.0018540597945371962	0.0008891368751836459	0.03705188440001458	-0.0016764481411785431	0.005384567730252935
2,7,11	-0.0046025894572196534	0.0008892341530053206	2.2749597810663725e-07	-0.00813348365531071	-0.0010716952591285959
2,7,12	-0.0010826818838799745	0.0008891161938791032	0.22334031379345043	-0.004613107700057264	0.0024477439322973145
2,7,13	0.0006311526561404828	0.0008890940152617696	0.4777793321132068	-0.0028991850950980044	0.00416149040737897
2,7,14	6.309401727957407e-05	0.0008890901422205571	0.9434260701068287	-0.0034672283552212657	0.003593416389780414
2,7,15	-0.0004245503194381831	0.0008891202363587339	0.6330114314188819	-0.003954992187144561	0.003105891548268195
2,7,16	0.0026784636327835958	0.0008891146770667061	0.0025920133910909324	-0.0008519561605659885	0.00620888342613318
2,8,9	-0.0014466251548972545	0.0008891483994844766	0.10374663471783534	-0.004977178850311722	0.0020839285405172122
2,8,10	-0.004267505421876751	0.0008891814888273462	1.5952928187739035e-06	-0.007798190505596944	-0.0007368203381565583
2,8,11	0.0033702104995580007	0.0008892730286100306	0.00015087711311344653	-0.0001608380624277114	0.006901259061543713
2,8,12	-0.0037657113861170946	0.000889132189748936	2.2860010075603768e-05	-0.007296200717313229	-0.00023522205492096035
2,8,13	-0.0011490314033187508	0.0008891208095103032	0.19624993054241627	-0.004679475546845894	0.0023814127402083923
2,8,14	-0.00016693817949803877	0.0008891065482758791	0.8510658002461711	-0.0036973256957468486	0.0033634493367507715
2,8,15	-0.0011820322167574824	0.0008891253401953135	0.18371003138074538	-0.004712494350337484	0.0023484299168225198
2,8,16	-0.00284917333832613	0.0008891530982914145	0.0013542596045980116	-0.0063797456913574895	0.0006813990147052297
2,9,10	-0.0018611327517445906	0.0008891317273866391	0.036335013112578744	-0.005391620247032437	0.001669354743543256
2,9,11	0.0005631034213044305	0.0008892324658559405	0.5265748949472808	-0.0029677840775995373	0.004093990920208399
2,9,12	-0.0008728875647965008	0.0008891120984592702	0.3262257652668632	-0.0044032971192343165	0.0026575219896413146
2,9,13	-6.722237576277341e-05	0.0008890933637538145	0.939731382964514	-0.0035975575400497236	0.003463112788524177
2,9,14	-1.9995187309218944e-05	0.0008890914900961588	0.9820575899473059	-0.0035503229118381222	0.0035103325372196842
2,9,15	-0.0008062305262918986	0.0008891169850007358	0.3645283351534834	-0.0043366594837866606	0.0027241984312028635
2,9,16	0.0008567311397331195	0.0008891072528921213	0.3352572649223373	-0.0026736591743450285	0.004387121453811267
2,10,11	-0.00576520551283307	0.0008892608645886213	9.048315034990812e-11	-0.009296205774972813	-0.002234205250693326
2,10,12	-0.0005978323362076757	0.0008891126812171099	0.5013365459119563	-0.004128244204610006	0.002932579532194654
2,10,13	0.0005684544639958134	0.0008890996941267106	0.5225912869012987	-0.0029619058363892672	0.004098814764380894
2,10,14	0.00021697502648415114	0.0008890922873270816	0.8071998010603391	-0.0033133558636204673	0.0037473059165887695
2,10,15	0.00013764534045105845	0.0008891270070135758	0.8769719610503649	-0.003392823411586986	0.003668114092489103
2,10,16	-0.000563223896200239	0.0008891358291945956	0.526441497559222	-0.0040937276785929675	0.00296727988619249
2,11,12	0.00023647196028685067	0.0008892205818897697	0.7902926517543516	-0.00329436835079031	0.0037673122713640116
2,11,13	-0.0008886137702606945	0.0008891961934240625	0.3176313760475363	-0.004419357241723931	0.0026421297012025418
2,11,14	0.00033799714251038233	0.0008891889628144438	0.7038587435296021	-0.003192717618272472	0.003868711903293237
2,11,15	-0.0003847275895043816	0.0008892235758027552	0.6652664256074365	-0.003915579788552731	0.003146124609543967
2,11,16	5.087181853981668e-05	0.000889221547391594	0.9543785804592124	-0.0034799723262686267	0.00358171596334826
2,12,13	2.4659920092042983e-06	0.0008890918193059775	0.9977869926474223	-0.003527863039717623	0.003532795023736032
2,12,14	0.0006990057418333486	0.0008890753111762328	0.4317435344595236	-0.002831257740837204	0.004229269224503901
2,12,15	-0.0020713997733416826	0.0008891044325449398	0.019821946768095466	-0.005601778888628752	0.0014589793419453865
2,12,16	0.00011595319596339321	0.0008890991060392029	0.8962373212156758	-0.003414404769294587	0.0036463111612213737
2,13,14	3.647956170672125e-05	0.0008890714955300177	0.9672712483582355	-0.003493768770125284	0.0035667278935387265
2,13,15	-0.00020548559949080613	0.00088908146668857	0.8172213644674462	-0.0037357735239382786	0.0033248023249566666
2,13,16	-0.00045060337391027334	0.0008890940119266068	0.6122885947175851	-0.003980941111905784	0.0030797343640852374
2,14,15	-0.000736375755473109	0.0008890814007468476	0.4075357918237519	-0.004266663418084884	0.002793911907138666
2,14,16	-0.00024969514188680555	0.0008890814699628169	0.7788292845432344	-0.0037799830793353753	0.003280592795561764
2,15,16	0.00499563911002441	0.0008891016808063629	1.9314319571019806e-08	0.0014652709211032968	0.008526007298945523
3,4,5	-0.029117083686655974	0.0008893500401477352	3.6480150174578157e-233	-0.03264843803940641	-0.025585729333905537
3,4,6	0.004003078451678625	0.0008892303616941915	6.752017890305452e-06	0.00047219930779845683	0.007533957595558794
3,4,7	0.010119095735217971	0.0008892971669341686	5.702304459352828e-30	0.00658795132685888	0.013650240143577063
3,4,8	0.02779031794991213	0.0008893814581810502	9.966377756714509e-213	0.024258838845147644	0.031321797054676616
3,4,9	0.007866065972022397	0.0008892819331560273	9.345502955540954e-19	0.004334982052634261	0.011397149891410533
3,4,10	0.03273454748110404	0.0008893345703584249	1.6545308296585758e-293	0.029203254554457332	0.03626584040775075
3,4,11	-0.03976595265676287	0.0008894766387915186	0.0	-0.043297809696477486	-0.03623409561704825
3,4,12	0.002286915903489488	0.0008892574669145856	0.010121882586103087	-0.0012440708674595511	0.005817902674438527
3,4,13	0.0019523215591763132	0.0008892214514664397	0.028128442114325483	-0.0015785222047408095	0.005483165323093436
3,4,14	0.001028856096815732	0.0008892180142018196	0.2472625079453039	-0.0025019740187078115	0.004559686212339275
3,4,15	0.0028020520253692416	0.0008892534795526852	0.0016277856259413195	-0.0007289189129074331	0.006333022963645916
3,4,16	0.009411810722040035	0.0008892991103905712	3.739945626608159e-26	0.005880658596772058	0.01294296284730801
3,5,6	-0.00043826602947251404	0.0008891754031498055	0.6220917164801079	-0.003968926948709767	0.003092394889764739
3,5,7	0.0053004129112974065	0.0008892451644477953	2.5266403912479245e-09	0.0017694749899213008	0.008831350832673512
3,5,8	-0.01275517934709741	0.0008893039203019706	1.3947655547452264e-46	-0.01628635057114628	-0.009224008123048537
3,5,9	-0.0006376793877165664	0.0008892365842969801	0.4733095811080461	-0.004168583239770627	0.0028932244643374945
3,5,10	-0.04577101534318166	0.0008892589541774545	0.0	-0.04930200801962569	-0.04224002266673763
3,5,11	-0.10990655477498805	0.0008894172798696407	0.0	-0.11343817611742074	-0.10637493343255536
3,5,12	-0.0012822358211793394	0.0008892118361557522	0.14930969873039102	-0.004813041405450972	0.002248569763092293
3,5,13	-0.0016942386993664903	0.0008891762697360328	0.056732250884271175	-0.005224903059569514	0.0018364256608365327
3,5,14	-0.0009419278230551182	0.0008891741863343292	0.28945406636171717	-0.004472583910666538	0.0025887282645563016
3,5,15	0.000782285261255624	0.0008892013909090752	0.3789917644130737	-0.0027484788479323484	0.004313049370443596
3,5,16	-0.005717193648063347	0.0008892275127456127	1.2901397943101117e-10	-0.009248061479584478	-0.002186325816542216
3,6,7	0.00011705878445413546	0.0008891510911929135	0.8952597319875123	-0.00341350559896379	0.003647623167872061
3,6,8	-0.0025408903790299225	0.0008891909185922408	0.004270890996884158	-0.006071612905646391	0.0009898321475865458
3,6,9	-0.0010794184096915552	0.0008891434486327806	0.22475295530512546	-0.004609952446691565	0.0024511156273084546
3,6,10	0.0028847518886341997	0.0008891727650897606	0.0011779609256869774	-0.0006458985556219974	0.006415402332890396
3,6,11	-0.002325668104043956	0.000889286509220274	0.008919438850958033	-0.005856770193672904	0.0012054339855849918
3,6,12	-0.0005944167438767041	0.0008891352816347902	0.5037955035380425	-0.004124918352066234	0.002936084864312826
3,6,13	0.00010074124828695477	0.00088911457379136	0.9097890008250785	-0.0034296781349858023	0.003631160631559712
3,6,14	-0.0007252189547709867	0.00088910940361711	0.4146925280578513	-0.004255617808762225	0.002805179899220252
3,6,15	-0.00021667425241101313	0.0008891266979388034	0.8074691158500178	-0.003747141777201637	0.003313793272379611
3,6,16	-0.0005625385955275177	0.0008891440987297635	0.5269486372737884	-0.004093075213876498	0.002967998022821463
3,7,8	-0.01605131970792356	0.0008892575800711477	1.1908958314280205e-72	-0.019582306928184908	-0.012520332487662215
3,7,9	-0.0020289060362005656	0.0008891963466577002	0.02250855395287859	-0.0055596501161107	0.001501838043709569
3,7,10	0.0028768748526032933	0.0008892287999120441	0.0012159929404906733	-0.0006539980898871691	0.006407747795093756
3,7,11	-0.02279577856625808	0.0008893413821459387	3.589651491184017e-144	-0.02632709854056252	-0.019264458591953644
3,7,12	0.0005617492752427883	0.0008891882424696008	0.5275491263772487	-0.0029689626252569585	0.004092461175742535
3,7,13	-0.00029459186604621974	0.0008891464549043861	0.7404039886382489	-0.003825137840089959	0.0032359541079975194
3,7,14	0.0014390748722548702	0.0008891440744495245	0.10556098592705368	-0.0020914616496842332	0.004969611394193973
3,7,15	0.00151572004815105	0.0008891690320611031	0.0882649873003885	-0.0020149155733172647	0.005046355669619364
3,7,16	0.0083633117881551	0.0008891753381053139	5.332935933851601e-21	0.004832651127190899	0.011893972449119302
3,8,9	-0.004024330523358247	0.0008892507891404637	6.035291320647913e-06	-0.007555290778778363	-0.0004933702679381308
3,8,10	-0.036333241764478476	0.0008893376746713573	0.0	-0.03986454701746295	-0.032801936511494004
3,8,11	-0.03562585178049159	0.0008894156954257393	0.0	-0.03915746683155123	-0.032094236729431944
3,8,12	-0.005902743543201922	0.0008892247241228772	3.2032922632947695e-11	-0.009433600301900665	-0.002371886784503179
3,8,13	-0.00031653182541542004	0.000889196473674331	0.7218603691073526	-0.003847276409672225	0.003214212758841385
3,8,14	-0.0011935725501361653	0.0008891894192181069	0.17949855615034227	-0.00472428912316728	0.0023371440228949487
3,8,15	0.00016872201550503384	0.0008892140133931921	0.8495112310933609	-0.003362092213953042	0.00369953624496311
3,8,16	-0.011191778345662177	0.0008892652076915808	2.8046508928807857e-36	-0.014722795853020169	-0.007660760838304186
3,9,10	-0.0007106548385426036	0.0008892176074686155	0.42418255477697986	-0.0042414833390450575	0.0028201736619598503
3,9,11	-0.008316156731495676	0.000889332284799703	8.950682067552957e-21	-0.011847440582843148	-0.004784872880148205
3,9,12	0.0011942436920797314	0.0008891789657689088	0.17924894353214954	-0.0023364313732978596	0.004724918757457322
3,9,13	0.00041369289584592805	0.0008891444527327899	0.6417391720889921	-0.0031168451281477047	0.00394423091983956
3,9,14	0.000553121372046614	0.0008891429355813267	0.5338890180722637	-0.00297741062777298	0.0040836533718662076
3,9,15	-0.001426076026672699	0.000889164807548754	0.10875477593708403	-0.004956694873812123	0.002104542820466725
3,9,16	-0.001504488508137971	0.0008891758238293821	0.09065020117327988	-0.005035151097773365	0.002026174081497423
3,10,11	-0.06035207092715701	0.000889385990260403	0.0	-0.06388356802751088	-0.05682057382680313
3,10,12	0.0016080505733098327	0.0008891917567781149	0.07054263369381589	-0.0019226752815027354	0.005138776428122401
3,10,13	0.0006116800545945554	0.0008891734812113035	0.4915057753729929	-0.0029189732331752344	0.004142333342364345
3,10,14	0.0008366008527038337	0.0008891651884898247	0.3467681207192609	-0.0026940195070435033	0.0043672212124511705
3,10,15	0.003287613526803985	0.0008891990866883982	0.00021810834361997636	-0.00024314143298347036	0.006818368486591441
3,10,16	-0.0065305908173252675	0.0008892491247821884	2.0985791355437382e-13	-0.010061544464055246	-0.0029996371705952895
3,11,12	-0.007878109592353803	0.0008893212738056315	8.307638744437069e-19	-0.011409349722196706	-0.004346869462510899
3,11,13	-0.0015047532688099471	0.0008892863516873793	0.09063353300626538	-0.005035854732920878	0.002026348195300984
3,11,14	-0.0012117375614390789	0.0008892830937595527	0.1730132611599051	-0.004742826089251487	0.0023193509663733286
3,11,15	-0.003763990226796899	0.0008893088231591301	2.3144074560405407e-05	-0.007295180918687666	-0.00023279953490613165
3,11,16	-0.015876048535112555	0.0008893406820610566	4.192113529059169e-71	-0.01940736572958039	-0.012344731340644722
3,12,13	-0.0005689210848597464	0.0008891329018638314	0.5222655439250343	-0.004099413243660224	0.0029615710739407304
3,12,14	0.0007553167661885525	0.0008891255581256738	0.3956034312766755	-0.002775146232730508	0.004285779765107613
3,12,15	-0.00034036186451095356	0.0008891510465943262	0.7018736342950329	-0.0038709260708406595	0.003190202341818752
3,12,16	0.0017691258114431692	0.0008891672194356391	0.04663447022260751	-0.0017615026126084554	0.005299754235494794
3,13,14	-0.00033810740908521344	0.0008891110493712604	0.703741966354483	-0.0038685127978949382	0.0031922979797245113
3,13,15	-0.0005356434867762013	0.0008891191472109237	0.5468815209462963	-0.004066081029788492	0.00299479405623609
3,13,16	-0.003052272343596925	0.0008891450136132067	0.000597722777740958	-0.006582812594686091	0.0004782679074922403
3,14,15	-6.2600232438113465e-06	0.0008891185436311013	0.9943823968906931	-0.003536695169613457	0.003524175123125834
3,14,16	-0.0010600300282232536	0.0008891357586438879	0.23318621136124737	-0.0045905335304793245	0.002470473474032817
3,15,16	0.003193969374842913	0.000889162310819935	0.0003282565334086496	-0.00033663955850128484	0.0067245783081871105
4,5,6	-0.0030912191050452603	0.0008892029880829367	0.0005085440852271913	-0.006621989556153302	0.0004395513460627811
4,5,7	0.0008122810448786069	0.0008892529353867119	0.36101353149310167	-0.0027186877326708042	0.0043432498224280185
4,5,8	-0.028124805717967084	0.0008893009049303312	7.914915353067932e-218	-0.0316559649688386	-0.02459364646709557
4,5,9	8.876305650948847e-05	0.0008892594862182265	0.920490065155579	-0.0034422317325161008	0.0036197578455350776
4,5,10	-0.014299972736047833	0.0008892714407582188	4.542620139630809e-58	-0.017831014993128665	-0.010768930478967
4,5,11	0.13925671480958307	0.0008894057535952474	0.0	0.13572513923468557	0.14278829038448057
4,5,12	-0.0023616104844901326	0.0008892315882017797	0.007914299012777608	-0.005892494498480736	0.0011692735295004701
4,5,13	0.0005278183388707302	0.0008891985267835691	0.5527892347840526	-0.003002934397694972	0.004058571075436433
4,5,14	0.0015300843743516254	0.0008892004854396929	0.08530254114918107	-0.0020006761394767026	0.005060844888179953
4,5,15	-0.0020052419314881766	0.0008892309137723855	0.024134846463057975	-0.005536123267512771	0.0015256394045364183
4,5,16	0.01828390887635986	0.0008892443353399752	1.2301406025321027e-93	0.014752974247133503	0.02181484350558622
4,6,7	0.0005324374600250261	0.0008891601615266603	0.5493021172787846	-0.0029981629390910067	0.004063037859141059
4,6,8	0.0018022893335813877	0.0008891938261947685	0.04267881125136922	-0.0017284447382921544	0.005333023405454929
4,6,9	0.00016383723872030192	0.0008891591174399244	0.8538093885611979	-0.0033667590146262668	0.0036944334920668703
4,6,10	0.0030114727102641885	0.0008891680553820533	0.0007074438053815568	-0.0005191590330912818	0.006542104453619659
4,6,11	-0.002012230943783615	0.0008893156261555241	0.023659161451089077	-0.005543448648425092	0.001518986760857862
4,6,12	0.0004200881204871336	0.0008891462362274369	0.6365984221695125	-0.003110456985253056	0.003950633226227324
4,6,13	0.0013761302940616855	0.0008891233628522428	0.12169026420210824	-0.0021543239880551755	0.004906584576178547
4,6,14	-0.000811340559167312	0.0008891235310096734	0.36149993467497654	-0.00434179550898918	0.002719114390654556
4,6,15	4.236539500338283e-05	0.0008891427810560124	0.9619973562835982	-0.003488165991240435	0.0035728967812472005
4,6,16	-0.00025434182169880253	0.0008891495885942394	0.7748402520154845	-0.003784900238727648	0.0032762165953300424
4,7,8	-0.0012118537287028478	0.0008892669738604123	0.1729642853178715	-0.004742878249011544	0.0023191707916058483
4,7,9	0.0007591821431509354	0.0008892139894679601	0.3932369384490352	-0.002771631991306895	0.004289996277608766
4,7,10	0.009022733918791031	0.0008892247721791012	3.5738459988933485e-24	0.005491876969274783	0.012553590868307278
4,7,11	-0.008746619232766116	0.0008893775734035585	8.296996079494862e-23	-0.012278082912191549	-0.005215155553340683
4,7,12	-0.003383523042177647	0.0008891961711393156	0.00014185136010897516	-0.006914266425154534	0.00014722034079923995
4,7,13	0.001436230667626562	0.0008891526557796657	0.10625496770504447	-0.0020943399283173524	0.004966801263570477
4,7,14	0.0019035834163513322	0.0008891565681890304	0.03228695189961875	-0.0016270027146498894	0.005434169547352554
4,7,15	-0.0023264468060488655	0.0008891885132398006	0.00888909043494289	-0.005857159781699543	0.001204266169601812
4,7,16	0.0042701486552976205	0.0008891863087019255	1.5719972504903706e-06	0.0007394444332355973	0.007800852877359644
4,8,9	0.005847107034140523	0.0008892561955454742	4.8934758113497794e-11	0.002316125311434181	0.009378088756846864
4,8,10	0.002019674177678724	0.0008893155062459868	0.023147656897674316	-0.001511543050836315	0.005550891406193763
4,8,11	-0.012653895394594982	0.0008894493513075105	7.356765434356256e-46	-0.01618564408352411	-0.009122146705665855
4,8,12	0.0003800780733537284	0.0008892317181938313	0.6690727103202763	-0.0031508064567980897	0.003910962603505546
4,8,13	-0.00022731753714869227	0.0008891995730893365	0.7982274296585334	-0.0037580744282949973	0.003303439353997613
4,8,14	-0.00040219839333752795	0.0008891956650659261	0.6510421027650524	-0.0039329397668418946	0.003128542980166839
4,8,15	0.0013107661439974599	0.0008892177211272277	0.14046858443411292	-0.002220062807810798	0.004841595095805718
4,8,16	0.0010036087179056978	0.0008892764475938212	0.25908445801472946	-0.0025274534198856547	0.00453467085569705
4,9,10	-0.0016857575186704963	0.0008892164695689509	0.057993837942965254	-0.005216581500899209	0.001845066463558216
4,9,11	-0.003413623721152414	0.0008893635170117169	0.00012401974071611904	-0.0069450315866707545	0.00011778414436592645
4,9,12	-0.0009307042347765651	0.0008891839106642329	0.29524428984109585	-0.004461398934917566	0.0025999904653644357
4,9,13	0.0004172279183672426	0.0008891556186669083	0.6388992667000394	-0.0031133544423535184	0.003947810279088004
4,9,14	0.0005997368761181442	0.0008891534627197891	0.49999387684467245	-0.0029308369239539407	0.004130310676190229
4,9,15	-0.0008347487552755432	0.0008891817767348203	0.34784570482133237	-0.004365434982193876	0.0026959374716427897
4,9,16	0.0008792762125718726	0.0008891797604234316	0.3227343327687717	-0.002651402008151287	0.0044099544332950324
4,10,11	-0.03416786107910096	0.0008894158285491084	0.0	-0.037699476658755386	-0.030636245499446536
4,10,12	0.0063029347549030555	0.0008891857146592098	1.3703605362888528e-12	0.002772232891614558	0.009833636618191553
4,10,13	0.0008705761894123539	0.0008891709460500884	0.32754043569751023	-0.0026600670319581695	0.004401219410782878
4,10,14	0.00021277259592203743	0.0008891685209440423	0.8108784686160799	-0.003317860996046782	0.003743406187890857
4,10,15	0.0020309042880047147	0.0008892031294714189	0.022377151756631082	-0.0014998667245165044	0.005561675300525934
4,10,16	0.005317296114602137	0.0008892399218967553	2.2487372564250652e-09	0.0017863790098950577	0.008848213219309215
4,11,12	-0.0017269648460326624	0.0008893600497218405	0.05216495541673384	-0.0052583589439357285	0.0018044292518704036
4,11,13	-0.002660627982293521	0.0008893139399470375	0.002774656036656065	-0.006191838991483926	0.0008705830268968848
4,11,14	-0.002085361914618258	0.0008893105095197603	0.019034209549489724	-0.005616559302564215	0.0014458354733276994
4,11,15	-0.000582495497646588	0.0008893488939007158	0.5124904017348206	-0.004113845298978328	0.0029488543036851516
4,11,16	-0.009740160746620789	0.0008893803699891406	6.910251369531952e-28	-0.013271635530486794	-0.006208685962754784
4,12,13	0.0005452995514911938	0.0008891430872230468	0.5396890262891226	-0.0029852330504542496	0.004075832153436637
4,12,14	0.0009488123167811194	0.0008891397005337664	0.28592495225319436	-0.0025817068375909367	0.004479331471153175
4,12,15	-0.0028474542612335167	0.0008891688243011772	0.0013636495822891596	-0.0063780890577466555	0.0006831805352796221
4,12,16	-0.0006185623177301298	0.0008891705630079729	0.4866429550011764	-0.004149204018150093	0.0029120793826898335
4,13,14	-0.0008779218615669862	0.0008891230054916636	0.323449326439221	-0.004408374724707314	0.002652531001573342
4,13,15	-0.00044051973757091597	0.0008891322951721185	0.6202848921766827	-0.003971009487372321	0.003089970012230489
4,13,16	5.091197017204467e-05	0.000889150209451916	0.954338952962408	-0.003479648912104858	0.003581472852448947
4,14,15	-0.0010362971793856917	0.000889133288849217	0.24381539866822993	-0.004566790874794325	0.002494196516022942
4,14,16	1.8285522168208214e-05	0.0008891420063547999	0.9835924404684983	-0.003512242787958923	0.0035488138322953395
4,15,16	0.003308415133278826	0.0008891767190517503	0.00019879235177804107	-0.0002222510110282544	0.006839081277585906
5,6,7	0.001079994101147979	0.0008891278917141189	0.22449769969802993	-0.0024504781637825967	0.004610466366078554
5,6,8	-0.001281966679996884	0.0008891483789153133	0.14936606718372852	-0.0048125202937370935	0.002248586933743325
5,6,9	-0.00040301078905348675	0.0008891318064453986	0.6503607172824605	-0.003933498598261029	0.0031274770201540555
5,6,10	-0.0016699278150411642	0.0008891304469201847	0.06036404771751074	-0.005200410225963369	0.0018605545958810406
5,6,11	-0.0036053699632630897	0.0008892559475335478	5.032972523357707e-05	-0.007136350701185087	-7.438922534109193e-05
5,6,12	0.001038474757447821	0.0008891144911466391	0.24281609723427464	-0.0024919442976664135	0.004568893812562056
5,6,13	-0.0013376880932052795	0.0008890978966306524	0.13244595010328386	-0.0048680412562482085	0.002192665069837649
5,6,14	0.00042259465970667404	0.0008890969759699636	0.63456927886042	-0.003107754847656282	0.00395294416706963
5,6,15	9.851997075390303e-05	0.0008891143965464367	0.9117698565489005	-0.003431898708730016	0.0036289386502378223
5,6,16	0.00048773363104822806	0.0008891200191914128	0.5833109386979127	-0.0030427073743489012	0.004018174636445358
5,7,8	-0.010806120779854109	0.0008892065078786377	6.062164940735567e-34	-0.01433690520706302	-0.007275336352645198
5,7,9	-0.0015556587845098257	0.0008891797593910714	0.08020189239084653	-0.005086337001133779	0.001975019432114127
5,7,10	-0.001370813855817718	0.0008891907385823814	0.1231655451177055	-0.0049015356676665785	0.002159907956031143
5,7,11	-0.016898303543834363	0.0008893204977985312	2.7691761234019843e-80	-0.020429540592375273	-0.013367066495293452
5,7,12	0.003195787636715522	0.0008891693232975115	0.000325725420099658	-0.0003348491411691774	0.006726424414600222
5,7,13	0.00024018366604493436	0.0008891320773173863	0.7870590230221944	-0.00329030521871771	0.0037706725508075785
5,7,14	0.0005290543443239609	0.0008891282833179945	0.5518282742591766	-0.003001419475553473	0.004059528164201394
5,7,15	0.002216565945822299	0.0008891641525306242	0.01267422171834618	-0.0013140503004276894	0.005747182192072288
5,7,16	0.010211048120351267	0.0008891495628234387	1.6997547934685252e-30	0.006680489805650893	0.013741606435051642
5,8,9	0.0002866635983193602	0.0008892001072385342	0.7471631044473124	-0.00324409541378046	0.0038174226104191805
5,8,10	-0.020162647316347385	0.0008892266719041906	2.2526046431801704e-113	-0.023693511809127994	-0.016631782823566775
5,8,11	-0.02552522708389413	0.0008893636770313032	5.249387836446467e-180	-0.029056635584804428	-0.02199381858298383
5,8,12	-0.00023887027741570192	0.0008891693629197359	0.7882042886652607	-0.0037695072126289093	0.0032917666577975055
5,8,13	-0.0010555905528408342	0.0008891550490727281	0.2351595043937197	-0.004586170651866204	0.002474989546184535
5,8,14	-0.0013379095523760802	0.0008891495316801394	0.13240435531177935	-0.004868467743415331	0.0021926486386631707
5,8,15	0.0011602329693040877	0.0008891690438833411	0.19194834264032315	-0.0023704026991069487	0.004690868637715125
5,8,16	-0.002802165567560163	0.0008892046133705993	0.0016261099595986503	-0.006332942472220127	0.0007286113370998013
5,9,10	-0.004078455822860529	0.0008891809156436926	4.5103922693324315e-06	-0.007609138630632559	-0.0005477730150884987
5,9,11	-0.007886598803939764	0.0008893107403711445	7.619270255624593e-19	-0.011417797108530466	-0.004355400499349062
5,9,12	0.0008369812440292769	0.0008891593975895147	0.34654576752641264	-0.0026936161217110967	0.00436757860976965
5,9,13	-0.0007705604047097589	0.0008891275287900451	0.38613827507989473	-0.004301031228572757	0.00275991041915324
5,9,14	0.0008873536505305315	0.0008891232554170817	0.31827842355373376	-0.0026431002049920682	0.004417807506053131
5,9,15	-0.00014188169193748648	0.0008891486992982583	0.8732201094968614	-0.003672436577826632	0.003388673193951659
5,9,16	1.4286911611633096e-05	0.0008891477135180132	0.987180115368476	-0.0035162640600264277	0.0035448378832496938
5,10,11	-0.005317295691179397	0.0008893289009876058	2.2570125408752427e-09	-0.008848566106377952	-0.0017860252759808425
5,10,12	-0.00035643624205687635	0.0008891546206022573	0.688516491437747	-0.003887014639748694	0.0031741421556349416
5,10,13	0.00034381395087570976	0.0008891327767132399	0.6989910065997332	-0.0031866777109876036	0.0038743056127390233
5,10,14	0.0006779817887049522	0.0008891331104020413	0.44575251846510755	-0.0028525111981410434	0.0042084747755509475
5,10,15	-0.0007045019225118386	0.0008891582634672503	0.42817439991265527	-0.004235094784977445	0.0028260909399537683
5,10,16	0.0020853625571442148	0.0008891785690071376	0.019016418762739896	-0.0014453109328059917	0.005616036047094422
5,11,12	-0.008226102544514167	0.0008892938675244536	2.3083528808044718e-20	-0.011757233851862035	-0.0046949712371663005
5,11,13	-0.0008001647768522067	0.0008892616992402679	0.3682258344529403	-0.004331168353154645	0.002730838799450232
5,11,14	0.0009604435781544164	0.000889253489332572	0.28012131301667736	-0.0025705273989553882	0.004491414555264221
5,11,15	-0.005554690581734053	0.0008892975078541929	4.233167168097438e-10	-0.009085836343788942	-0.002023544819679164
5,11,16	-0.011094341291429834	0.0008893027159315636	1.1202146428620521e-35	-0.01462550773326868	-0.0075631748495909885
5,12,13	0.00010232224795976531	0.0008891140517232596	0.9083793967518242	-0.003428095062330054	0.0036327395582495844
5,12,14	0.0012517955739664713	0.0008891109424693717	0.15916012422220577	-0.002278609390366463	0.004782200538299406
5,12,15	-0.00018604959881805393	0.0008891463416138389	0.8342575002163856	-0.00371659512301747	0.003344495925381362
5,12,16	0.0023596259559218115	0.0008891368839728978	0.007960152418083568	-0.00117088201469353	0.005890133926537153
5,13,14	-2.760590293930082e-05	0.0008891036954847306	0.9752304493800654	-0.0035579820915713294	0.0035027702856927274
5,13,15	0.0011638964831003989	0.0008891135614310853	0.19052121520431076	-0.0023665188803795867	0.004694311846580384
5,13,16	-0.0006058680013251835	0.0008891209731101058	0.49560597193562117	-0.0041363127944602975	0.002924576791809931
5,14,15	-0.0007276441643738608	0.000889111379000886	0.41313481819390285	-0.004258050862048442	0.0028027625333007207
5,14,16	-0.0007938005437680983	0.0008891188334171212	0.3719705092108059	-0.004324236840795051	0.0027366357532588544
5,15,16	0.008264676726710177	0.000889142319589732	1.5150665573881304e-20	0.004734147172816823	0.01179520628060353
6,7,8	0.0006828338458436613	0.0008891245956280452	0.442499272016312	-0.0028476253312729174	0.00421329302296024
6,7,9	0.0009379098245458897	0.00088911233881648	0.29148265372498333	-0.002592500684281582	0.0044683203333733615
6,7,10	-0.0004895114130852844	0.000889120976658505	0.581939597666098	-0.004019956220310076	0.003040933394139507
6,7,11	-0.0024424763515343466	0.0008892155860842015	0.006020100171477453	-0.005973296825698096	0.001088344122629403
6,7,12	0.00013107140576113418	0.0008891069670735087	0.8828016450654729	-0.0033993177734131445	0.003661460584935413
6,7,13	0.0003099741410998594	0.000889084507350017	0.7273576020230188	-0.0032203258569435556	0.0038402741391432745
6,7,14	-0.0007098723862896282	0.0008890867631498247	0.42462472162671694	-0.004240181341468153	0.002820436568888897
6,7,15	3.043996549931673e-05	0.0008891061861049319	0.9726885945515903	-0.003499946112672366	0.003560826043671
6,7,16	0.0006298780124918871	0.0008890998499022379	0.47867177005446226	-0.0029004829064332074	0.004160238931416982
6,8,9	0.0003986401745791915	0.0008891219916147022	0.6539002498025781	-0.0031318086627460367	0.0039290890119044195
6,8,10	-0.00302000338036124	0.0008891384979490382	0.0006828261792523076	-0.006550517759613688	0.0005105109988912085
6,8,11	-0.0002858145042567608	0.0008892398923195195	0.7478974247217152	-0.0038167314915211054	0.003245102483007584
6,8,12	-0.0013894682380223126	0.0008891112756412652	0.1181138207380515	-0.004919874525285436	0.0021409380492408104
6,8,13	-0.0003831818977414865	0.0008890955761771244	0.6664847861846543	-0.003913525846927895	0.003147162051444922
6,8,14	-0.0002320971856488921	0.0008890955821963965	0.7940558449597311	-0.0037624411587361063	0.003298246787438322
6,8,15	0.0007455407392183168	0.0008891106441551161	0.4017395307031366	-0.002784863040594128	0.004275944519030762
6,8,16	-0.0003243725294520453	0.0008891280616812856	0.7152462847648247	-0.003854845469273572	0.003206100410369481
6,9,10	-0.000664318894381052	0.0008891165394167922	0.45496526707518126	-0.004194746082589563	0.0028661082938274585
6,9,11	-0.0018780502356645365	0.00088921215795549	0.03468702321505799	-0.0054088570977107835	0.0016527566263817104
6,9,12	-0.0010808869828127171	0.0008891081602447469	0.22410448859362367	-0.004611280899728331	0.002449506934102896
6,9,13	0.0008451465851152366	0.0008890857775825855	0.3418215467904796	-0.002685158456657989	0.004375451626888463
6,9,14	0.0001326926442746361	0.0008890868477495446	0.8813600046248296	-0.0033976166468251525	0.0036630019353744245
6,9,15	-0.0002153021052109382	0.0008891054163567744	0.8086601566269243	-0.0037456851269330976	0.0033150809165112213
6,9,16	0.00047433759704908803	0.0008891008371063007	0.5936875754091798	-0.003056027241780664	0.00400470243587884
6,10,11	-0.000191647343002322	0.0008892363211021447	0.8293633700503235	-0.0037225501499850546	0.0033392554639804107
6,10,12	0.00037722107029279476	0.0008890942191311032	0.6713661882674222	-0.0031531174904524404	0.00390755963103803
6,10,13	-8.463434832379818e-05	0.0008890816085831178	0.924161825855772	-0.00361492283619389	0.0034456541395462936
6,10,14	-0.00010319386780716349	0.0008890847199907226	0.9075993864107599	-0.0036334947101859328	0.003427106974571606
6,10,15	-0.000617019898310271	0.0008891114729087803	0.48770128094715637	-0.004147426968866211	0.0029133871722456695
6,10,16	0.0008173946412128586	0.0008891167779311219	0.35792474623678816	-0.002713033494067759	0.004347822776493477
6,11,12	0.0003875701729279934	0.0008892045746834777	0.6629385830238198	-0.0031432065781164887	0.003918346923972475
6,11,13	-0.00034517831463132454	0.0008891791225142943	0.6978701753864585	-0.003875854002399959	0.0031854973731373095
6,11,14	9.788159454588444e-05	0.0008891790504052525	0.9123455929925703	-0.0034327938068983927	0.0036285569959901617
6,11,15	-0.00028158333850193435	0.0008892055942589757	0.7514962409870858	-0.0038123641379887736	0.0032491974609849053
6,11,16	-0.0021309785836707874	0.0008892095083095128	0.016555957949667688	-0.00566177492473156	0.0013998177573899847
6,12,13	0.0005857080920962974	0.000889082183527612	0.5100404859744585	-0.002944582678713751	0.004115998862906345
6,12,14	0.0006481723003733878	0.000889074681474378	0.4659789751872684	-0.002882088681931408	0.0041784332826781834
6,12,15	-0.0015454390020751506	0.0008890949498880476	0.08217758911035615	-0.005075780464446966	0.0019849024602966656
6,12,16	0.00047641999900177926	0.0008890927730631739	0.5920643698360157	-0.0030539128198217758	0.004006752817825334
6,13,14	-8.934629479386328e-05	0.000889064842314032	0.9199519142585587	-0.0036195682086102724	0.0034408756190225454
6,13,15	-0.0005142233707625156	0.0008890770229227806	0.5630103888736873	-0.004044493650288467	0.003016046908763436
6,13,16	0.0007965705730763374	0.0008890855934755443	0.3702862448162103	-0.002733733737660545	0.00432687488381322
6,14,15	0.0005093379556411837	0.0008890802238044765	0.5667266850043231	-0.003020945033669441	0.0040396209449518085
6,14,16	-0.0003531212368416032	0.0008890819907516832	0.6912396618524125	-0.003883411242193638	0.0031771687685104317
6,15,16	0.0018263980089440477	0.0008890943221511114	0.03995817002352206	-0.0017039409608641414	0.005356736978752236
7,8,9	0.003319415688110467	0.0008891788540387031	0.00018928263556379987	-0.00021125893361846962	0.006850090309839404
7,8,10	-0.006926354782400665	0.0008891975534485323	6.8312195249139115e-15	-0.01045710365413164	-0.0033956059106696893
7,8,11	0.028596264278037357	0.0008893028185679443	4.6215947703042563e-225	0.025065097428658832	0.03212743112741588
7,8,12	0.0018667178591049677	0.0008891678727640115	0.035785681582479294	-0.0016639131591265495	0.0053973488773364844
7,8,13	-0.0006556624558932094	0.0008891268869990656	0.46086796936162855	-0.0041861307313879985	0.00287480581960158
7,8,14	0.0011521557480493006	0.0008891255922333143	0.19503868781185657	-0.002378307386301434	0.004682618882400035
7,8,15	0.001310835630359363	0.0008891491829170619	0.14041696235210357	-0.0022197211758415722	0.004841392436560298
7,8,16	0.004188125381171946	0.0008891610016218622	2.4799394480721e-06	0.0006575216462784187	0.007718729116065472
7,9,10	-0.004158029092673708	0.0008891564281256207	2.9258584145302925e-06	-0.007688614667523235	-0.0006274435178241803
7,9,11	-0.0001406297326532068	0.000889254929104934	0.8743443600342878	-0.0036716064266867966	0.0033903469613803827
7,9,12	-0.0001804433380437048	0.0008891504668650086	0.8391833291603393	-0.00371100524243429	0.0033501185663468804
7,9,13	0.0006889328524839854	0.0008891090012458924	0.438426684505862	-0.0028414644038063635	0.0042193301087743345
7,9,14	0.0006966286477402472	0.0008891168886094117	0.4333327822529607	-0.0028337999270121672	0.004227057222492662
7,9,15	0.0016514377289463173	0.0008891392571247692	0.06326678166858679	-0.0018790796647755771	0.005181955122668212
7,9,16	0.0021318880984494857	0.0008891290231871435	0.01650003448504038	-0.0013985886592364845	0.0056623648561354555
7,10,11	0.006823873971583058	0.0008892911461715852	1.6987783916636704e-14	0.003292753469948199	0.010354994473217917
7,10,12	0.002147116436527634	0.0008891437708155294	0.015746054235114326	-0.0013834188797678176	0.005677651752823086
7,10,13	0.00044844727631977184	0.0008891131212957029	0.6139989527475933	-0.003081966339508639	0.0039788608921481824
7,10,14	-0.00027328855797676327	0.0008891178849711987	0.7585624245560852	-0.0038037210889965358	0.003257143973043009
7,10,15	0.00022834904067150645	0.0008891487520990975	0.7973204162173043	-0.0033022060548746524	0.0037589041362176656
7,10,16	0.005252419300745773	0.0008891480622823676	3.4962138049337136e-09	0.0017218669442643267	0.00878297165722722
7,11,12	-0.009636587757978527	0.0008892537006320138	2.435927191895345e-27	-0.013167559574097912	-0.006105615941859143
7,11,13	-0.0029464492397145766	0.0008892084969101984	0.0009216618029958665	-0.006477241564798276	0.0005843430853691221
7,11,14	-0.0006557328827800933	0.0008892089563497124	0.4608611961627008	-0.004186527032166546	0.0028750612666063593
7,11,15	-0.011846466715880799	0.0008892465059809231	1.954763543146943e-40	-0.01537740996410082	-0.008315523467660778
7,11,16	-0.010024925438496212	0.0008892361155279376	1.8881967224303562e-29	-0.013555827429202633	-0.006494023447789791
7,12,13	0.0005768918993656311	0.0008891050108060847	0.5164404925812662	-0.0029534895120308653	0.004107273310762128
7,12,14	0.000550437230920141	0.0008891100288513651	0.5358606823571784	-0.0029799641056972954	0.0040808385675375775
7,12,15	0.0004475721996847162	0.0008891389231057892	0.6147008819636842	-0.0030829438677434516	0.003978088267112884
7,12,16	0.0018783745138439252	0.0008891215483761903	0.034637312031106385	-0.0016520725635080888	0.005408821591195939
7,13,14	0.001053431037730885	0.0008890887685604517	0.2360837396743166	-0.0024768858803590104	0.00458374795582078
7,13,15	0.0021300661355235727	0.0008890989395634251	0.01658888219596031	-0.0014002911687067627	0.005660423439753908
7,13,16	0.0004569375268550522	0.000889103048596972	0.6073020817767123	-0.0030734360931709164	0.003987311146881021
7,14,15	-0.000791987842802126	0.0008891076988781277	0.37305750767760326	-0.004322379927763001	0.0027384042421587495
7,14,16	-0.0016030798386164474	0.0008890926773654079	0.07138484274563761	-0.005133412277451576	0.0019272526002186807
7,15,16	0.008370266364154633	0.0008891172736330433	4.922184120241257e-21	0.004839836260583624	0.011900696467725642
8,9,10	-0.007763906414500499	0.0008891810255014636	2.5718625588695412e-18	-0.01129458965848628	-0.004233223170514717
8,9,11	-0.005008999601342275	0.0008892834369877386	1.7823123333995007e-08	-0.008540089492015528	-0.0014779097106690214
8,9,12	0.0065532682740615696	0.0008891516711076909	1.7235929083768556e-13	0.0030227015879681156	0.010083834960155023
8,9,13	-0.0007479630339670923	0.0008891283881994064	0.400221261241274	-0.004278437270298581	0.0027825112023643966
8,9,14	0.00016233617955308286	0.0008891270305377887	0.855128716491215	-0.0033681326658928754	0.003692805024999041
8,9,15	0.003072182153198946	0.0008891426520779921	0.0005502036618609472	-0.0004583487209100846	0.006602713027307977
8,9,16	-0.00024778283461162096	0.0008891595622150884	0.7804983505504702	-0.003778380854033009	0.003282815184809767
8,10,11	-0.014685272891320697	0.0008893525245258377	4.006286491136869e-61	-0.018216637108825203	-0.011153908673816191
8,10,12	0.012983744071232898	0.000889158590432727	3.248683095902253e-48	0.009453149910481008	0.01651433823198479
8,10,13	-0.0015824696087695762	0.0008891442938548468	0.0751188615638476	-0.00511300700190439	0.0019480677843652378
8,10,14	-0.0011375143684887034	0.0008891381840740936	0.20078028452904953	-0.004668027501433622	0.0023929987644562157
8,10,15	-0.002550015431938082	0.0008891636711743909	0.004133663167195725	-0.0060806297668603	0.0009805989029841359
8,10,16	-0.0002074386715480712	0.0008892110792701907	0.8155416690782693	-0.003738241250443866	0.003323363907347723
8,11,12	0.00256465614445096	0.0008892752115376797	0.00392808831202988	-0.0009664010853153862	0.0060957133742173064
8,11,13	-0.005046640716484781	0.0008892497632974547	1.3915126957937214e-08	-0.008577596898576048	-0.0015156845343935132
8,11,14	-5.98820870965735e-05	0.000889241952058889	0.9463107662657048	-0.003590807252996169	0.0034710430788030214
8,11,15	0.0038213103097776793	0.0008892682256435308	1.7327109902681006e-05	0.0002902808189966556	0.007352339800558703
8,11,16	-0.0006717262925749715	0.0008892967244534938	0.4500444786985208	-0.004202868943970003	0.0028594163588200596
8,12,13	0.001960530060690333	0.0008891197813790525	0.027455989088164115	-0.001569910000422009	0.005490970121802675
8,12,14	0.0002566120714386941	0.0008891081509314308	0.7728751243110754	-0.003273781808496407	0.0037870059513737953
8,12,15	0.0024741116726682577	0.000889137863818524	0.00539416832698635	-0.0010564001886334963	0.006004623533970011
8,12,16	-0.00036468370303252063	0.0008891449722501312	0.6816965545861007	-0.003895223789880757	0.003165856383815716
8,13,14	-0.0006339268025353869	0.0008891057648368311	0.47585226278370263	-0.004164311207972067	0.0028964576029012934
8,13,15	-4.519795915294433e-05	0.0008891041112379427	0.959456844620695	-0.0035755757986219313	0.0034851798803160424
8,13,16	0.0023023017899448015	0.0008891349639373969	0.009617276052981702	-0.0012281985567593494	0.005832802136648952
8,14,15	-0.002387718097725207	0.0008891076646401869	0.007243532278458181	-0.005918110046737023	0.0011426738512866096
8,14,16	9.372201068832792e-05	0.0008891238863894264	0.916051292440128	-0.0034367343502447797	0.0036241783716214355
8,15,16	0.002784145480391452	0.0008891527010175932	0.0017415163610333634	-0.0007464252951793191	0.006314716255962223
9,10,11	0.03296133839024093	0.0008892740780007071	1.482029167584114e-297	0.029430285661425325	0.036492391119056534
9,10,12	-0.005374256879611008	0.0008891345871026554	1.5082392417806538e-09	-0.008904755730012304	-0.0018437580292097128
9,10,13	-0.0005519356279861984	0.0008891139943137974	0.5347529309792014	-0.004082352710319482	0.002978481454347085
9,10,14	0.000948153455393239	0.0008891124160264212	0.28624486928479154	-0.002582257360012801	0.004478564270799279
9,10,15	-0.0047241954359694615	0.0008891389091359678	1.0806132914646665e-07	-0.008254711447927469	-0.0011936794240114544
9,10,16	0.0011561222460163953	0.000889141458082979	0.19351379634004667	-0.0023744038870803274	0.0046866483791131175
9,11,12	-0.004793750037310212	0.0008892391175844648	7.037496104080041e-08	-0.008324663948323492	-0.001262836126296931
9,11,13	-0.001166629544783782	0.0008892071008997775	0.18952870565917612	-0.004697416326709834	0.0023641572371422693
9,11,14	-0.0005974085237558326	0.0008892058614392344	0.5016847971037826	-0.004128190384138974	0.0029333733366273098
9,11,15	-0.007036566650020295	0.0008892398935187384	2.5523713739079406e-15	-0.010567483642046394	-0.003505649657994195
9,11,16	-0.00048126793171610646	0.0008892314630946232	0.5883593285329939	-0.004012151448942014	0.0030496155855098015
9,12,13	0.000960110239488057	0.0008891012229698923	0.28020590082979446	-0.002570256131495529	0.004490476610471643
9,12,14	-0.0003833287816210151	0.0008891028188068807	0.6663672199759694	-0.003913701489216329	0.0031470439259742994
9,12,15	0.003002876887631186	0.0008891272339822523	0.000732365575826737	-0.0005275927656344828	0.006533346540896854
9,12,16	0.0002477144281494986	0.0008891139138792631	0.7805464194652634	-0.003282702334801281	0.003778131191100278
9,13,14	0.0005028117098792488	0.0008890887379462538	0.571711213753319	-0.0030275050866504327	0.004033128506408931
9,13,15	0.0010849498082164963	0.0008890979468904853	0.2223626685116799	-0.0024454035543938378	0.00461530317082683
9,13,16	-9.184550757732507e-05	0.0008891037908993636	0.9177242303077771	-0.00362222207507354	0.00343853105991889
9,14,15	-6.674509803029878e-05	0.0008890946676429281	0.9401585705976808	-0.0035970854396875636	0.003463595243626966
9,14,16	0.0002324583105303027	0.0008890968480633912	0.7937429287394041	-0.0032978906889522793	0.0037628073100128842
9,15,16	-0.0003839129435699424	0.0008891185953091886	0.6658951568305951	-0.003914348295138474	0.00314652240799859
10,11,12	-0.01604571668788872	0.0008892601316342721	1.3352490030816277e-72	-0.019576714039676618	-0.012514719336100821
10,11,13	-0.008930426554285198	0.000889234131941387	1.0288526108980886e-23	-0.012461320668737407	-0.005399532439832989
10,11,14	-0.0006912108684465334	0.0008892413585623874	0.4369823099438841	-0.004222133677741462	0.0028397119408483957
10,11,15	0.006592414744968057	0.0008892703014666767	1.2472443788686146e-13	0.003061377011687713	0.0101234524782484
10,11,16	-0.004240193851823825	0.0008892892237095056	1.8640743626813277e-06	-0.007771306719912244	-0.0007090809837354056
10,12,13	0.0022627879184825427	0.0008891002154918242	0.010929121924340165	-0.0012675744520941165	0.005793150289059202
10,12,14	0.0015769319763247033	0.0008890935603548853	0.07612746303400832	-0.0019534039686088045	0.005107267921258211
10,12,15	-0.0031442523028836163	0.0008891256546668559	0.00040599622218259073	-0.006674715685140067	0.0003862110793728347
10,12,16	0.002100248016448781	0.0008891247982936177	0.018172165026983152	-0.0014302119653947553	0.005630707998292317
10,13,14	-0.0007454737474591746	0.0008890954956002864	0.4017738100740976	-0.004275817376698032	0.002784869881779682
10,13,15	0.0009609278779463226	0.0008891020043219249	0.279796955882478	-0.002569441595562452	0.004491297351455097
10,13,16	0.0012908318560707472	0.0008891256618477278	0.14656237570749275	-0.00223963155469889	0.004821295266840385
10,14,15	7.463387660443385e-06	0.0008891059087187577	0.993302453056387	-0.003522921589090169	0.0035378483644110557
10,14,16	0.00036420436497173434	0.0008891146088193669	0.682081772900416	-0.0031662151573872083	0.0038946238873306767
10,15,16	0.005044176755234593	0.0008891473441889588	1.4088203454212955e-08	0.0015136272500964536	0.008574726260372732
11,12,13	-0.003889734372198588	0.0008892074080113216	1.2196843261865388e-05	-0.007420522373576642	-0.0003589463708205333
11,12,14	-0.00041270254616516955	0.0008892003531900833	0.642557812266705	-0.003943462534868165	0.0031180574425378267
11,12,15	-0.00808529301670362	0.0008892300951962927	9.95037520221377e-20	-0.011616171102396941	-0.004554414931010298
11,12,16	-0.0036791487614096048	0.0008892362797801062	3.5167343897554474e-05	-0.007210051404314355	-0.00014824611850485512
11,13,14	-0.00037118158547862044	0.0008891824386255663	0.6763569611734054	-0.00390187044057558	0.003159507269618339
11,13,15	0.004884260152024558	0.0008891944743701802	3.968792383948566e-08	0.0013535235064320549	0.008414996797617062
11,13,16	-0.00023078322614772636	0.0008892145162170555	0.795222503974591	-0.0037615994521753853	0.0033000329998799324
11,14,15	-0.0025593992729436403	0.0008892018474908478	0.003999435249300567	-0.006090165195087094	0.0009713666491998137
11,14,16	-0.006310623265003693	0.0008892005614894646	1.2884961558272162e-12	-0.009841384080803888	-0.0027798624492034983
11,15,16	0.034034837363628036	0.0008892341096267763	0.0	0.030503943337780757	0.03756573138947532
12,13,14	0.0008669677071931265	0.0008890783778930104	0.32949907402825174	-0.002663307952531625	0.004397243366917878
12,13,15	-7.686287165085883e-05	0.0008890893410976814	0.9311079904025843	-0.003607182063122153	0.0034534563198204355
12,13,16	-0.00017871698614775258	0.0008890980300127246	0.8406919298111637	-0.0037090706788126975	0.0033516367065171923
12,14,15	-0.001234605359385242	0.0008890884928777014	0.16495341159913435	-0.0047649211828178755	0.002295710464047391
12,14,16	-0.0007652520236688023	0.0008890866824792649	0.3893971551338833	-0.004295560658527634	0.0027650566111900293
12,15,16	0.00045622499288880977	0.000889106740838212	0.6078640087943423	-0.003074163287969886	0.0039866132737475055
13,14,15	-0.0007538129116331729	0.0008890773391658063	0.3965192440616755	-0.004284084446869626	0.0027764586236032804
13,14,16	0.0009862081803852832	0.0008890893361160317	0.26733339282371854	-0.0025441109913053065	0.004516527352075873
13,15,16	-0.011867800717410453	0.0008890925162783172	1.3751324374866837e-40	-0.01539813251661487	-0.008337468918206036
14,15,16	-0.000813022009097445	0.0008890886215565879	0.36048689012328294	-0.00434333834347709	0.0027172943252822004
