Params: 	137
Performance: 	0.8782993621630646
Term	Coefficient	Standard Error	p-value	95% CI lower	95% CI upper
Intercept	-205901662803.343
1	7443244895681.374	4509308.098208182	0.0	7443228821860.675	7443260969502.073
2	1281931975241.1697	nan	nan	nan	nan
3	-917433087407.0459	nan	nan	nan	nan
4	2209889790064.6	nan	nan	nan	nan
5	9996785776417.607	171506.85937159165	0.0	9996785165066.498	9996786387768.717
6	1817351503637.3682	nan	nan	nan	nan
7	-4476460812842.112	nan	nan	nan	nan
8	6933477211215.56	nan	nan	nan	nan
9	3022922521768.613	nan	nan	nan	nan
10	5544458029578.499	nan	nan	nan	nan
11	205901662811.05817	nan	nan	nan	nan
12	2552679800015.9834	1614746.1447392823	0.0	2552674044112.9844	2552685555918.9824
13	-12687838904902.738	171151.38145650516	0.0	-12687839514986.715	-12687838294818.762
14	-20282065793689.24	652329.4395445766	0.0	-20282068118974.23	-20282063468404.246
15	-4228195624667.913	nan	nan	nan	nan
16	-7653352984900.357	nan	nan	nan	nan
1,2	0.06212767239807005	0.0018290632971600703	1.912039828268684e-248	0.05560781727925066	0.06864752751688943
1,3	-0.004647344531465515	0.0018293149296699503	0.01107464210350333	-0.011168096616240181	0.0018734075533091508
1,4	-0.009331243224593454	0.0018294816584359835	3.4072815952643336e-07	-0.015852589628547978	-0.00280989682063893
1,5	0.013574874392941949	0.0018292918004171805	1.1929020042492916e-13	0.007054204754399351	0.020095544031484548
1,6	-0.003350996640033645	0.0018290457633096642	0.06694571508688789	-0.009870789257919085	0.0031687959778517946
1,7	-0.00874472470328896	0.0018291253356012955	1.753589310817748e-06	-0.01526480096352495	-0.002224648443052973
1,8	-0.009791309269124734	0.001829170983416606	8.717030434987601e-08	-0.016311548244966452	-0.003271070293283017
1,9	-0.006632262220698085	0.0018290894853063696	0.0002883047631339222	-0.013152210689441429	-0.00011231375195473996
1,10	-0.0016890222065659645	0.0018291546051095694	0.35581125272551717	-0.008209202800508523	0.004831158387376595
1,11	-7443244895681.259	4509308.098208172	0.0	-7443260969501.958	-7443228821860.56
1,12	-0.003813145048026888	0.0018290916503357836	0.03710262671618797	-0.010333101234205779	0.0027068111381520032
1,13	-0.0002391174744457531	0.0018290237828421534	0.8959857491405201	-0.006758831741044041	0.006280596792152535
1,14	0.0021756048013664604	0.0018290222137520146	0.2342555328623039	-0.0043441038720736305	0.008695313474806551
1,15	-0.000121559499946216	0.0018290829003363338	0.9470126078288066	-0.0066414844959914515	0.00639836549609902
1,16	-0.0012907760959966015	0.0018290935051243932	0.4803850556633631	-0.007810738893730724	0.005229186701737521
2,3	-0.023093395455763575	0.0018293539809863596	1.9094754900264907e-36	-0.02961428674235022	-0.01657250416917693
2,4	-0.0154087012566044	0.0018294952343482268	3.842049011395772e-17	-0.021930096053078236	-0.008887306460130563
2,5	-0.0474713603431409	0.0018293077625268338	6.107243870280189e-147	-0.053992086880010906	-0.0409506338062709
2,6	0.002322495957577993	0.0018290473884768578	0.20417070706199816	-0.00419730245335718	0.008842294368513165
2,7	0.0035717041918734045	0.0018291241721768228	0.050865636195707775	-0.002948367921234917	0.010091776304981726
2,8	0.005405899625734508	0.0018292155430151237	0.003125836769668295	-0.0011144981866695845	0.0119262974381386
2,9	0.0033577950268093033	0.001829136142475487	0.0664073394308551	-0.0031623197554691562	0.009877909809087763
2,10	-0.005969687860409034	0.0018291774925958007	0.001101257918550165	-0.012489950038785818	0.0005505743179677501
2,11	-1281931975241.029	nan	nan	nan	nan
2,12	0.004828947225674856	0.0018290835806982384	0.008292420975086322	-0.0016909801955795317	0.011348874646929243
2,13	-0.0004540605682991791	0.0018290250534538455	0.8039404285229994	-0.006973779364103295	0.006065658227504936
2,14	0.0018048859832957773	0.0018290113653316575	0.32374349242154987	-0.004714784020006924	0.008324555986598477
2,15	0.0007469692959103576	0.0018291058007827814	0.6829978374395878	-0.005773037330766922	0.0072669759225876375
2,16	0.008996328210088509	0.0018290643091230072	8.762620475975895e-07	0.0024764694840392655	0.015516186936137752
3,4	-0.06954162497726799	0.0018299230031111273	4.38259437442199e-309	-0.0760645445926821	-0.06301870536185387
3,5	-0.2019524013470714	0.0018297223198140097	0.0	-0.20847460560942802	-0.1954301970847148
3,6	-0.0001364271532813014	0.0018292785815706408	0.9405495493835957	-0.006657049672096326	0.006384195365533723
3,7	-0.021703324727287636	0.0018294391699682328	2.1470520490242567e-32	-0.02822451967740544	-0.015182129777169831
3,8	-0.07843227293477976	0.0018296812755191243	0.0	-0.08495433089117937	-0.07191021497838015
3,9	-0.011457642900089863	0.0018294071343118985	3.823767987296933e-10	-0.01797872365632588	-0.004936562143853843
3,10	-0.11832499794490325	0.00182956356860296	0.0	-0.12484663632476822	-0.11180335956503828
3,11	917433087407.4117	nan	nan	nan	nan
3,12	-0.0023324870172978344	0.001829367794663823	0.202310221542268	-0.008853427543938587	0.0041884535093429185
3,13	-0.0023003068413728995	0.0018292692989170056	0.20858173473505098	-0.008820896271362122	0.004220282588616324
3,14	-0.0013142953286776663	0.0018292619683313352	0.4724642310276326	-0.007834858628157037	0.005206267970801705
3,15	-0.0011573182807328491	0.0018293407053566664	0.5269718167312615	-0.007678162245183434	0.005363525683717735
3,16	-0.009986977151108816	0.0018293881394982113	4.818839591046039e-08	-0.016507990198680274	-0.0034659641035373577
4,5	0.3256701245696372	0.0018297356778737971	0.0	0.3191478726913153	0.33219237644795907
4,6	-0.0010116462923443871	0.001829450299623555	0.5802821652748491	-0.007532880915086063	0.005509588330397289
4,7	0.00205648665240377	0.0018296247211785565	0.26102418416316386	-0.004465369711132757	0.008578343015940296
4,8	-0.0326866606949931	0.001829782873274516	5.035185452305988e-71	-0.03920908080542346	-0.02616424058456274
4,9	-0.004282240482428642	0.0018295814642506235	0.019261123536171272	-0.01080394265288533	0.0022394616880280467
4,10	-0.056619100207796806	0.0018296572010811645	3.508920608197966e-207	-0.06314107234876958	-0.05009712806682403
4,11	-2209889790064.61	nan	nan	nan	nan
4,12	0.0002796788882952668	0.0018295640454265162	0.8785045949098231	-0.006241961191248715	0.006801318967839248
4,13	-0.004030313859417334	0.001829432739759908	0.027599060002933863	-0.010551485888498604	0.002490858169663936
4,14	-0.003318052566422172	0.0018294256452282315	0.06973138600301904	-0.00983919930642857	0.0032030941735842265
4,15	0.0004427830537370628	0.0018295241644477151	0.8087655423862801	-0.006078714866591224	0.00696428097406535
4,16	-0.005436578634745405	0.0018295511745963064	0.0029653498835888596	-0.011958172835096273	0.0010850155656054634
5,6	-0.002399280378213102	0.0018292459637278121	0.18965696628808523	-0.008919786627891974	0.0041212258714657685
5,7	-0.006027032628759536	0.0018294335456357565	0.0009871162050966173	-0.01254820753045532	0.0004941422729362486
5,8	-0.05829787831478122	0.0018295098675377582	2.2962257148420915e-219	-0.06481932527253118	-0.05177643135703127
5,9	-0.01273510153373242	0.0018294006269328695	3.4355487201495065e-12	-0.01925615909385022	-0.00621404397361462
5,10	0.004499422114040471	0.0018294257795156731	0.013919424749517312	-0.002021725104645186	0.011020569332726129
5,11	-9996785776417.203	171506.85937159174	0.0	-9996786387768.312	-9996785165066.094
5,12	-0.007581018279943239	0.0018293556090570634	3.4204458143163414e-05	-0.01410191536992943	-0.0010601211899570464
5,13	0.0007499732395141117	0.0018292598304215772	0.6818180491990008	-0.005770582439200083	0.007270528918228307
5,14	0.003059347261950037	0.001829231635012995	0.09444019783493902	-0.0034611079117793067	0.009579802435679382
5,15	-0.00570348452257887	0.0018293460134644036	0.001823859415559037	-0.012224347408240905	0.0008173783630831648
5,16	-0.0002195157324114774	0.0018293197819221315	0.9044850497860417	-0.006740285113460838	0.006301253648637883
6,7	-0.0007402166025427935	0.001829095926950628	0.6857082070643161	-0.007260188033087054	0.005779754828001467
6,8	-0.0013856426554140857	0.0018291403889137987	0.44873344947411864	-0.00790577257449104	0.005134487263662868
6,9	-0.0031081174432507526	0.00182908192832958	0.08927672297147835	-0.009628038974493422	0.003411804087991916
6,10	0.004803030028717404	0.0018291253161427858	0.00864713215031734	-0.0017170461621570342	0.011323106219591842
6,11	-1817351503637.328	nan	nan	nan	nan
6,12	0.0019664740912373854	0.0018290557540624776	0.28232434880118223	-0.004553354139554929	0.008486302322029701
6,13	-7.438748825776743e-05	0.001829009396113806	0.9675585030495895	-0.006594050472112257	0.006445275495596723
6,14	0.0001441739394712403	0.0018289978318244563	0.9371709294405526	-0.0063754478224686065	0.006663795701411087
6,15	-0.0010875094482371036	0.0018290900127423365	0.5521397740852392	-0.007607459797071801	0.005432440900597593
6,16	-0.0019571858740239693	0.0018290595311403646	0.2846047464103923	-0.008477027568538745	0.004562655820490806
7,8	0.05420585747045745	0.0018292839654654644	2.23550224028842e-190	0.04768521576028131	0.06072649918063358
7,9	0.004210125259548934	0.0018292133459114678	0.021363930233320096	-0.0023102647210881885	0.010730515240186056
7,10	0.03205132732053311	0.0018292801532721243	2.0681719878364634e-68	0.025530699199251525	0.0385719554418147
7,11	4476460812842.231	nan	nan	nan	nan
7,12	-0.009583946991244707	0.0018292175941229639	1.6215176628052493e-07	-0.016104352115000994	-0.00306354186748842
7,13	-0.002932506279421452	0.0018290930099513312	0.10888784327166628	-0.009452467312068152	0.003587454753225247
7,14	0.00042185614409120226	0.0018290890211186343	0.8175980749474032	-0.0060980906700146085	0.0069418029581970134
7,15	-0.02003858535380409	0.0018291987200370148	7.0649975180680915e-28	-0.026558923199240334	-0.013518247508367848
7,16	0.005408964737134597	0.0018291351507193345	0.0031075949341246903	-0.0011111465099428461	0.011929075984212039
8,9	-0.013413635597765138	0.0018292550597359006	2.3069216436967616e-13	-0.019934174270955535	-0.006893096924574742
8,10	-0.03831978492189555	0.0018293864821681436	9.05223853435262e-97	-0.04484079206176991	-0.031798777782021184
8,11	-6933477211215.289	nan	nan	nan	nan
8,12	0.0032424028533183276	0.0018292399486365023	0.07631436247319025	-0.003278081955044692	0.009762887661681346
8,13	-0.011986892882106583	0.0018291712908800604	5.7183619593925126e-11	-0.01850713295392851	-0.005466652810284655
8,14	-0.001015417666294636	0.001829137431925944	0.5788064315603434	-0.007535537044931338	0.005504701712342066
8,15	0.01126621811256997	0.0018292177227875936	7.406458128558232e-10	0.004745812530177426	0.017786623694962516
8,16	0.00139527042519119	0.0018292813121556365	0.4456226936062708	-0.005125361827031415	0.007915902677413794
9,10	0.07273306255839208	0.0018292499420757	0.0	0.06621254212754633	0.07925358298923783
9,11	-3022922521768.5195	nan	nan	nan	nan
9,12	-0.008553747485317119	0.001829172822294069	2.9330633782099382e-06	-0.015073993015997402	-0.002033501954636835
9,13	-0.001991615219244128	0.0018290786921386626	0.27622277086022323	-0.008511525214802957	0.0045282947763147004
9,14	-0.0009601167337918852	0.0018290812134760005	0.5996442039663492	-0.007480035716876829	0.005559802249293058
9,15	-0.016145477439463537	0.0018291807905671566	1.1329150247072096e-18	-0.022665751373745904	-0.00962520350518117
9,16	0.0019213925447275249	0.001829114942155611	0.2935195626846778	-0.004598646667167843	0.008441431756622894
10,11	-5544458029578.196	nan	nan	nan	nan
10,12	-0.02099324207433508	0.0018291873915572269	1.980648541441234e-30	-0.02751353953842036	-0.014472944610249797
10,13	-0.01610360938539459	0.0018291140845084636	1.3850613420896439e-18	-0.022623645540132145	-0.009583573230657031
10,14	-0.00023778308375850337	0.0018291231085545137	0.896568512024402	-0.006757851405492646	0.006282285237975639
10,15	0.018275849137419597	0.0018292385111723841	1.808114782069824e-23	0.011755369453022382	0.024796328821816812
10,16	0.006244758866482721	0.0018292356956838912	0.0006412878815902627	-0.0002757107818610171	0.01276522851482646
11,12	-2552679800015.9473	1614746.144739287	0.0	-2552685555918.9463	-2552674044112.948
11,13	12687838904902.748	171151.38145650516	0.0	12687838294818.771	12687839514986.725
11,14	20282065793689.25	652329.4395445688	0.0	20282063468404.258	20282068118974.242
11,15	4228195624667.951	nan	nan	nan	nan
11,16	7653352984900.53	nan	nan	nan	nan
12,13	-0.006509387299082663	0.0018290758149765904	0.000373039412817324	-0.01302928703874718	1.0512440581853834e-05
12,14	0.0014740006676153908	0.0018290546079435907	0.4203173950040713	-0.005045823477736523	0.007993824812967305
12,15	-0.01990625015237356	0.0018291407385390098	1.5562245433791287e-27	-0.02642638131771997	-0.013386118987027146
12,16	0.001362639066513869	0.0018291108300543893	0.4562932552199561	-0.00515738548743924	0.007882663620466978
13,14	-0.0008731672149981138	0.0018290021898803752	0.633079983976018	-0.007392804511607119	0.005646470081610891
13,15	0.01048678586015865	0.0018290469812555598	9.92859837609539e-09	0.003966988900799192	0.017006582819518105
13,16	0.002038041315112103	0.0018290692815459537	0.26518016760338753	-0.004481835135570974	0.008557917765795179
14,15	-0.008669612632875835	0.001829061031788798	2.147212106717731e-06	-0.0151894596765824	-0.002149765589169271
14,16	-0.015463337263253026	0.0018290470884444264	2.925464998397613e-17	-0.021983134604696516	-0.008943539921809535
15,16	0.08884161875534248	0.0018291219702408856	0.0	0.08232155449122622	0.09536168301945874
