Params: 	576
Performance: 	0.9334146486539509
Term	Coefficient	Standard Error	p-value	95% CI lower	95% CI upper
Intercept	5.784587281631426
1	-0.02948539813446885	0.028074099000526695	0.29360185829969965	-0.1396847476034817	0.08071395133454402
2	0.1042010650205778	0.028150178910389297	0.00021460003296732753	-0.006296921158890592	0.21469905120004618
3	1.3804865709819971	0.028140694974906334	0.0	1.2700258121244317	1.4909473298395626
4	-0.04223367600249986	0.028024598710219104	0.1318151935739915	-0.15223872182563897	0.06777136982063924
5	-0.30174993404928263	0.028204126399729863	1.1465622055770802e-26	-0.41245968047903386	-0.1910401876195314
6	0.01885058552865798	0.02811218119505703	0.5025130355308202	-0.09149824809881414	0.1291994191561301
7	0.12220080988383836	0.028075561921306644	1.3497727486549069e-05	0.011995718007267828	0.23240590176040887
8	0.5356768618894754	0.028160104385383383	3.1457283425678062e-80	0.42513991521166655	0.6462138085672842
9	0.14454758517552713	0.0280742080186605	2.637855727707447e-07	0.03434780777728934	0.2547473625737649
10	0.2596734884029396	0.028175432907683026	3.2612087727732234e-20	0.14907637262813817	0.370270604177741
11	0.17064373250726078	0.02810443536788524	1.279581370345068e-09	0.06032530359964858	0.28096216141487296
12	0.05777367422137458	0.028068153476828263	0.0395661934906516	-0.05240233726468797	0.16794968570743712
13	0.06889907709466847	0.028085273557362418	0.014164166233685724	-0.041344135897582596	0.17914229008691954
14	-0.06841522499691755	0.028137583341006515	0.015043943409637554	-0.178863769748109	0.04203331975427391
15	0.0848914744104334	0.028095175243090326	0.002516721921045837	-0.025390605700076452	0.19517355452094326
1,2	0.3833243202378477	0.020463956363976035	7.278838201332298e-78	0.30299708769406714	0.46365155278162823
1,3	0.0858972755414146	0.02044424315328044	2.6583989609337635e-05	0.005647423325834761	0.16614712775699444
1,4	-0.11776402879184679	0.020417940913379812	8.112748936623409e-09	-0.19791063674207826	-0.03761742084161533
1,5	0.2661651175456804	0.020468211643281296	1.4644755103079466e-38	0.18582118174060408	0.3465090533507567
1,6	0.014801341945099966	0.02044669649604086	0.46913318195383125	-0.06545814038456538	0.09506082427476531
1,7	-0.046936123955932885	0.020428890671480196	0.021594732803662146	-0.12712571302621678	0.033253465114351
1,8	0.06420585300370948	0.020436300338620334	0.0016809463384189099	-0.016012821256400425	0.14442452726381938
1,9	-0.025833660979906498	0.02041695980266002	0.20577177673931302	-0.10597641777313106	0.05430909581331807
1,10	0.1677857388502489	0.02045325279762244	2.425685437759368e-16	0.08750052104927959	0.2480709566512182
1,11	0.05202818390654396	0.020444277203088168	0.010936354117998544	-0.028221801964853688	0.1322781697779416
1,12	0.01064210638364449	0.020435474210213113	0.6025332570264419	-0.06957332507201952	0.0908575378393085
1,13	0.022834542056360596	0.020434208611115647	0.26380351133533764	-0.05737592153916918	0.10304500565189037
1,14	0.009767157086506217	0.02045043497856301	0.6329372394699011	-0.07050699992041	0.09004131409342243
1,15	0.011972581281721642	0.02044255764288842	0.5581018906778183	-0.06827065479459331	0.09221581735803659
2,3	-0.02393314650534016	0.02047844677062913	0.24253368935265415	-0.10431725828811901	0.05645096527743869
2,4	-0.29544007321699817	0.020448876453150026	3.6732596539947097e-47	-0.37570811253918873	-0.2151720338948076
2,5	-0.046622904602634074	0.02050066933938518	0.022959863935419423	-0.12709424670473327	0.03384843749946512
2,6	0.04695257192745056	0.02047516898220646	0.021846131878001336	-0.03341867354208103	0.12732381739698215
2,7	0.015066714693801941	0.02045779143599506	0.4614453216960811	-0.06523631863870512	0.095369748026309
2,8	0.223328802293782	0.020462243693422807	1.1059625326141263e-27	0.1430082925011329	0.3036493120864311
2,9	0.07083069893935029	0.02044495955420465	0.000532011478749965	-0.009421965367039847	0.15108336324574043
2,10	0.13690428568964763	0.020482736495651004	2.3658348342336114e-11	0.05650333543569283	0.21730523594360243
2,11	0.10717717489381473	0.02047440932014312	1.66326100431616e-07	0.026808911328179502	0.18754543845944996
2,12	0.023626345708517404	0.020467474456301135	0.24837118011191167	-0.056714696414177534	0.10396738783121234
2,13	0.008218945424336072	0.020464148107000875	0.6879616172440159	-0.07210903976894543	0.08854693061761758
2,14	0.01994205973473831	0.020477629669860803	0.3301404752866799	-0.060438844679814085	0.1003229641492907
2,15	0.0645526944253294	0.020472026905290916	0.0016163531121863293	-0.015806217439762446	0.14491160629042127
3,4	-0.9627127082591485	0.020455295597340363	0.0	-1.043005944668302	-0.8824194718499949
3,5	0.14018520777362764	0.020485938527514572	7.897860850749523e-12	0.059771688573886275	0.22059872697336902
3,6	0.04233441540012067	0.020458694715557047	0.03852960981585022	-0.03797216357850375	0.1226409943787451
3,7	-0.06292156473307095	0.020439311720686387	0.002082544492452225	-0.14315205958071514	0.01730893011457324
3,8	0.10300025188179965	0.020450614314622268	4.7665976286017855e-07	0.022725390926483638	0.18327511283711567
3,9	0.012596381624518427	0.020428029425830906	0.5374882587497403	-0.06758982679549835	0.09278259004453521
3,10	-0.07406219313717047	0.020475738344152818	0.0002984236484996724	-0.15443567352494822	0.006311287250607284
3,11	0.10900658184715628	0.020453919828247652	9.923202438495995e-08	0.028718745748767247	0.1892944179455453
3,12	0.017850438599886248	0.02045097747400322	0.3827567814459911	-0.062425847866094716	0.09812672506586721
3,13	0.0031288908633965162	0.02044716023501004	0.8783809271632848	-0.07713241178230912	0.08339019350910215
3,14	-0.013206943631156876	0.02045916399949608	0.5185904241212151	-0.09351536469150924	0.06710147742919549
3,15	0.22514832334657692	0.020453119667673113	3.9367844332541255e-28	0.14486362812101816	0.3054330185721357
4,5	2.344627693345169	0.020430859896520843	0.0	2.264430374469614	2.4248250122207238
4,6	-0.04142062143246528	0.020429662059304143	0.042622339810795606	-0.12161323843381065	0.0387719955688801
4,7	-0.03207433071101158	0.020414310253694994	0.11615349931545041	-0.11220668722131605	0.048058025799292886
4,8	-0.41311662085319456	0.020430611465945207	2.4404300495173566e-90	-0.4933129645634265	-0.33292027714296263
4,9	-0.14291381493961205	0.020400470481380377	2.5121541207099614e-12	-0.22299184614794187	-0.06283578373128225
4,10	-0.5127378111556908	0.02045006261511652	2.2377357551142305e-137	-0.5930105065231945	-0.4324651157881871
4,11	0.015968680066904578	0.02042799876501297	0.4343935414098653	-0.06421740800010672	0.09615476813391588
4,12	-0.05338383961819271	0.020420844379095384	0.008948368051010194	-0.1335418445515671	0.02677416531518166
4,13	-0.02905180366552937	0.02041671007147543	0.15476278716980468	-0.10919358018814637	0.051089972857087634
4,14	0.02092939030286875	0.020432272714901632	0.3056873278071627	-0.0592734743131383	0.1011322549188758
4,15	-0.19333980076533477	0.02042541044213083	3.114315752319593e-21	-0.2735157288803625	-0.11316387265030704
5,6	0.09171293313528187	0.020477346995414526	7.534602164945681e-06	0.011333138303626172	0.17209272796693756
5,7	0.20195282360228894	0.020465124907107782	6.179298920194767e-23	0.12162100417246291	0.282284643032115
5,8	0.29800861406796497	0.020469716416735315	7.391502487776345e-48	0.2176587715708973	0.37835845656503264
5,9	0.045275214497480176	0.020447999898942602	0.026824702932359622	-0.034989384083711716	0.12553981307867207
5,10	0.9366069320314482	0.020482659089851515	0.0	0.8562062856187226	1.0170075784441739
5,11	0.03269549716161839	0.02047919029854381	0.11038216743904199	-0.04769153319363212	0.1130825275168689
5,12	0.06956049786864893	0.020469047770267982	0.0006788389168363078	-0.010786719988328836	0.1499077157256267
5,13	0.014794430281713788	0.02046836021410906	0.46981117611124223	-0.06555008870890194	0.09513894927232952
5,14	-0.02212993827997478	0.020483641096219245	0.279985175478305	-0.10253443936539697	0.058274562805447405
5,15	0.0339509786120471	0.02047737359309914	0.09733246740522312	-0.046428920623584016	0.11433087784767822
6,7	-0.002156222603884303	0.02043895837107585	0.9159831419596256	-0.08238533044718632	0.07807288523941772
6,8	0.03277896492372778	0.020446211510496987	0.10890491288247749	-0.04747861369065054	0.1130365435381061
6,9	-0.003765907505058348	0.020426693480041513	0.8537306155912276	-0.08394687193284892	0.0764150569227322
6,10	0.08376760201201122	0.0204636794308422	4.2601599796780555e-05	0.0034414565147354997	0.16409374750928696
6,11	0.03569293856151268	0.020456737538818246	0.08102929316686637	-0.04460595790507786	0.11599183502810322
6,12	-0.016870758393755125	0.02044898082499016	0.40936817320427654	-0.09713920740705942	0.06339769061954917
6,13	0.015641955242039984	0.02044653235507825	0.44426687789196395	-0.06461688278458645	0.09590079326866642
6,14	-0.012169512622840967	0.020460237887236134	0.5519892001798741	-0.09248214901813087	0.06814312377244894
6,15	-0.016912734576749397	0.020452918176254248	0.40829403628628014	-0.09719663888740536	0.06337116973390657
7,8	0.34084331617477087	0.020428163151736633	3.1302776235835483e-62	0.260656582840034	0.42103004950950773
7,9	0.004821884311745461	0.020410962596232287	0.8132480424188716	-0.07529733162814824	0.08494110025163916
7,10	0.2720485392948495	0.02044666816968807	2.7746282495970957e-40	0.19178916815470623	0.35230791043499277
7,11	-0.04044277619527421	0.020442432390188312	0.047895273569527275	-0.12068552061676986	0.039799968226221435
7,12	-0.04683456375734718	0.020430395624596247	0.02188937720392231	-0.12703006022485036	0.033360932710156
7,13	-0.016480671887456333	0.020426847833846917	0.4197796297521025	-0.09666224220072671	0.06370089842581404
7,14	-0.174842376292486	0.020448657190284446	1.2824286217615685e-17	-0.2551095549414579	-0.09457519764351414
7,15	-0.09097247994790716	0.02043505715394654	8.545299823644704e-06	-0.17118627433129086	-0.01075868556452346
8,9	-0.14299873798245277	0.02041619360299472	2.534384948750942e-12	-0.22313848720971136	-0.06285898875519419
8,10	0.2341112282346649	0.020457114987329685	2.894214017716016e-30	0.15381085016824037	0.31441160630108944
8,11	-0.14933902075682887	0.020441290160602976	2.822844042953817e-13	-0.22957728158092586	-0.06910075993273188
8,12	-0.0392693621798591	0.020434351430035542	0.054648450237111915	-0.11948038638294618	0.04094166202322798
8,13	0.03115556425537125	0.020435331107544186	0.12737071403783365	-0.04905930547893449	0.11137043398967698
8,14	0.024034568202875223	0.02044826566947694	0.23984997236794267	-0.05623107360823444	0.10430021001398489
8,15	0.08032587490499765	0.020436832046025876	8.497022351906794e-05	0.00010511353212955266	0.16054663627786575
9,10	0.5988241715855277	0.02043247266698762	2.7286472918858515e-186	0.5186205220969661	0.6790278210740893
9,11	-0.07173923380344613	0.020425835709954217	0.00044507001156441787	-0.15191683122360405	0.008438363616711797
9,12	-0.027198106187903526	0.020416330504494644	0.18281267817087418	-0.10733839279505211	0.05294218041924506
9,13	-0.03570592037778442	0.020414616580814372	0.08029440487250616	-0.115839479314898	0.04442763855932917
9,14	-0.09795977744974471	0.020431008806110186	1.6369641580564674e-06	-0.1781576808405811	-0.017761874058908333
9,15	-0.009412703369301417	0.02042182414358449	0.6448635496998644	-0.08957455417531912	0.07074914743671629
10,11	-0.12132561856886404	0.020459891613682463	3.0624426998832208e-09	-0.20163689573548013	-0.04101434140224794
10,12	-0.07680649858813707	0.020457121358308267	0.00017399343098855973	-0.15710690166258395	0.003493904486309818
10,13	-0.0016560488162822296	0.02045337757513743	0.9354687058291283	-0.08194175640682519	0.07862965877426073
10,14	0.13207067886189494	0.02046567960165495	1.1105376254922492e-10	0.0517366820878111	0.21240467563597878
10,15	0.08718592673138935	0.02045671226512545	2.0322261753842867e-05	0.006887129471704945	0.16748472399107375
11,12	-0.06928779889287816	0.020445608331623403	0.0007026402511208259	-0.14954300984731905	0.01096741206156275
11,13	0.00017031865704844606	0.020444324089581134	0.9933530709752679	-0.08007985125804812	0.08042048857214501
11,14	-0.09133778331837916	0.02046488524859034	8.104589897211608e-06	-0.1716686620158698	-0.011006904620888519
11,15	0.03736947538249391	0.020453131633552286	0.06769748263846113	-0.042915266812768166	0.11765421757775599
12,13	-0.009557337080936645	0.020438139524713524	0.6400577110695536	-0.08978323070402658	0.07066855654215329
12,14	0.11493139943854397	0.020448923994441693	1.9211797660401852e-08	0.03466317350237107	0.19519962537471686
12,15	0.0901785688801952	0.020445995295702603	1.0344009602992009e-05	0.009921838974432107	0.17043529878595828
13,14	-0.015569609034133292	0.020448070661341983	0.44641083230588996	-0.09583448537919495	0.06469526731092837
13,15	-0.06593019300384363	0.020443045931297057	0.0012607222608005473	-0.1461753457601911	0.014314959752503825
14,15	0.42522087858655344	0.020455328906996594	2.4589897081813165e-95	0.3449275114269011	0.5055142457462057
1,2,3	-0.017960972805450573	0.010905749354360485	0.09958307967352426	-0.060769345188125636	0.02484739957722449
1,2,4	-0.01795972006908611	0.010906797173980637	0.09963922920493204	-0.060772205461425324	0.024852765323253104
1,2,5	-0.08631256078969386	0.01090553629220677	2.562520678287776e-15	-0.12912009683882406	-0.04350502474056366
1,2,6	-0.0172221993490191	0.01090357590797071	0.11423148073084494	-0.060022040295716304	0.025577641597678107
1,2,7	-0.023329274558697655	0.010904135294825555	0.032403807127794344	-0.06613131126838281	0.019472762150987505
1,2,8	-0.02898283731968354	0.010905084831767872	0.007870736878704853	-0.07178860124972716	0.013822926610360074
1,2,9	-0.01594169501113743	0.010904080740158185	0.14375301917310468	-0.058743517577214466	0.026860127554939606
1,2,10	-0.051708248140528934	0.010904615143695598	2.1268646450768237e-06	-0.09451216840249911	-0.008904327878558757
1,2,11	-0.020173908717244796	0.010904285151468435	0.06430998550273521	-0.06297653365968352	0.022628716225193926
1,2,12	-0.009883836998588427	0.010903432801356585	0.3646842896859507	-0.05268311620844126	0.032915442211264405
1,2,13	0.0024836918637663463	0.010903221495622664	0.8198076327131549	-0.04031475790702179	0.04528214163455448
1,2,14	-0.013179396967037349	0.01090409063993048	0.22680054007613604	-0.05598125839272185	0.02962246445864715
1,2,15	0.030729710015754995	0.01090440549511283	0.004833893511550445	-0.012073387311971141	0.07353280734348114
1,3,4	0.08898878624200773	0.010909473093064576	3.560902127408049e-16	0.04616579705603737	0.1318117754279781
1,3,5	-0.05616765412594939	0.01090803293531986	2.631779789719287e-07	-0.09898499025617619	-0.013350317995722595
1,3,6	-0.023839239055177375	0.010905104264574465	0.02881840605581235	-0.06664507926487809	0.018966601154523338
1,3,7	0.009480778520421923	0.010906213212214457	0.38468934873724103	-0.033329414644952274	0.05229097168579612
1,3,8	-0.06301743863977874	0.010907959716391512	7.667265265114194e-09	-0.10583448736351485	-0.02020038991604263
1,3,9	-0.0174883837921775	0.010905864004869342	0.10881757808073736	-0.060297206212857064	0.025320438628502064
1,3,10	-0.07909689352520091	0.010907227008715012	4.208180352281706e-13	-0.12191106614918046	-0.036282720901221366
1,3,11	-0.020010772863173792	0.010906066298015351	0.06654041708110779	-0.06282038934577826	0.022798843619430673
1,3,12	-0.005566355356982772	0.010905059735427962	0.6097483324139934	-0.04837202077628408	0.03723931006231854
1,3,13	-0.0054452240130783425	0.010904673375415425	0.6175379324523884	-0.04824937285220226	0.037358924826045574
1,3,14	0.004770452509614026	0.010905402863336314	0.661795754084435	-0.03803655979074959	0.04757746480997764
1,3,15	-0.021984882802597895	0.010906440399684716	0.04383247618719158	-0.06479596774766658	0.020826202142470794
1,4,5	-0.07608884137976957	0.010908261076005522	3.111781199181849e-12	-0.11890707303135029	-0.03327060972818884
1,4,6	0.00884246826580315	0.01090607458923951	0.41749601205055276	-0.03396718076236969	0.05165211729397599
1,4,7	0.04677008260955766	0.01090739150177436	1.8088823796650772e-05	0.00395526430045276	0.08958490091866256
1,4,8	0.06636724892219276	0.01090871248067668	1.186686364807282e-09	0.02354724537043073	0.10918725247395478
1,4,9	0.041222607704430536	0.010906979482177274	0.00015745312281109747	-0.0015905933028486988	0.08403580871170976
1,4,10	0.004551666712162505	0.010907953597960509	0.6764767524560988	-0.03826535799487707	0.04736869141920208
1,4,11	-0.009948016496351103	0.010907290103709798	0.3617483223529544	-0.05276243678731295	0.03286640379461074
1,4,12	-0.003042616403952869	0.010906064280633837	0.7802590166745509	-0.04585222496772331	0.03976699215981757
1,4,13	-0.00818049857426401	0.010905861222452039	0.45319944245766997	-0.05098931007311215	0.034628312924584126
1,4,14	0.015789001651558013	0.010906733559405687	0.14772832597212834	-0.027023234034289252	0.05860123733740528
1,4,15	0.006845585174830582	0.010907614629990006	0.5302726085406352	-0.03597010898016386	0.049661279329825024
1,5,6	-0.02250969112707632	0.010904955275581453	0.03900972579268283	-0.06531494650981223	0.020295564255659586
1,5,7	-0.014226866415583267	0.010906126598490763	0.19207822677096714	-0.057036719595834305	0.02858298676466777
1,5,8	-0.05988606672174632	0.010906688355487857	4.0329653785928655e-08	-0.10269812496851216	-0.017074008474980473
1,5,9	-0.029523378646276896	0.01090569319954327	0.00678997630645878	-0.07233153060427061	0.013284773311716812
1,5,10	-0.01087733384649521	0.01090619030419773	0.31860035058464037	-0.053687437090958995	0.031932769397968574
1,5,11	-0.014560007239454095	0.01090591819522085	0.18186784223457864	-0.05736904237369158	0.02824902789478339
1,5,12	-0.021706255094587262	0.010904793643910171	0.04654189484093958	-0.06451087602401342	0.021098365834838907
1,5,13	-0.006575741335729635	0.010904571650917407	0.5464956876573055	-0.04937949087536022	0.03622800820390095
1,5,14	-0.018337838117283414	0.010905491680288483	0.09267127985507996	-0.06114519905110988	0.02446952281654305
1,5,15	-0.007078108834100795	0.010905801900794232	0.516328705156932	-0.0498866874774582	0.03573046980925661
1,6,7	0.011790396126415567	0.010903811727470656	0.2795677436529197	-0.031010370483309534	0.05459116273614067
1,6,8	-0.01416653070863555	0.010904212858933296	0.19389186169274514	-0.05696887188095778	0.028635810463686684
1,6,9	-0.005475146499689804	0.010903789637877302	0.6155778890295347	-0.04827582640106435	0.03732553340168474
1,6,10	-0.01046309629118991	0.010904198894752757	0.3372904260900398	-0.05326538264987017	0.03233919006749035
1,6,11	-0.006935383956441152	0.010903991078352944	0.5247544282919273	-0.04973685457275091	0.03586608665986861
1,6,12	0.012973679987599213	0.010903342253960908	0.23410217133579034	-0.0298252437962754	0.055772603771473826
1,6,13	0.006643546288766851	0.010903008442629952	0.5423091599905827	-0.03615406718443614	0.04944115976196984
1,6,14	0.0031381219302759056	0.010903568700051802	0.7734964843131004	-0.039661690723154445	0.04593793458370626
1,6,15	0.004158813775332698	0.010903934642772107	0.7029054328134725	-0.03864243531421337	0.04696006286487877
1,7,8	-0.015098432098637843	0.01090533515397711	0.16621538670063163	-0.05790517861923993	0.027708314421964246
1,7,9	0.027718840708228554	0.010904538425143521	0.011028222598856	-0.015084778410166866	0.07052245982662397
1,7,10	-0.04935942879120207	0.010905301524549315	6.027818377937743e-06	-0.09216604330610503	-0.006552814276299113
1,7,11	0.0003654982817562491	0.010904926687883346	0.9732626797308108	-0.042439644885597996	0.043170641449110495
1,7,12	0.007953801174426414	0.01090366453469674	0.46572498992033595	-0.03484638765903838	0.05075399000789121
1,7,13	0.0011470214085255726	0.010903768107804811	0.9162217859250303	-0.04165357398078743	0.043947616797838575
1,7,14	0.003677481404602667	0.01090447157251598	0.7359342752180588	-0.03912587529696273	0.046480838106168064
1,7,15	0.018970831667810564	0.010904504296785416	0.08191724572315363	-0.023832653486433	0.06177431682205413
1,8,9	0.009754189715597855	0.010904997649635307	0.3710775146554478	-0.03305123199814547	0.05255961142934118
1,8,10	-0.05027376177729567	0.010906032041327608	4.047990076058901e-06	-0.09308324379201555	-0.0074642797625757915
1,8,11	-0.018188212258140102	0.010905224904013045	0.09535671697515674	-0.060994526014210064	0.02461810149792986
1,8,12	-0.015486912828684717	0.010904208861636476	0.15553924732796665	-0.05828923831040512	0.027315412653035685
1,8,13	0.0012721471278779872	0.010903864792164318	0.9071228043643841	-0.04152882777685673	0.044073122032612704
1,8,14	0.013001015611558836	0.010904649754548844	0.23317416562029578	-0.029803040508502895	0.05580507173162057
1,8,15	-0.032803537907182684	0.01090558882874676	0.0026321933528449127	-0.07561128017815923	0.010004204363793859
1,9,10	-0.04301415295980325	0.010904963775908015	8.015521220898974e-05	-0.08581944170889785	-0.00020886421070864108
1,9,11	-0.002953530321996245	0.010904528615382431	0.7865054524915986	-0.04575711093410548	0.03985005029011299
1,9,12	-0.0032156559800587403	0.010903601531600552	0.7680593412908786	-0.04601559750727109	0.03958428554715361
1,9,13	0.007003060246538725	0.010903544009630216	0.5207001431079858	-0.035796655489501804	0.049802775982579255
1,9,14	0.006176412125154712	0.010904235310420462	0.5711101656128946	-0.036626017176061	0.04897884142637043
1,9,15	0.01773436833687439	0.01090419379208181	0.10387878415867727	-0.02506789799227549	0.06053663466602427
1,10,11	-0.011451808051130833	0.010904903529975663	0.29365625386423944	-0.05425686031667691	0.03135324421441525
1,10,12	0.010326053667927215	0.010904252319646052	0.34365884908954003	-0.03247644239965543	0.05312854973550986
1,10,13	-0.011713756135354775	0.010903959387278733	0.2827116120616647	-0.05451510235459085	0.031087590083881303
1,10,14	-0.015199604259148236	0.010904769410543644	0.16337302372543172	-0.058004130065264246	0.027604921546967774
1,10,15	-0.029468233357860002	0.010905588207540614	0.006893548491358291	-0.0722759731904141	0.013339506474694098
1,11,12	-0.008110171698563512	0.010903842800180832	0.4570089689564154	-0.050911060278096	0.034690716880968975
1,11,13	-0.0032783122325616976	0.010903381610966682	0.7636686670174525	-0.04607739050461537	0.03952076603949198
1,11,14	-0.008095058085249518	0.01090432554705621	0.45786797941605406	-0.05089784159261652	0.03470772542211748
1,11,15	-0.013450214061721533	0.010904491816996178	0.21741482180393057	-0.05625365022900899	0.029353222105565922
1,12,13	0.0005151760861217131	0.010903005412477611	0.9623136149903713	-0.042282425492814725	0.04331277766505815
1,12,14	-0.00034032403525604236	0.010903261191101776	0.9750998314063278	-0.0431389296228337	0.04245828155232161
1,12,15	0.014112721525337463	0.010904057257289802	0.19558401026261707	-0.028689008863362155	0.05691445191403708
1,13,14	-0.0028998568819741666	0.010903302844770328	0.7902707430813859	-0.04569862597282854	0.039898912208880206
1,13,15	-0.007086995495999754	0.010903500867129115	0.5157135763728576	-0.04988654188464446	0.035712550892644954
1,14,15	-0.009820749366661746	0.010904144199947653	0.3677846819195809	-0.0526228210316508	0.03298132229832731
2,3,4	0.21138444777423443	0.010910060038226003	3.83481762689993e-83	0.16855915465056825	0.2542097408979006
2,3,5	-0.02936620736490339	0.010908370722182486	0.007104560054012691	-0.07218486941096883	0.013452454681162053
2,3,6	-0.0060526246404584705	0.010905178768924627	0.5788829135930091	-0.048858757302320165	0.036753508021403224
2,3,7	0.019912515503731784	0.010906383009592931	0.06789485624113854	-0.022898344167828377	0.06272337517529195
2,3,8	-0.1446600261049964	0.010908526175915183	4.98337119251193e-40	-0.18747929835408975	-0.10184075385590305
2,3,9	-0.02608132855410339	0.010906623212379065	0.01679334401692724	-0.06889313109441855	0.01673047398621178
2,3,10	-0.09545259561422842	0.010907733296178805	2.2202366649140503e-18	-0.13826875556998852	-0.05263643565846832
2,3,11	0.005670692763240809	0.010906213677452793	0.6031016514222596	-0.0371395022283349	0.048480887754816515
2,3,12	-0.0035533391309689744	0.010905156852151512	0.7445473923120786	-0.046359385762851944	0.039252707500913996
2,3,13	-0.0032856041225959344	0.010904872345768842	0.7631901107215487	-0.0460905339806765	0.039519325735484626
2,3,14	0.009350845504943112	0.010905701262889712	0.3912153564877464	-0.03345733810412985	0.05215902911401607
2,3,15	-0.05869772089793751	0.010906227702224868	7.417556304951009e-08	-0.10150797094099534	-0.01588747085487969
2,4,5	0.06408698592596107	0.010908814251495565	4.276518777618209e-09	0.021266582892882267	0.10690738895903987
2,4,6	0.0008108387883791202	0.01090625641368251	0.9407353858660714	-0.04199952395585406	0.0436212015326123
2,4,7	0.048335137920966206	0.01090795964771095	9.403599437893336e-06	0.005518089466822126	0.09115218637511029
2,4,8	0.07371008239069693	0.010909215625775513	1.436568038350959e-11	0.030888103841889447	0.11653206093950441
2,4,9	0.0068351651915075085	0.01090747725774914	0.5308935753676273	-0.035979989735796025	0.04965032011881104
2,4,10	0.04370200536493912	0.010908286557977381	6.181631863732352e-05	0.0008836736888937838	0.08652033704098447
2,4,11	0.004858123845140269	0.01090733421930249	0.6560339744111495	-0.03795646961289689	0.04767271730317743
2,4,12	0.0038382585945617442	0.010906265143176415	0.72489197694192	-0.03897213841558143	0.046648655604704915
2,4,13	0.0069484380831534714	0.010905824945355472	0.5240442342584251	-0.035860231017092944	0.04975710718339989
2,4,14	-0.001772148437753529	0.010907111145386493	0.8709317381008794	-0.04458586626304373	0.04104156938753667
2,4,15	0.015479375362345178	0.010907598215818649	0.15586904403320564	-0.027336254362050602	0.05829500508674096
2,5,6	-0.005955593533348069	0.010905016263028002	0.5849781336325404	-0.04876108831030052	0.036849901243604384
2,5,7	0.008250690541732664	0.010906529642249613	0.4493606049593656	-0.03456074470745786	0.05106212579092319
2,5,8	-0.07169878555954083	0.01090759004763506	4.9986094597585487e-11	-0.11451438322133978	-0.028883187897741885
2,5,9	-0.006435332255541049	0.010906200443548408	0.5551534715909334	-0.049245475300030074	0.03637481078894798
2,5,10	-0.09197513883978287	0.010906675637313701	3.513903045916468e-17	-0.13478714716385953	-0.0491631305157062
2,5,11	-0.02218637103041485	0.010905870577136677	0.041924596853998755	-0.06499521924923614	0.02062247718840644
2,5,12	-0.01580595145421418	0.01090510674996111	0.14723361560084738	-0.058611801419810934	0.026999898511382577
2,5,13	-0.010844635543369244	0.010904752086402306	0.3199934469428485	-0.053649093346978545	0.03195982226024006
2,5,14	0.009834228952171065	0.010906033627564298	0.36721058996726663	-0.032975259289008706	0.052643717193350835
2,5,15	-0.01911071781462606	0.01090591321724231	0.07972750401230573	-0.06191973340878866	0.02369829777953654
2,6,7	-0.0005254024139217939	0.010903984430978828	0.9615695556039776	-0.04332684693727294	0.042276042109429354
2,6,8	-0.007567270812774529	0.010904257010956564	0.4877036591164242	-0.050369785295173136	0.03523524366962408
2,6,9	-0.002704440342135749	0.010903931261826446	0.804117199908141	-0.04550567616044514	0.04009679547617365
2,6,10	-0.016689299706696095	0.010904391113621806	0.12590017552031868	-0.05949234058271009	0.026113741169317903
2,6,11	-0.006923953821470624	0.010903684034510228	0.5254262033237	-0.04972421919761488	0.035876311554673634
2,6,12	-0.003164029566871951	0.010903238075765057	0.7716714788104869	-0.045962544419745385	0.03963448528600148
2,6,13	-0.012468962137215545	0.010902940141673957	0.2527846032450273	-0.05526630750846026	0.03032838323402917
2,6,14	0.0011711152123081575	0.010903673738466705	0.9144679290582118	-0.041629109748743946	0.04397134017336026
2,6,15	0.004424728259851601	0.010903841076983651	0.6848957281230583	-0.03837615355560955	0.04722561007531275
2,7,8	-0.03161291127939945	0.010905836079789422	0.0037495502437819937	-0.07442162408567461	0.011195801526875715
2,7,9	-0.012022090523528872	0.010905094088721928	0.27028373084342217	-0.05482789078992348	0.030783709742865734
2,7,10	0.0007005141730118368	0.010905681219738905	0.9487844136574435	-0.04210759076061796	0.04350861910664164
2,7,11	-0.023668953803908488	0.010904805261912015	0.02997595627565061	-0.06647362033751399	0.01913571272969701
2,7,12	0.004643112631408819	0.010903733288543722	0.670236260138766	-0.038157346081748665	0.0474435713445663
2,7,13	0.0023684105743295436	0.010903799639668145	0.8280463731200706	-0.04043230858710618	0.04516912973576527
2,7,14	-0.00012834995597628407	0.010904731595365744	0.9906090978846598	-0.042932727326055055	0.04267602741410249
2,7,15	0.005449151064509751	0.010904533219845672	0.617279777037147	-0.03735444762151358	0.048252749750533085
2,8,9	-0.018133716213826187	0.010905835959839157	0.09637179808991679	-0.06094242854926019	0.02467499612160782
2,8,10	-0.042129405413652066	0.01090700293325118	0.0001124113821644657	-0.08494269847350577	0.000683887646201635
2,8,11	-0.05225341680411716	0.010905304669992198	1.6624655092215422e-06	-0.09506004366583701	-0.00944678994239731
2,8,12	-0.015784222463938992	0.010904700854869028	0.14777545814711054	-0.05858847916824892	0.027020034240370937
2,8,13	0.0009546288864696884	0.010904171735338005	0.930237188017813	-0.041847550863274074	0.04375680863621345
2,8,14	-0.020620221777529375	0.01090500589978428	0.0586475664830269	-0.06342567587560852	0.022185232320549773
2,8,15	-0.04493255189140541	0.010905817936667906	3.79756513434414e-05	-0.08774119348042839	-0.0021239103023824313
2,9,10	-0.030783900782043086	0.010905402930809686	0.004763447812806195	-0.07359091334726015	0.012023111783173966
2,9,11	-0.01194724506831664	0.01090460541541131	0.2732558800503483	-0.05475112714382178	0.0308566370071885
2,9,12	-0.003121787280884969	0.010903964167617854	0.7746514904243245	-0.045923152264401294	0.039679577702631356
2,9,13	0.0010492038153623144	0.010903801762938321	0.9233435477188672	-0.041751523680552544	0.043849931311277165
2,9,14	-0.011480963520172444	0.010904824931019392	0.2924254856641126	-0.05428570726098725	0.03132378022064236
2,9,15	0.013141045423197995	0.01090440589595996	0.22816863317299732	-0.02966205347797464	0.05594414432437063
2,10,11	-0.019939285721411737	0.010904882021607342	0.06748804490135119	-0.06274425356009172	0.02286568211726825
2,10,12	0.002959783876284372	0.010904230068865919	0.7860586832570429	-0.03984262485024074	0.04576219260280948
2,10,13	0.0025499497662454587	0.010903968270314132	0.8150989150712757	-0.040251431321597524	0.04535133085408844
2,10,14	-0.0010609004206085515	0.010905199623539572	0.9225015580575151	-0.04386711494315615	0.041745314101939046
2,10,15	-0.0265186349442392	0.010905552022531476	0.015035217697606143	-0.06932623273966265	0.016288962851184252
2,11,12	-0.0016740768430631436	0.010903909522486314	0.8779813503162499	-0.04447522732787206	0.041127073641745775
2,11,13	0.006126308606114295	0.010903316900163565	0.5742047411632718	-0.03667251565641954	0.04892513286864813
2,11,14	-0.023320791871694155	0.010904360168784221	0.032470377198094605	-0.06612371127983946	0.019482127536451142
2,11,15	-0.007458137483823041	0.01090421989408564	0.49400042790787624	-0.05026050627125099	0.03534423130360491
2,12,13	-0.0003984635842207984	0.01090302928505859	0.9708471252544426	-0.04319615887027474	0.04239923170183314
2,12,14	-0.007648752262482406	0.010903449414063389	0.48299724354764806	-0.050448096682245716	0.035150592157280905
2,12,15	-0.004575736178907663	0.010903863990030295	0.6747487456861734	-0.04737670793502317	0.03822523557720784
2,13,14	-0.007401423520165956	0.010903547860366845	0.4972640702137633	-0.050201154371515136	0.035398307331183224
2,13,15	0.004235091837580779	0.010903406998015177	0.6977085289727132	-0.038564086086334534	0.04703426976149609
2,14,15	0.03211048482717855	0.010904269662102306	0.0032343990175846297	-0.010692079314802393	0.07491304896915948
3,4,5	-0.6975350064851457	0.010911425826917889	0.0	-0.7403656607434774	-0.6547043522268139
3,4,6	0.06048142670992081	0.01090907658647891	2.9778243363837826e-08	0.017659993932503386	0.10330285948733822
3,4,7	0.14932320416676678	0.010910984370133069	1.6407794178081634e-42	0.10649428276014662	0.19215212557338696
3,4,8	0.5400756501278473	0.010913150862411633	0.0	0.497238224582244	0.5829130756734506
3,4,9	0.1359309708273743	0.010910741902305824	1.527098798176295e-35	0.09310300118048218	0.1787589404742664
3,4,10	0.6056984085671262	0.010912174718544878	0.0	0.5628648146821259	0.6485320024521265
3,4,11	0.030615833435218176	0.01090986279997388	0.005015224937099183	-0.01220868546851403	0.07344035233895038
3,4,12	0.038868276771795884	0.01090871700642805	0.0003671182308931185	-0.003951744544912289	0.08168829808850406
3,4,13	0.01266934338967779	0.010908521614909572	0.2454811670015785	-0.030149910956085824	0.0554885977354414
3,4,14	0.04630971034533801	0.010910127909100314	2.1956081576854553e-05	0.00348415080791456	0.08913526988276146
3,4,15	0.14281256800793143	0.010911159698607484	4.839471429736702e-39	0.09998295838389694	0.18564217763196594
3,5,6	-0.024397269032515934	0.010907530416238879	0.025310584172741613	-0.06721263262300711	0.018418094557975252
3,5,7	0.011211394007875117	0.010909699712006426	0.3041206519121777	-0.031612484726143385	0.05403527274189362
3,5,8	-0.11465444944653738	0.010911475382837519	8.787893897115821e-26	-0.157485298226877	-0.07182360066619775
3,5,9	-0.016630950701029143	0.010909518326548335	0.12740790197345772	-0.05945411744213616	0.026192216040077876
3,5,10	-0.7054511273804427	0.01091026713778226	0.0	-0.7482772334326511	-0.6626250213282343
3,5,11	-0.0518126818515815	0.010908769981109264	2.046843133340283e-06	-0.09463291110997314	-0.008992452593189856
3,5,12	-0.022692833092334566	0.01090752062555871	0.03749001081890469	-0.06550815825143796	0.020122492066768832
3,5,13	-0.02023363589995089	0.01090743812971523	0.06360118112854536	-0.06304863723785933	0.022581365437957558
3,5,14	-0.006489626431007672	0.010908663041424056	0.5519107636070839	-0.049309435918715235	0.03633018305669989
3,5,15	-0.1470935023656872	0.010909264060943315	2.555661177907945e-41	-0.1899156710372118	-0.10427133369416257
3,6,7	-0.017068057888076554	0.010905963582604252	0.11758816844769766	-0.05987727118155344	0.025741155405400333
3,6,8	-0.030902900526294727	0.010907270191823321	0.004610836566490258	-0.0737172426570657	0.011911441604476242
3,6,9	-0.02298107211243687	0.010905730693196431	0.03510406569180579	-0.06578937124438575	0.019827227019512
3,6,10	0.026464290547243904	0.01090671368582914	0.015254126820498396	-0.016347867128790577	0.06927644822327839
3,6,11	-0.015721544379046687	0.010905483545978192	0.14942007930038317	-0.058528873383239276	0.027085784625145902
3,6,12	-0.0019263854464285357	0.010904750396663098	0.8597800435277891	-0.04473083661729919	0.040878065724442116
3,6,13	-0.010361543928673611	0.010904549873565364	0.34201607086836194	-0.053165207985595445	0.03244212012824822
3,6,14	-0.0035160589881035598	0.010905236813731995	0.7471372034176128	-0.04632241949343093	0.03929030151722381
3,6,15	-0.018318585243123797	0.010905776244428829	0.09302293559935225	-0.061127063177469056	0.02448989269122146
3,7,8	-0.22169522366012667	0.010909394898042267	3.2172280601561745e-91	-0.26451790590692903	-0.17887254141332434
3,7,9	-0.048133380306157866	0.010907454943269439	1.023406442802929e-05	-0.09094844764236376	-0.0053183129699519785
3,7,10	0.052108739536221776	0.010908630199446238	1.788793381231993e-06	0.009289058963233461	0.0949284201092101
3,7,11	-0.04232782423312144	0.010907220679200752	0.00010436247625565849	-0.08514197201183867	0.0004863235455957876
3,7,12	-0.007364096651825677	0.01090565839528635	0.49951896512071936	-0.050172111992559776	0.03544391868890842
3,7,13	0.011823511677400256	0.010905675730948432	0.27830162128011554	-0.03098457171106296	0.05463159506586347
3,7,14	0.008268449110165874	0.010906625524499237	0.448389338056874	-0.03454336250592191	0.05108026072625366
3,7,15	0.027684998682466516	0.01090667996833151	0.01114236923986422	-0.015127026642168029	0.07049702400710106
3,8,9	-0.04398170400427061	0.01090926597359129	5.553132007640601e-05	-0.08680388018351837	-0.0011595278250228491
3,8,10	-0.4735656606766028	0.01091200388284767	0.0	-0.5163985839797013	-0.4307327373735042
3,8,11	-0.07997422571686648	0.010908278998407238	2.3305908559043487e-13	-0.12279252771930727	-0.0371559237144257
3,8,12	0.000519565319391041	0.010907390993862162	0.9620080440120844	-0.0422952509960045	0.04333438163478658
3,8,13	-0.013356229135010389	0.010907089361495129	0.22075564793420174	-0.056169861451923014	0.029457403181902236
3,8,14	-0.011060967360961405	0.010908391636876909	0.3105967792915265	-0.05387971150354291	0.0317577767816201
3,8,15	-0.17413700568982537	0.01090955585148832	3.957538223500358e-57	-0.21696031972769783	-0.13131369165195292
3,9,10	-0.03789732526334344	0.010908146196185426	0.0005130280960738034	-0.08071510597680354	0.004920455450116656
3,9,11	0.0062159646843470695	0.010906971232578017	0.5687445232632413	-0.03659720394075415	0.04902913330944829
3,9,12	0.0020626869442338658	0.010905681718775807	0.8499853005125599	-0.04074541994826706	0.04487079383673479
3,9,13	0.009317254713611445	0.01090564295478509	0.3929166722022167	-0.0334907000184743	0.052125209445697186
3,9,14	-0.02040047428284078	0.010906677512974897	0.06142965576066509	-0.06321248996945626	0.0224115414037747
3,9,15	-0.04188731659368383	0.010906695261369517	0.0001230183692858727	-0.08469940194812878	0.0009247687607611063
3,10,11	-0.030974939181863392	0.010907390323726672	0.004516916448683595	-0.07378975286677397	0.011839874503047194
3,10,12	0.01574866614069087	0.010906785683633445	0.14876785855036812	-0.027063774148552232	0.05856110642993397
3,10,13	0.0068089444551825	0.010906507283356046	0.5324344072460461	-0.036002403028572494	0.049620291938937494
3,10,14	0.03316639921902512	0.010907802997760766	0.002362925119455317	-0.009650034336574784	0.07598283277462502
3,10,15	-0.11288412715359898	0.01090902984182075	4.700611742984898e-25	-0.1557053764440621	-0.07006287786313586
3,11,12	-0.009547530021561779	0.010905375811316877	0.3813149270218269	-0.052354436134548064	0.03325937609142451
3,11,13	-0.0053103748437698176	0.010905119266215395	0.6262889149579707	-0.048116273939459046	0.03749552425191941
3,11,14	0.003961539321779006	0.010906077130654076	0.7164269722952042	-0.03884811968221646	0.04677119832577447
3,11,15	-0.023847430950339477	0.010906590833961522	0.028785271801407154	-0.06665910639555	0.01896424449487106
3,12,13	-0.007170403408097346	0.010904594549541116	0.5108270166830627	-0.04997424283176789	0.0356334360155732
3,12,14	-0.00888074774431441	0.010905019875027459	0.4154378029982222	-0.05168625669945974	0.03392476121083092
3,12,15	-0.04397212250712543	0.010905717130522347	5.5429050758337584e-05	-0.08678036840146688	-0.0011638766127839775
3,13,14	0.013529774441006143	0.01090503855410776	0.21472950190479545	-0.029275807835192083	0.05633535671720437
3,13,15	-0.005384668124343794	0.010905237307417562	0.621472787871518	-0.04819103056753668	0.03742169431884909
3,14,15	-0.048976432864070746	0.010906530002861646	7.12891431035064e-06	-0.09178786952877283	-0.006164996199368666
4,5,6	-0.08738020585331117	0.010907688247968488	1.178053948294015e-15	-0.13019618898118906	-0.0445642227254333
4,5,7	-0.2614731659555682	0.010909243274055474	8.143602180300711e-126	-0.3042952530322563	-0.21865107887888005
4,5,8	-0.4309031167697658	0.010910544803938224	0.0	-0.4737303127458131	-0.38807592079371844
4,5,9	-0.044736521884741365	0.010909450337214329	4.129176515232517e-05	-0.08755942174710088	-0.0019136220223818431
4,5,10	-0.39519702362543463	0.010909814206865634	1.651536850958078e-281	-0.4380213517864856	-0.35237269546438366
4,5,11	-0.1346566417567931	0.010908933691409137	6.350537704867874e-35	-0.17747751362774183	-0.09183576988584434
4,5,12	-0.00699281611021331	0.010907604168082162	0.5214653147908517	-0.049808469199047856	0.035822836978621236
4,5,13	0.012841591542125719	0.010907600597638503	0.2390820418999633	-0.029974047531635052	0.05565723061588649
4,5,14	-0.07475777281261764	0.01090877447978818	7.365644380755542e-12	-0.11757801972968784	-0.03193752589554744
4,5,15	0.07511173643089614	0.010909176771482343	5.8797727095242566e-12	0.032289910396968345	0.11793356246482392
4,6,7	-0.0011261283027277913	0.01090710113043141	0.9177673929490796	-0.04393980681628317	0.04168755021082759
4,6,8	0.03287987019860829	0.010908030628120846	0.0025779496177977933	-0.009937456875162926	0.0756971972723795
4,6,9	0.004629375334809727	0.010906856057518743	0.6712432307511063	-0.038183341193267585	0.04744209186288704
4,6,10	0.03813443082328499	0.010907265790346128	0.0004725144998517238	-0.004679894030353647	0.08094875567692364
4,6,11	0.002110556226814324	0.010906781947937944	0.8465619165179814	-0.04070186939869143	0.044922981852320076
4,6,12	0.022748259275384083	0.010905754751118496	0.036996200590720965	-0.020060134291202243	0.0655566528419704
4,6,13	-0.01164123890599697	0.010905630143182417	0.28577590709471196	-0.054449143348658274	0.031166665536664334
4,6,14	0.0032703139002058235	0.010906487723215664	0.7642933139103383	-0.039540956804068356	0.04608158460448
4,6,15	-0.000798406578806532	0.010906842453295517	0.9416455575670739	-0.04361106970618345	0.04201425654857038
4,7,8	0.019097015852824244	0.010910458815540147	0.0800693916568393	-0.023729842592692535	0.06192387429834102
4,7,9	0.010759817053355852	0.010908789737353123	0.3239720490374006	-0.032060489754282204	0.05358012386099391
4,7,10	0.07791487515473972	0.01090943228039193	9.400291644744992e-13	0.035092046170882185	0.12073770413859725
4,7,11	-0.04221135225779052	0.010908394368698898	0.00010922520503033838	-0.08503010712360151	0.0006074026080204742
4,7,12	0.020356281074243796	0.010906742244541539	0.06199555594695964	-0.022455988703394658	0.06316855085188225
4,7,13	0.01252189430653064	0.010906934075332267	0.25094954478728965	-0.030291128465116487	0.05533491707817777
4,7,14	-0.015301213832148983	0.010908095449100928	0.16070450629282967	-0.05811879534791803	0.027516367683620063
4,7,15	0.015328749131346964	0.010908116486545131	0.15995363292446696	-0.02748891496276825	0.05814641322546218
4,8,9	0.10731291721405561	0.010910050560652284	8.487593811939082e-23	0.0644876612927395	0.15013817313537173
4,8,10	0.08708619584763838	0.010911705193004568	1.500842009572791e-15	0.04425444499272426	0.1299179467025525
4,8,11	0.035584736478184886	0.01090939723329723	0.001108088539230082	-0.007237954935201137	0.0784074278915709
4,8,12	0.0015544206975647568	0.010908212234445087	0.8866859622954402	-0.04126361923608454	0.044372460631214056
4,8,13	-0.00408718287990012	0.010907879836139528	0.7078861061122278	-0.046903918049430844	0.038729552289630605
4,8,14	0.009402291542142518	0.01090903987109978	0.3887597319545619	-0.03341899711628125	0.052223580200566284
4,8,15	0.025327755475599706	0.01091058929989928	0.020272071198900492	-0.01749961516058407	0.06815512611178348
4,9,10	-0.04744678296563496	0.010908989423047098	1.3698542533315892e-05	-0.09026787360015821	-0.004625692331111708
4,9,11	-0.001857148115123164	0.010908130479873043	0.8648118255243092	-0.04467486713729262	0.040960570907046294
4,9,12	0.006699414041943276	0.01090682082154365	0.5390606920976283	-0.03611316417424972	0.049511992258136274
4,9,13	0.010794947928853244	0.010906648516356109	0.3222998195932195	-0.03201695393724293	0.05360684979494942
4,9,14	-0.002927984375511117	0.01090785801232895	0.7883709594521184	-0.04574463387996926	0.03988866512894702
4,9,15	0.016128209808370264	0.01090774448388464	0.13925683898661825	-0.026687994062526886	0.058944413679267414
4,10,11	0.08766434287752173	0.010908204512486749	9.5621367456663e-16	0.04484633325489988	0.13048235250014356
4,10,12	-0.0016607370361030882	0.010907482216526456	0.8789854702207448	-0.04447591142811088	0.041154437355904704
4,10,13	-0.0019077404559335598	0.010907279223306155	0.8611552104638728	-0.04472211803801262	0.0409066371261455
4,10,14	0.02544490264397309	0.01090870613592906	0.019679033696592872	-0.01737507600273107	0.06826488129067725
4,10,15	0.04340636626130463	0.01090961646634963	6.944148083084353e-05	0.0005828142917256585	0.0862299182308836
4,11,12	0.00782802295848782	0.010906669347729332	0.47293030814574766	-0.034983960677063455	0.0506400065940391
4,11,13	0.006747527865693853	0.010906557275533921	0.536140201062269	-0.036064015852514834	0.04955907158390254
4,11,14	-0.016126057858723508	0.01090759776819158	0.13930428604820783	-0.058941685826047335	0.02668957010860032
4,11,15	0.0022509911271080783	0.010907699971451017	0.8365054570054672	-0.04056503801899279	0.045067020273208955
4,12,13	-0.013075331052596638	0.010905732707960577	0.23055991592242486	-0.05588363809310557	0.029732975987912295
4,12,14	-0.010267237659853101	0.010906175279336674	0.34649945306651597	-0.053077281927182335	0.03254280660747613
4,12,15	0.00441442465679881	0.010906811618590228	0.6856712819589557	-0.03839811743501206	0.047226966748609676
4,13,14	-0.0016571124348143812	0.010906205837346524	0.879233535945762	-0.04446727665159619	0.041153051781967424
4,13,15	0.013581564557611767	0.01090639861846065	0.21303665402422367	-0.02922935638348615	0.056392485498709684
4,14,15	-0.016068566528636724	0.010908093614894627	0.14073772664219342	-0.058886140844589985	0.026749007787316537
5,6,7	-0.0032695239500082768	0.010905593721003531	0.7643298178286819	-0.04607728542457577	0.03953823752455922
5,6,8	-0.008274104351311928	0.010906323088481313	0.4480664323626906	-0.05108472881434342	0.034536520111719565
5,6,9	-0.007988639735380137	0.010905559947339334	0.4638511802882359	-0.0507962686380769	0.03481898916731663
5,6,10	-0.050330944857191806	0.010905634471538531	3.944000493253817e-06	-0.09313886628996304	-0.007523023424420572
5,6,11	0.00823487385986521	0.010905256000778284	0.4501773234432339	-0.03457156196043556	0.05104130968016598
5,6,12	-0.02002641984199574	0.01090443930825089	0.06628755401032257	-0.0628296498965395	0.02277681021254801
5,6,13	0.0048008261082085335	0.010904391150440415	0.6597479344457672	-0.03800221491232966	0.04760386712874673
5,6,14	0.00931340758376048	0.010905159918927237	0.3930911407728471	-0.03349265108614693	0.05211946625366789
5,6,15	0.0029924336968873977	0.010905344023358025	0.7837785369990181	-0.039814347638723616	0.04579921503249841
5,7,8	-0.12859491693567782	0.010908276657115494	5.213300526720323e-32	-0.17141320974783872	-0.08577662412351691
5,7,9	-0.03756093924800269	0.010907529210730228	0.0005748187028530907	-0.08037629810650695	0.005254419610501583
5,7,10	-0.12131752920272929	0.01090768945494703	1.1070600682618343e-28	-0.16413351706836385	-0.07850154133709472
5,7,11	0.031346256956161	0.010907141746584413	0.004056836043457622	-0.011467580988108031	0.07416009490043003
5,7,12	-0.012551648194165044	0.010905685164635399	0.24977102175749535	-0.055359768612709505	0.030256472224379417
5,7,13	-0.0033827254835416543	0.010905664529041985	0.7564256902465776	-0.04619076490112612	0.03942531393404281
5,7,14	0.02744471403419879	0.010907030440155206	0.011866366210331122	-0.015368686998592153	0.07025811506698973
5,7,15	0.05928665617388951	0.010906501121053194	5.492659130791799e-08	0.016475332879041356	0.10209797946873767
5,8,9	0.023545484090855898	0.01090823798945921	0.030896171406036076	-0.019272656939031678	0.06636362512074348
5,8,10	-0.24735646933013222	0.01090891609172068	6.458950049416841e-113	-0.2901772721169683	-0.20453566654329614
5,8,11	0.028832433738323296	0.010907336833196795	0.00821192898800938	-0.013982169980041433	0.07164703745668802
5,8,12	-0.0065587097366071045	0.010906410562171781	0.5476027097739498	-0.049369677560392046	0.03625225808717784
5,8,13	-0.015491096458040698	0.010906202928755323	0.1555031874133867	-0.058301249257720275	0.027319056341638878
5,8,14	0.005427435620613846	0.010907249983980445	0.6187702677659228	-0.03738682718824766	0.04824169842947535
5,8,15	-0.03403551878155145	0.010908229379893363	0.0018091129404843437	-0.07685362601628301	0.00878258845318012
5,9,10	-0.09042175511532204	0.010907459166684435	1.1781489032650868e-16	-0.13323683902971215	-0.04760667120093193
5,9,11	0.017677457232248346	0.010906916389074449	0.10507989739262848	-0.02513549611547511	0.0604904105799718
5,9,12	-0.012487493157719243	0.010905502123007709	0.25219156831007494	-0.055294895082384464	0.03031990876694598
5,9,13	0.010986759549906966	0.010905421917726366	0.31372228736950225	-0.031820327544714096	0.05379384664452803
5,9,14	0.011028279028332574	0.010906519098814462	0.31194576710714333	-0.031783114834678654	0.0538396728913438
5,9,15	-0.0019521010355846857	0.010906370263236364	0.8579488831180939	-0.04476291067383116	0.04085870860266179
5,10,11	-0.03921092986513086	0.010906655920115908	0.0003247175149709642	-0.08202286079322876	0.003601001062967034
5,10,12	-0.010271837354852667	0.010905777063001809	0.3462658435829665	-0.05308031850234503	0.032536643792639694
5,10,13	0.004744073363878637	0.010905669814401659	0.6635583007702228	-0.03806398680034485	0.04755213352810212
5,10,14	-0.032762470338359245	0.010906729791174527	0.0026677383636528945	-0.07557469123275684	0.010049750556038343
5,10,15	-0.03250924951830925	0.010907342078257559	0.0028800621414012315	-0.07532387382512756	0.010305374788509063
5,11,12	-0.0008925523772072563	0.010905199620177709	0.9347693041397225	-0.04369876688655853	0.041913662132144015
5,11,13	0.00860888442168866	0.010905133883787185	0.42986430986145674	-0.03419707205240128	0.0514148408957786
5,11,14	0.02017527138966077	0.01090641572473751	0.06434407122238922	-0.02263571669875973	0.06298625947808127
5,11,15	0.020326172975199064	0.010906179341319783	0.062368980675185655	-0.022483887236645295	0.06313623318704342
5,12,13	-0.0010842743732443622	0.010904668233391703	0.9207958100852265	-0.04388840302836632	0.0417198542818776
5,12,14	0.013974964724014716	0.010905201474259489	0.2000292191151017	-0.02883125706316962	0.05678118651119905
5,12,15	-0.01662812536953033	0.010905378318891854	0.1273281263901054	-0.05943504132550859	0.026178790586447932
5,13,14	0.007516442332417467	0.010905143808904299	0.49066690643742683	-0.03528955310076602	0.050322437765600955
5,13,15	0.0011951670298103317	0.010905214355693131	0.9127305458950679	-0.04161110532090616	0.04400143938052682
5,14,15	0.025871765889640852	0.010906320707469021	0.01768943064350087	-0.016938849227195567	0.06868238100647728
6,7,8	0.013660102627077994	0.010904895487231711	0.21033960648089514	-0.029144918068259855	0.05646512332241584
6,7,9	0.01707762229354473	0.01090443569261601	0.11733131881097686	-0.025725593568536	0.05988083815562546
6,7,10	-0.03152263802128405	0.010905072447722057	0.0038472217909523987	-0.07432835334019353	0.01128307729762542
6,7,11	0.003422186149509371	0.010904339593698223	0.7536468649850209	-0.03938065249518588	0.04622502479420462
6,7,12	0.0056343951469723375	0.010903433423441326	0.6053313924312118	-0.03716488650475169	0.04843367679869637
6,7,13	-0.009014194066899683	0.010903636889470793	0.40840522712326266	-0.05181427438447176	0.033785886250672394
6,7,14	0.0066133894121969405	0.010904296933318368	0.5441912335412915	-0.036189281777574536	0.04941606060196842
6,7,15	0.003443771624181885	0.010904101240146742	0.7521385681372093	-0.03935813141056498	0.04624567465892875
6,8,9	-0.0007949054697620472	0.01090468840938645	0.9418895388634219	-0.0435991133217799	0.04200930238225581
6,8,10	-0.03401751949309162	0.01090561075049723	0.0018146544480524887	-0.07682534781358452	0.008790308827401276
6,8,11	-0.021025418451721498	0.010904572972938672	0.05384815989155627	-0.06382917318068633	0.021778336277243335
6,8,12	-0.0015739499914437585	0.01090392849129797	0.8852273488792569	-0.04437517493458897	0.041227274951701455
6,8,13	-0.006400306727900762	0.010903750689961099	0.5572199404033107	-0.04920083374689683	0.036400220291095305
6,8,14	0.005063044189248106	0.010904512965335875	0.642430870441633	-0.03774047499168395	0.047866563370180165
6,8,15	-0.006280644679917305	0.01090507454676789	0.5646613568477303	-0.04908636823821801	0.0365250788783834
6,9,10	-0.011412325153416225	0.010904780548042023	0.2953183279651528	-0.05421689467758979	0.03139224437075734
6,9,11	-0.01345635277083268	0.010904403332418572	0.2172012527079643	-0.05625944160932821	0.029346736067662853
6,9,12	0.013020524063177871	0.010903467001333678	0.23242299094470964	-0.02977888939195305	0.05581993751830879
6,9,13	-0.004498063843449654	0.010903515539367211	0.6799513593784828	-0.0472976678250769	0.03830154013817759
6,9,14	0.008895675052226465	0.010904308857487558	0.41462388523340654	-0.03390704294352399	0.05169839304797692
6,9,15	0.007090469060243965	0.010903996681523727	0.5155269127260548	-0.03571102355020977	0.0498919616706977
6,10,11	-0.0049688221221971945	0.01090426755717879	0.648625538923572	-0.04777137800171521	0.03783373375732082
6,10,12	-0.0075128578473916685	0.010903648820759282	0.4908142958580296	-0.05031298499888813	0.03528726930410479
6,10,13	-0.003738594084374769	0.010903677958179507	0.7316951092980326	-0.04653883560907886	0.03906164744032932
6,10,14	-0.014405276656130554	0.010904677408963247	0.18650495869446695	-0.05720944132815247	0.028398888015891362
6,10,15	-0.009705106235798594	0.01090489309323293	0.37348495781009416	-0.052510117533965464	0.033099905062368276
6,11,12	0.004566189726279146	0.010903647635247734	0.6753824617987441	-0.038233932771725085	0.04736631222428338
6,11,13	0.009871235759479957	0.010903245474523284	0.36528780504552116	-0.032927308135762515	0.05266977965472243
6,11,14	-0.017797108489464253	0.01090395813906856	0.10265381682719306	-0.060598449809096996	0.02500423283016849
6,11,15	0.004354583710918382	0.010904012236471451	0.689633562790528	-0.03844696995742078	0.04715613737925754
6,12,13	0.002320328389708942	0.010902799768106486	0.8314691375731533	-0.04047646597272806	0.045117122752145945
6,12,14	-0.00802845090382695	0.010903349348878051	0.4615360907522549	-0.050827402537402235	0.034770500729748334
6,12,15	0.012850740519701559	0.01090358965615236	0.2385748501987619	-0.029949154392776497	0.055650635432179615
6,13,14	0.007965256432937204	0.010903438625104274	0.46507356778090225	-0.03483404563689082	0.05076455850276523
6,13,15	-0.002783200328786206	0.010903365197957272	0.7985234476982122	-0.04558221417480221	0.0400158135172298
6,14,15	0.01675558204268135	0.010903976116186017	0.12438942281267788	-0.02604582984258732	0.05955699392795002
7,8,9	0.07190526736325714	0.01090667394152593	4.3852279890072524e-11	0.02909326569566157	0.11471726903085272
7,8,10	-0.06343025114557233	0.01090748489460899	6.111345908931665e-09	-0.10624543604986594	-0.020615066241278707
7,8,11	0.044686856525253615	0.010906501293425802	4.191054269073074e-05	0.0018755325537907278	0.08749818049671651
7,8,12	-0.002234612225762239	0.010905048057405022	0.8376395577068898	-0.04504023180528322	0.040571007353758744
7,8,13	0.02068160123079113	0.010904873067315171	0.05789697277431989	-0.022123331459577518	0.06348653392115977
7,8,14	0.002871857255780874	0.01090580859952176	0.792295801585253	-0.03993674768211285	0.045680462193674595
7,8,15	0.04813543898928621	0.010906101445449245	1.019931859217115e-05	0.005325684542348483	0.09094519343622394
7,9,10	-0.10266456110754296	0.010906134266952881	5.1170423963519676e-21	-0.14547444438883256	-0.05985467782625335
7,9,11	0.0020824817132308326	0.010905875730729805	0.8485656623716031	-0.04072638673500584	0.0448913501614675
7,9,12	0.011562286014642376	0.010904317879545595	0.28899805073515494	-0.03124046739542099	0.05436503942470574
7,9,13	0.01168216675838818	0.010904655722901573	0.28404243313460076	-0.03112191278926736	0.05448624630604372
7,9,14	0.04496079648676765	0.010905437268449423	3.752783863811095e-05	0.002153649135904892	0.08776794383763041
7,9,15	0.027607024085454873	0.010904977709178466	0.01135923906330186	-0.015198319355950236	0.07041236752685998
7,10,11	-0.024386533212467892	0.010905947280697811	0.02535376359572646	-0.06719568251601994	0.018422616091084157
7,10,12	-0.003760502942259575	0.010904787248752297	0.730210347210336	-0.046565098768752346	0.039044092884233196
7,10,13	-0.010862231621565133	0.010905027162809122	0.3192210961264836	-0.05366776918346284	0.031943305940332574
7,10,14	-0.016700342926350725	0.010905947133162805	0.12570385952125684	-0.05950949165078315	0.026108805798081697
7,10,15	0.001136144277757628	0.010906032959790063	0.9170305360483589	-0.04167334134220583	0.043945629897721085
7,11,12	0.0017429360045747577	0.010904354173268368	0.8730092969757908	-0.04105995986935323	0.044545831878502744
7,11,13	-0.004511729441240973	0.010904432581699625	0.6790586613535423	-0.047314933092031795	0.03829147420954985
7,11,14	0.05383992371824045	0.01090540593912743	7.974299353196527e-07	0.011032899344464255	0.09664694809201665
7,11,15	0.007002677558672857	0.010904892744838192	0.5207744956177114	-0.03580233237193905	0.04980768748928476
7,12,13	0.014931242074416956	0.010903658505649049	0.1708906136513835	-0.02786892309320789	0.0577314072420418
7,12,14	0.03407735485094651	0.010904061828963946	0.0017784741359281586	-0.008724393482960058	0.07687910318485308
7,12,15	-0.0066198928820311725	0.01090412199620374	0.5437889217830068	-0.04942187739059412	0.03618209162653178
7,13,14	0.006886128239834005	0.010904404188567154	0.5277184340370805	-0.035916963959304264	0.049689220438972274
7,13,15	-0.015190303154827223	0.010903854528773186	0.16359545479717624	-0.057991237772640314	0.02761063146298587
7,14,15	0.03309013329293645	0.010904673166140997	0.002411392603456906	-0.009714014724721894	0.07589428131059478
8,9,10	-0.11074594306388212	0.010907052812225964	3.480854691509314e-24	-0.15355943191383306	-0.06793245421393118
8,9,11	0.0989340286164748	0.010905950765143413	1.2398122110538627e-19	0.056124865635417416	0.14174319159753218
8,9,12	-0.006660441747007223	0.010904963062753117	0.5413552250133797	-0.04946572769675266	0.03614484420273821
8,9,13	-0.000650240018353343	0.010904781416186964	0.9524515880086404	-0.04345481295025899	0.042154332913552306
8,9,14	0.04546592476110323	0.010905607119967017	3.067046623905957e-05	0.002658110691542044	0.08827373883066442
8,9,15	0.004003904584265194	0.010905981081691623	0.7135250930460686	-0.038805377398434614	0.046813186566965
8,10,11	0.22580299780376017	0.010906476374354716	1.3833170914112281e-94	0.1829917716472057	0.26861422396031465
8,10,12	-0.025647808782520043	0.010905797203425792	0.018691019659794764	-0.06845636898728227	0.017160751422242188
8,10,13	-0.021692889973832737	0.010905528922338443	0.04669173561156699	-0.06450039709399552	0.021114617146330047
8,10,14	-0.03788934989236606	0.010906580439395264	0.0005134726321293283	-0.08070098453575283	0.004922284751020717
8,10,15	0.01500453534009974	0.01090777405108544	0.16896097671301907	-0.02781178459102409	0.05782085527122357
8,11,12	0.035569451293158666	0.010904929025968001	0.001108343185612284	-0.007235701051886659	0.07837460363820399
8,11,13	0.002468887995093594	0.010904393440517376	0.820882295826295	-0.040334162014690936	0.04527193800487812
8,11,14	0.0317918642725146	0.010905496691502663	0.0035569549081180245	-0.011015516331846713	0.07459924487687591
8,11,15	-0.008731461318249506	0.010905778825314806	0.42335366487802384	-0.05153994938335464	0.03407702674685563
8,12,13	-0.006027495529869975	0.01090423860291664	0.5804273950021914	-0.048829937755131336	0.036774946695391386
8,12,14	-0.0045673271633646095	0.010904252551869083	0.675323202330028	-0.04736982414249304	0.038235169815763824
8,12,15	0.03582518852777686	0.01090519016861009	0.0010203979624442594	-0.006980988881306188	0.0786313659368599
8,13,14	-0.02760555791534086	0.01090430064626245	0.011358502901504917	-0.07040824367954347	0.01519712784886175
8,13,15	0.000435355294881562	0.010904714754257663	0.9681543030607089	-0.04236895596874247	0.04323966655850559
8,14,15	0.03165409362437599	0.010905995458694374	0.0037051556363442498	-0.011155244792418126	0.0744634320411701
9,10,11	-0.09799232382254613	0.010905585265310134	2.715852578998113e-19	-0.14080005210595364	-0.05518459553913863
9,10,12	-0.004681717104776717	0.010904775160731111	0.6676880409251555	-0.047486265482121745	0.03812283127256831
9,10,13	0.011897600227826044	0.01090468606472971	0.27525755319221634	-0.030906598420703306	0.054701798876355394
9,10,14	-0.05828079410048015	0.010905734177992102	9.152609822634657e-08	-0.10108910691130847	-0.015472481289651827
9,10,15	0.0037506679297791834	0.01090575037435619	0.7309113596843765	-0.039057708456688246	0.04655904431624661
9,11,12	0.02140007243309111	0.010904178575143461	0.049706497694057036	-0.02140213416496261	0.06420227903114484
9,11,13	0.00025765676184119624	0.010904311838530077	0.981148779779289	-0.042545072935404875	0.04306038645908727
9,11,14	0.05414811245928472	0.010905214341120368	6.894007489647508e-07	0.011341840165770736	0.0969543847527987
9,11,15	0.0035602169861579658	0.010904686774525149	0.7440595934395952	-0.039243984448533664	0.046364418420849596
9,12,13	0.004911353234100135	0.010903551564445248	0.6523991354900769	-0.0378883921568797	0.04771109862507997
9,12,14	0.012280829935218965	0.01090410532944813	0.260065181443722	-0.03052108915127555	0.05508274902171348
9,12,15	-0.0040707084534313265	0.010904185032313418	0.7089156769050333	-0.04687294039783467	0.03873152349097202
9,13,14	-0.0029113709857833264	0.010903932560341683	0.7894694351410497	-0.045712611901158676	0.03988986992959202
9,13,15	0.005144275779432619	0.010903903553650311	0.6370850060329133	-0.03765685127588548	0.04794540283475072
9,14,15	-0.01672521660049625	0.010904893452502097	0.1251049548047415	-0.05953022930890352	0.026079796107911016
10,11,12	0.03201732715774294	0.010904450674663597	0.003325329372283535	-0.010785947513416501	0.07482060182890238
10,11,13	0.011873424508394487	0.010904082241261779	0.2762075966092205	-0.03092840394996923	0.0546752529667582
10,11,14	-0.03792912449573774	0.010905178012124272	0.0005056964953568055	-0.08073525418692862	0.0048770051954531365
10,11,15	-0.013878164363281043	0.010905253612613963	0.20316494448278435	-0.05668459080931286	0.028928262082750775
10,12,13	-0.008632738110470078	0.010904092287470968	0.4285433110657886	-0.051434606003250456	0.0341691297823103
10,12,14	0.016888372974840304	0.010904433737605414	0.12144903011427224	-0.025914835213231166	0.059691581162911775
10,12,15	0.01130236228873982	0.010905186169577629	0.3000138432822136	-0.031503799422928476	0.054108524000408116
10,13,14	0.006930128673430791	0.010904587020713712	0.5250912437643707	-0.03587368119730977	0.04973393854417135
10,13,15	0.015524994820119112	0.010904646323951916	0.1545419627035463	-0.02727904783380966	0.058329037474047885
10,14,15	0.013721650642982475	0.010905905513202323	0.2083340997437628	-0.029087334710487626	0.056530635996452576
11,12,13	0.012354008949022499	0.010903476359957719	0.25720865972360873	-0.030445441241544927	0.055153459139589925
11,12,14	0.0005452915970912062	0.010903817588141214	0.9601153461470797	-0.042255498017542546	0.04334608121172496
11,12,15	-0.00946603264233492	0.010904083842693526	0.38533632422190345	-0.05226786738680373	0.03333580210213389
11,13,14	-0.023209373840125537	0.010903774594543331	0.03329818724442982	-0.06600999469185373	0.019591247011602662
11,13,15	-0.008916253820225279	0.010903690703579216	0.41351870068996166	-0.0517165453744871	0.033884037734036546
11,14,15	-0.015529515884960765	0.010904548617785902	0.1544182382879627	-0.05833317501256751	0.02727414324264598
12,13,14	-0.004788941916862716	0.010903332183184086	0.6605064673836948	-0.047587826169885265	0.038009942336159834
12,13,15	0.017948929256195935	0.010903635485196676	0.09974460953863513	-0.02485114554917451	0.06074900406156638
12,14,15	-0.1793621272970805	0.01090396729789808	1.523809730577472e-60	-0.2221635045678957	-0.13656075002626533
13,14,15	-0.009732490786734938	0.01090380701949142	0.37209042374301515	-0.052533238916214274	0.0330682573427444
