Params: 	137
Performance: 	0.9038728057052681
Term	Coefficient	Standard Error	p-value	95% CI lower	95% CI upper
Intercept	5.881702992333293
1	-0.06678123200428805	0.010453118445946924	1.685020519982189e-10	-0.10404024711088278	-0.02952221689769332
2	-0.03761370632228116	0.010459213002559385	0.00032310687746059223	-0.07489444481965787	-0.0003329678249044399
3	0.5056182098969705	0.0104585120544196	0.0	0.4683399698537598	0.5428964499401812
4	-0.19328496859648486	0.01045010391523016	3.505283578111112e-76	-0.23053323873294498	-0.15603669846002474
5	-0.09539780593924549	0.010461166004840042	7.776219618551113e-20	-0.1326855057029519	-0.058110106175539064
6	-0.006482218741012958	0.010455681143761426	0.5352790928087685	-0.043750368308015646	0.03078593082598973
7	-0.10510945591042715	0.010454323707888537	9.16949270927174e-24	-0.1423727670434299	-0.0678461447774244
8	0.20544954760743264	0.010456099611130372	1.0562739970021504e-85	0.168179906458554	0.2427191887563113
9	-0.012735017079952695	0.01045056928387482	0.2230022023610693	-0.04998494597283572	0.024514911812930324
10	0.07432279824310431	0.010458368754762998	1.202181419813453e-12	0.037045068976089036	0.11160052751011959
11	-0.1523532946279204	0.010483814920852121	9.01094734617024e-48	-0.18972172401391188	-0.11498486524192894
12	0.0408339104757938	0.010455821151999244	9.417485691661632e-05	0.0035652618645035314	0.07810255908708408
13	0.027889499104775364	0.01045320708055551	0.007631588621586993	-0.00936983193033748	0.0651488301398882
14	0.023255993926331396	0.010453658759827938	0.026106506963297034	-0.0140049470709111	0.06051693492357389
15	-0.07702576227893548	0.010456845729583235	1.7783407231387466e-13	-0.11429806288669717	-0.0397534616711738
16	-0.1565137843962053	0.01045447501193088	1.3823554365417719e-50	-0.19377763483617455	-0.11924993395623606
1,2	0.14924785194893883	0.0052358247800140725	1.2891697628766813e-177	0.13058531831528733	0.16791038558259033
1,3	0.0032565621378564877	0.0052360647318891495	0.5339779901586368	-0.015406826778415657	0.021919951054128632
1,4	0.0013205217527072544	0.005236109545769347	0.8008909831881362	-0.017343026897815285	0.019984070403229796
1,5	0.05356112633001395	0.005235978830521477	1.5282840255982961e-24	0.034898043599916995	0.0722242090601109
1,6	-0.003456928220566201	0.005235805772799289	0.5090973059152741	-0.022119394105047305	0.015205537663914902
1,7	-0.00010214791767535847	0.005235896329796258	0.9844349934588338	-0.018764936582820965	0.018560640747470245
1,8	-0.01952964478327467	0.00523594328394972	0.00019170525325390878	-0.03819260081144426	-0.00086668875510508
1,9	-0.010249027871882465	0.005235867794875641	0.05029713193392738	-0.02891171482737618	0.008413659083611249
1,10	0.006036039699712427	0.0052358842939954995	0.24898795366380563	-0.012626706065117392	0.024698785464542246
1,11	0.19484055924553678	0.005236448219433091	7.631936222976025e-300	0.17617580342920827	0.2135053150618653
1,12	-0.0043457302258302815	0.005235834581591617	0.40654320372370767	-0.0230082987961495	0.01431683834448894
1,13	0.0007219282190107289	0.005235785678317888	0.8903329570243095	-0.0179404660408552	0.01938432247887666
1,14	0.0048781369432518325	0.005235789054738034	0.35149978615554966	-0.013784269351500133	0.023540543238003798
1,15	0.0009187871554609846	0.005235830583990843	0.8607024947276802	-0.01774376716584074	0.01958134147676271
1,16	0.009911730660079133	0.005235845379179677	0.05835534940745461	-0.008750876397080042	0.02857433771723831
2,3	-0.026919733922045656	0.00523609372104775	2.738045847942303e-07	-0.04558322616705207	-0.008256241677039238
2,4	-0.016689322381157362	0.005236118072249407	0.0014365314490504552	-0.035352901423399946	0.0019742566610852184
2,5	-0.06747874592177845	0.00523599851084833	5.899856465260391e-38	-0.0861418988002813	-0.04881559304327561
2,6	0.007994409898489017	0.005235805305602343	0.126797492579818	-0.010668054320718885	0.02665687411769692
2,7	0.03188784817319112	0.005235897540233694	1.133798031253889e-09	0.01322505519357161	0.050550641152810626
2,8	0.006134451673587486	0.005235988713928456	0.24136452588114055	-0.012528666284849395	0.02479756963202437
2,9	0.010839137069090354	0.0052359000944080525	0.03844158308877427	-0.00782366501460862	0.029501939152789328
2,10	-0.0024270543498569417	0.005235911716568082	0.6429789377280142	-0.02108989785949386	0.01623578915977998
2,11	0.24865419283419682	0.005236487476420533	0.0	0.2299892970905638	0.2673190885778299
2,12	0.01781813584131165	0.0052358278789708355	0.0006666218462710214	-0.0008444088382375363	0.03648068052086084
2,13	0.0008211377191660642	0.005235793045233057	0.8753780710680904	-0.017841282799275715	0.01948355823760784
2,14	0.0026567463527210674	0.005235776632367768	0.611860742201608	-0.016005615663829728	0.02131910836927186
2,15	0.003843444511482219	0.005235856179284742	0.46291345191138944	-0.014819201041488504	0.022506090064452942
2,16	0.0362653304763468	0.00523583038491598	4.357862516837715e-12	0.01760277686462599	0.05492788408806761
3,4	-0.11491285450455097	0.005236637966385543	2.4256042419196705e-106	-0.1335782866534595	-0.09624742235564243
3,5	-0.36725813995175083	0.005236368019260814	0.0	-0.3859226099032012	-0.34859367000030045
3,6	0.0072913253511142	0.005236015668853025	0.16376581445815067	-0.011371888685248797	0.025954539387477195
3,7	0.003933392088175235	0.005236201894935985	0.45253995728971275	-0.014730485731007607	0.022597269907358077
3,8	-0.1707438644618994	0.005236454900797332	2.5306473522357148e-231	-0.1894086440932313	-0.1520790848305675
3,9	-0.014827275438761273	0.005236167706872409	0.004631506928638999	-0.03349103139827288	0.0038364805207503298
3,10	-0.228901573298601	0.005236312681716963	0.0	-0.2475658460053351	-0.2102373005918669
3,11	0.6558759257846901	0.005237000569774583	0.0	0.6372092011750465	0.6745426503943337
3,12	0.020837612096218136	0.005236105868605104	6.910649012738869e-05	0.0021740765525515814	0.03950114763988469
3,13	-0.003538511221023514	0.005236012440914256	0.49916835884085287	-0.02220171375174635	0.015124691309699324
3,14	-0.0008538209158250125	0.005236003378747163	0.8704659596686817	-0.019516991145429066	0.017809349313779043
3,15	0.009772541681000044	0.0052360672564832405	0.06199140719543532	-0.00889085623391589	0.028435939595915977
3,16	0.022023053070117066	0.0052361455561883	2.6031924711275022e-05	0.0033593760643337786	0.04068673007590035
4,5	0.7433298414986257	0.005236507680848094	0.0	0.7246648737384862	0.7619948092587652
4,6	0.0038219237245171295	0.005236086239987401	0.4654417781237603	-0.014841541855055233	0.02248538930408949
4,7	0.04413662360171075	0.005236263772112024	3.5562060841395286e-17	0.025472525227996864	0.06280072197542463
4,8	-0.07852004274275176	0.005236448702286316	9.65683017656733e-51	-0.09718480028015859	-0.05985528520534493
4,9	-0.004179619250105496	0.005236234902113386	0.4247511107421543	-0.022843614719817967	0.014484376219606973
4,10	-0.08597817494846678	0.005236292306479472	1.8359115113926606e-60	-0.10464237502986085	-0.06731397486707272
4,11	-0.0832424126171937	0.005237147092236874	8.856077403806321e-57	-0.10190965949037652	-0.06457516574401088
4,12	0.008482134868685145	0.005236161237925517	0.10525547908793834	-0.010181598032961843	0.027145867770332135
4,13	-0.006009195235927595	0.005236067020110756	0.2511155299572137	-0.02467259230831926	0.012654201836464068
4,14	-0.0041093662864127595	0.005236065721518265	0.4325623104634514	-0.022772758730111323	0.014554026157285805
4,15	0.0037356810093638728	0.0052361359312270645	0.47557467039564316	-0.01492796168928151	0.022399323708009254
4,16	0.016744271832564096	0.005236166229418331	0.001385416730424446	-0.0019194788607215414	0.035408022525849736
5,6	0.002913393858286228	0.005235941418605522	0.5779242211225588	-0.015749555521064825	0.02157634323763728
5,7	0.04421126379132294	0.0052361150004157095	3.142062880095863e-17	0.025547695698300798	0.06287483188434508
5,8	-0.13239105476618857	0.005236193299823057	2.3330391081378196e-140	-0.1510549019490169	-0.11372720758336023
5,9	-0.018770970195226423	0.00523608767428317	0.0003374266848121006	-0.03743444088719161	-0.00010749950326123525
5,10	0.03799514569958806	0.0052361183897324266	4.021118313343347e-13	0.019331565525711445	0.05665872587346468
5,11	0.7351352221964624	0.005236831820846059	0.0	0.7164690990742036	0.7538013453187212
5,12	0.0020899907182601414	0.005236025270829477	0.6897796095216427	-0.016573257543313975	0.02075323897983426
5,13	0.005672779675823198	0.005235951312069183	0.27862225454418565	-0.012990204967713744	0.024335764319360142
5,14	0.008615542516211602	0.005235925946859042	0.09987844970065173	-0.010047351715765127	0.02727843674818833
5,15	-0.0010125306528188669	0.005236016795367991	0.8466635233193631	-0.019675748704523155	0.017650687398885423
5,16	0.04245664840785368	0.005235995297142402	5.209289573207814e-16	0.02379350698425957	0.06111978983144779
6,7	0.005805216351190395	0.005235869133752258	0.26754659424920924	-0.01285747537658485	0.02446790807896564
6,8	-0.004897625413553929	0.005235915862909016	0.3495906473377164	-0.02356048370237663	0.01376523287526877
6,9	-0.0042490842460662205	0.005235858897658666	0.4170613333848995	-0.022911739488388077	0.014413570996255638
6,10	0.019202904055162718	0.0052358570326515	0.00024505747072547457	0.0005402554604580778	0.03786555264986736
6,11	0.06634830702462678	0.005236422381479197	9.527027607212858e-37	0.0476836433049027	0.08501297074435087
6,12	0.0065960931429196	0.0052358095920552765	0.207744685934032	-0.012066386354888214	0.025258572640727416
6,13	0.0005852946504470318	0.005235775459512113	0.9109921861311643	-0.018077063185586075	0.01924765248648014
6,14	0.0009153914386239289	0.005235773691585691	0.8612105933883407	-0.017746960095825815	0.019577742973073676
6,15	-0.003051886966709542	0.005235845544845293	0.5599738970486587	-0.02171449461436597	0.015610720680946884
6,16	0.0003778628627475614	0.005235820947047377	0.9424678061363733	-0.018284657108706887	0.019040382834202008
7,8	0.10149657913973342	0.0052360595587516295	1.8169214239598416e-83	0.08283320866255292	0.12015994961691392
7,9	0.0182512222819688	0.0052359986949350665	0.0004911416454572731	-0.00041193125269138944	0.036914375816628986
7,10	0.0986441269392537	0.005236007931879831	5.837959014725989e-79	0.07998094048049853	0.11730731339800887
7,11	0.14749981503770934	0.005236585536694388	1.6718435554034234e-173	0.1288345697687893	0.1661650603066294
7,12	0.0014308916378466515	0.0052359824923091745	0.7846385194475878	-0.017232204144298248	0.02009398741999155
7,13	-0.0001431427781671626	0.0052358732986302345	0.9781895516522455	-0.018805849351201477	0.018519563794867154
7,14	0.004424151977948621	0.005235869510756881	0.3981307970389414	-0.014238541093619004	0.023086845049516247
7,15	-0.030850802569951638	0.005235967474713109	3.832238976444995e-09	-0.049513844823492456	-0.012187760316410817
7,16	0.061661076650419165	0.005235911818075711	5.559357129821739e-32	0.042998232778969234	0.0803239205218691
8,9	-0.034148830908032016	0.00523605129039443	6.994889458720274e-11	-0.05281217191354362	-0.015485489902520414
8,10	-0.0939013507376819	0.00523612445055575	9.67832105170349e-72	-0.11256495251471062	-0.07523774896065318
8,11	0.5411462366030734	0.005236724103314898	0.0	0.5224804974283555	0.5598119757777913
8,12	0.0014017970400675823	0.005236000071343038	0.7889134899844943	-0.01726136140065061	0.02006495548078577
8,13	-0.02682914069978243	0.0052359441995492905	2.999320197879374e-07	-0.04549209999150809	-0.008166181408056767
8,14	-0.0035974645032732606	0.005235923203373651	0.49203883270744364	-0.022260348956391732	0.01506541994984521
8,15	0.029857463253291944	0.005235981205375972	1.1867291647852195e-08	0.011194372058281866	0.04852055444830202
8,16	0.007639917906069703	0.0052360737527998545	0.14454441808561289	-0.011023503164267276	0.02630333897640668
9,10	0.15726405237075658	0.005235993329062793	7.819981386111898e-197	0.1386009179621703	0.17592718677934285
9,11	0.17240772997798332	0.005236536479586149	9.096039018603082e-236	0.1537426595678431	0.19107280038812352
9,12	-0.013963433762809046	0.005235935483927989	0.007658584910854339	-0.03262636198864108	0.00469949446302299
9,13	-0.002807549162770334	0.0052358525494227105	0.591810961244746	-0.02147018177748871	0.01585508345194804
9,14	-0.00180133521241479	0.0052358644996487996	0.7308189939036265	-0.020464010422427258	0.016861339997597674
9,15	-0.034966145240172754	0.005235939420613447	2.440104963757166e-11	-0.0536290874978962	-0.016303202982449305
9,16	0.01023980845012366	0.005235897334406732	0.05050562651817615	-0.008422983795847803	0.028902600696095123
10,11	0.5544584960663645	0.005236698439261316	0.0	0.535792848368402	0.5731241437643271
10,12	-0.0205056039967641	0.005235904977213786	8.999451334509879e-05	-0.03916842348469833	-0.0018427845088298707
10,13	-0.027978355840741567	0.0052358522496396285	9.142151655855678e-08	-0.046640987386915425	-0.009315724294567708
10,14	0.0013724035681025942	0.005235854655094394	0.7932325119013341	-0.01729023655205576	0.020035043688260947
10,15	0.045411571914157636	0.005235963786299455	4.304170713883238e-18	0.026748542807570115	0.06407460102074516
10,16	0.041708230944698575	0.005235982145728864	1.6696380632660656e-15	0.023045136397901872	0.06037132549149528
11,12	0.030743455377551836	0.005236534129588017	4.3540695387847075e-09	0.012078393343726922	0.04940851741137675
11,13	0.012783564685837018	0.00523641074925889	0.014637818833357501	-0.005881057572090341	0.031448186943764375
11,14	0.025055480366546846	0.005236412910890444	1.7148814187603495e-06	0.0063908504037165775	0.043720110329377115
11,15	0.04929587488942303	0.005236531443498641	4.934415775670465e-21	0.03063082242987446	0.0679609273489716
11,16	0.2663008442629736	0.005236515624040791	0.0	0.24763584819017911	0.2849658403357681
12,13	-0.010888786549355895	0.0052358210421082135	0.0375596367124851	-0.02955130685964446	0.007773733760932669
12,14	0.008104880976416847	0.005235811624412369	0.12163435097592519	-0.010557605765508979	0.02676736771834267
12,15	-0.04567846415043362	0.005235893282350919	2.7455247880926194e-18	-0.06434124195328847	-0.027015686347578775
12,16	0.020343817916654443	0.00523585610228725	0.00010222958064984953	0.001681172638132989	0.039006463195175894
13,14	-0.0010151878832645065	0.005235771301329613	0.8462590076787478	-0.01967753089790385	0.017647155131374836
13,15	0.021775938634012944	0.0052358011454583225	3.1999227006473165e-05	0.0031134892431904405	0.040438388024835445
13,16	0.008882664530803781	0.005235832371114682	0.08979334947499265	-0.00977989616050843	0.027545225222115992
14,15	-0.0243999447709625	0.005235810236272798	3.1652630529329155e-06	-0.0430624265650143	-0.0057374629769107
14,16	-0.03622781019039594	0.00523582041717101	4.583469307492261e-12	-0.05489032827316313	-0.017565292107628746
15,16	0.21774478914050197	0.005235870276377571	0.0	0.19908209333996182	0.2364074849410421
