Params: 	137
Performance: 	0.956338196335881
Term	Coefficient	Standard Error	p-value	95% CI lower	95% CI upper
Intercept	9.391508500128769
1	-0.002952592066803277	0.0003460273058746317	1.458130909286641e-17	-0.004185968225374842	-0.0017192159082317117
2	0.025679904490766223	0.00034602731283022846	0.0	0.0244465283074022	0.026913280674130246
3	0.23796408188998	0.0003460273050632753	0.0	0.23673070573430044	0.23919745804565956
4	-0.004545810580651939	0.0003460273154222512	2.262755450955527e-39	-0.0057791867732549405	-0.003312434388048937
5	0.12267246009447715	0.000346027315422247	0.0	0.12143908390187416	0.12390583628708013
6	0.006814989460077574	0.0003460272994022787	4.237727995849434e-86	0.005581613324575997	0.00804836559557915
7	0.07528651994887775	0.00034602731671684134	0.0	0.07405314375166032	0.07651989614609518
8	0.12265888339149639	0.0003460273167168425	0.0	0.12142550719427896	0.12389225958871382
9	0.008093598276568484	0.00034602731364061565	1.6905106140947843e-120	0.006860222090315926	0.009326974462821042
10	0.08208002643747489	0.0003460273136406155	0.0	0.08084665025122233	0.08331340262372745
11	0.17895278189753783	0.00034602730393139985	0.0	0.1777194057458927	0.18018615804918295
12	0.005669891114927613	0.0003460273129935639	3.1928923799895785e-60	0.0044365149309813995	0.006903267298873827
13	0.013861767932473568	0.000346027309594704	0.0	0.012628391760642215	0.01509514410430492
14	0.0032477537279090793	0.00034602731542224464	6.434364647083469e-21	0.002014377535306101	0.0044811299205120576
15	-0.01955171697919479	0.0003460273104066266	0.0	-0.020785093153920152	-0.01831834080446943
16	0.050266496502714024	0.0003460273129935638	0.0	0.04903312031876781	0.05149987268666024
1,2	0.010607167928554498	0.00034602730441892247	6.640270900827935e-205	0.009373791775171648	0.011840544081937347
1,3	0.0006977900124001662	0.00034602731542224475	0.04374397029621409	-0.0005355861802028123	0.0019311662050031447
1,4	0.0028508254618192386	0.000346027305063283	1.7723047739560546e-16	0.0016174493061396364	0.004084201617498841
1,5	0.0014194381474749752	0.000346027305063283	4.099146461947911e-05	0.000186061991795373	0.0026528143031545777
1,6	0.0005100024511597578	0.0003460273071661027	0.1405189322415138	-0.0007233737120151133	0.001743378614334629
1,7	-0.00010802474972180717	0.0003460273050646878	0.7549004532391116	-0.0013414009054064167	0.0011253514059628023
1,8	0.00018765628259321578	0.00034602730506468787	0.5876024073114919	-0.001045719873091394	0.0014210324382778255
1,9	8.274366493499566e-05	0.00034602730587461025	0.811009662970525	-0.001150632493636493	0.0013161198235064843
1,10	0.0003106465397500202	0.0003460273058746102	0.3693213412462113	-0.0009227296188214682	0.0015440226983215086
1,11	0.001579904706147571	0.00034602729487521035	4.984071024998943e-06	0.0003465285867822298	0.002813280825512912
1,12	-0.0002784186398358014	0.0003460273065218992	0.421045011171187	-0.0015117948007144803	0.0009549575210428774
1,13	-0.00028296484828801115	0.0003460273011812117	0.41350124511899744	-0.0015163409901303984	0.0009504112935543761
1,14	0.00015070430950602648	0.0003460273050632832	0.6631812246052893	-0.0010826718461735764	0.0013840804651856294
1,15	0.00014425860478527522	0.000346027302635593	0.6767532976235071	-0.0010891175422410937	0.0013776347518116442
1,16	-0.0007424979344839589	0.00034602730652189874	0.03189432921148262	-0.001975874095362636	0.0004908782263947182
2,3	-0.007986314879226863	0.0003460273019915494	2.171281926551437e-117	-0.009219691023957609	-0.006752938734496117
2,4	-0.000983832948231643	0.00034602730975640656	0.004467359093412213	-0.002217209120639366	0.00024954322417608033
2,5	-0.006731823336479941	0.00034602730975640694	4.610398830842998e-84	-0.007965199508887666	-0.005498447164072216
2,6	7.939012111400634e-05	0.0003460273011812116	0.8185330190745569	-0.0011539860207283805	0.0013127662629563931
2,7	-0.0001238262510368307	0.00034602731299356336	0.7204559097274333	-0.0013572024349830423	0.0011095499329093809
2,8	-0.0013174582835428703	0.00034602731299356374	0.0001405736135779766	-0.002550834467489083	-8.408209959665717e-05
2,9	0.000461412335567778	0.0003460273128302364	0.18238671852117255	-0.0007719638477962727	0.0016947885189318287
2,10	-0.004906132497794867	0.0003460273128302364	1.455469415947903e-45	-0.006139508681158918	-0.0036727563144308157
2,11	-0.006046696898726087	0.0003460273063619209	3.197813829381582e-68	-0.007280073059034541	-0.004813320738417634
2,12	0.0014610730866463223	0.0003460273167168414	2.4201806885943034e-05	0.00022769688942889674	0.002694449283863748
2,13	-0.00014041386364274308	0.00034602730716610283	0.6848994181276071	-0.0013737900268176145	0.0010929622995321283
2,14	-4.402390244705352e-05	0.00034602730975640656	0.8987613882557924	-0.0012774000748547768	0.0011893522699606698
2,15	0.0013070746829636267	0.0003460273095937341	0.00015863073050392305	7.369851113573126e-05	0.002540450854791522
2,16	0.00040032608689557353	0.00034602731671684155	0.24730907952944012	-0.0008330501103218525	0.0016337022841129995
3,4	-0.03214888611034972	0.0003460273058746105	0.0	-0.03338226226892121	-0.030915509951778226
3,5	-0.04464834272374606	0.00034602730587461025	0.0	-0.04588171888231755	-0.043414966565174566
3,6	-0.0029841919927181826	0.0003460273024783257	6.598568959533499e-18	-0.0042175681391839895	-0.0017508158462523757
3,7	-0.008405103218735607	0.000346027305225303	9.363843865000076e-130	-0.00963847937499271	-0.0071717270624785025
3,8	-0.028614297989484835	0.00034602730522530326	0.0	-0.02984767414574194	-0.02738092183322773
3,9	0.0008360782438000523	0.000346027305063283	0.01568528501701624	-0.00039729791187954997	0.0020694543994796543
3,10	-0.028766544868130482	0.0003460273050632833	0.0	-0.029999921023810085	-0.02753316871245088
3,11	-0.05432232021661289	0.0003460272992409478	0.0	-0.05555569635153942	-0.05308894408168636
3,12	0.006876571903900716	0.0003460273005364744	1.268356163681901e-87	0.005643195764356424	0.008109948043445009
3,13	-0.001679161444682149	0.0003460272968144665	1.2208118220864998e-06	-0.002912537570959755	-0.00044578531840454316
3,14	0.00036019897938130777	0.00034602730587461	0.29790011429936725	-0.00087317717919018	0.0015935751379527955
3,15	0.007451019062517224	0.0003460272992407902	1.7365007116158186e-102	0.0062176429275912545	0.008684395197443193
3,16	-0.0036460397505549864	0.0003460273005364746	6.128691432362285e-26	-0.00487941589009928	-0.002412663611010693
4,5	0.15794410017504518	0.0003460273136406153	0.0	0.15671072398879263	0.15917747636129773
4,6	0.0006465661007533825	0.00034602729859458943	0.06169120624380303	-0.0005868100318692751	0.0018799422333760402
4,7	-0.00344973304808839	0.00034602731299392055	2.1531556685962978e-23	-0.004683109232035874	-0.002216356864140905
4,8	-0.010002805349332592	0.0003460273129939206	1.3625421657506811e-182	-0.011236181533280078	-0.008769429165385107
4,9	-0.0005904383717301072	0.0003460273154222444	0.08795055259668379	-0.0018238145643330846	0.0006429378208728702
4,10	-0.015213974967453981	0.0003460273154222447	0.0	-0.01644735116005696	-0.013980598774851003
4,11	-0.006644968135152241	0.00034602730959373395	5.813361713299488e-82	-0.007878344306980136	-0.005411591963324346
4,12	-0.0016711551855576453	0.0003460273089451773	1.3715285523216143e-06	-0.0029045313550738316	-0.0004377790160414593
4,13	-0.0006270622499534272	0.00034602731105454903	0.06996365247788555	-0.001860438426988236	0.0006063139270813817
4,14	-0.000444611650106487	0.0003460273136406157	0.19883061571068927	-0.0016779878363590453	0.0007887645361460713
4,15	-0.0010137534754282376	0.00034602730636192124	0.00339415186135623	-0.0022471296357366925	0.00021962268488021726
4,16	-0.0016594801132294198	0.00034602730894517755	1.623774086439113e-06	-0.002892856282745607	-0.0004261039437132327
5,6	-0.00155190604185755	0.0003460272985945891	7.306394358810332e-06	-0.0027852821744802064	-0.00031852990923489366
5,7	-0.0004733440174069896	0.0003460273129939204	0.1713360876822451	-0.0017067202013544738	0.0007600321665404946
5,8	-0.014187513997359336	0.00034602731299392055	0.0	-0.015420890181306822	-0.012954137813411851
5,9	-0.002027874416229222	0.0003460273154222442	4.638314840291155e-09	-0.0032612506088321985	-0.0007944982236262454
5,10	0.004549688870878664	0.00034602731542224426	1.9519441846653445e-39	0.0033163126782756874	0.0057830650634816405
5,11	-0.0119007220994303	0.0003460273095937336	6.515882228090374e-257	-0.013134098271258193	-0.010667345927602406
5,12	0.002081136505478153	0.00034602730894517706	1.8154174796005384e-09	0.0008477603359619678	0.0033145126749943386
5,13	-0.00028105136813509103	0.0003460273110545491	0.4166665953808898	-0.0015144275451699002	0.0009523248088997181
5,14	0.00042573950862186995	0.0003460273136406153	0.21856529825875914	-0.000807636677630687	0.001659115694874427
5,15	0.0031089927637190894	0.00034602730636192097	2.6585563182027425e-19	0.0018756166034106353	0.004342368924027543
5,16	-0.0003419344555401476	0.00034602730894517717	0.3230721348303104	-0.0015753106250563332	0.000891441713976038
6,7	-0.0005047617527184963	0.00034602729924094815	0.1446431639712865	-0.0017381378876450283	0.0007286143822080357
6,8	-0.00023328566360397707	0.00034602729924094794	0.5001974678825394	-0.0014666617985305082	0.001000090471322554
6,9	-3.392817689124375e-05	0.00034602729940227543	0.9218924314843628	-0.001267304312392809	0.0011994479586103215
6,10	0.004284819201453575	0.00034602729940227516	3.5425284175369033e-35	0.0030514430659520104	0.005518195336955139
6,11	1.440343333634908e-05	0.0003460273052253034	0.9667976627531489	-0.001218972722920757	0.001247779589593455
6,12	-0.0002944238551342293	0.00034602730263559307	0.39484532250145243	-0.0015278000021605985	0.0009389522918921399
6,13	0.00011531201479411321	0.00034602730441892236	0.738950102889951	-0.0011180641385887366	0.001348688168176963
6,14	0.00014870040131390733	0.00034602729859458927	0.6673890791195387	-0.0010846757313087497	0.0013820765339365643
6,15	3.145365039678924e-05	0.0003460273065218988	0.9275728608187932	-0.0012019225104818881	0.0012648298112754666
6,16	-0.0006574652347760591	0.00034602730263559334	0.05743244744240904	-0.0018908413818024294	0.0005759109122503111
7,8	-0.002663990995276644	0.00034602731364061516	1.392814419333763e-14	-0.0038973671815292	-0.0014306148090240875
7,9	-0.001064653993709662	0.0003460273167168415	0.0020932785346725507	-0.002298030190927088	0.00016872220350776387
7,10	-0.005068357546037666	0.0003460273167168413	1.6741499483600515e-48	-0.0063017337432550915	-0.0038349813488202412
7,11	-0.02768104627041874	0.00034602730247832553	0.0	-0.028914422416884546	-0.026447670123952934
7,12	-0.005304139732590699	0.0003460273128302363	6.083136895312968e-53	-0.00653751591595475	-0.004070763549226648
7,13	-0.0012141796127413795	0.00034602731040662597	0.00045024479433122	-0.002447555787466738	1.9196561983979288e-05
7,14	7.726745840984893e-05	0.0003460273129939207	0.8233037156541418	-0.0011561087255376366	0.0013106436423573344
7,15	-0.005394472677633502	0.00034602730959470377	1.0729108335408732e-54	-0.006627848849464854	-0.004161096505802151
7,16	0.0009874612886972174	0.00034602731283023676	0.004322564976445983	-0.0002459148946668346	0.0022208374720612692
8,9	-0.005193803479235908	0.00034602731671684155	7.699151651818421e-51	-0.006427179676453334	-0.003960427282018482
8,10	0.012219873777577167	0.00034602731671684166	1.248271848885953e-270	0.01098649758035974	0.013453249974794593
8,11	0.014071345477282794	0.00034602730247832526	0.0	0.012837969330816988	0.0153047216237486
8,12	0.001606545243751055	0.0003460273128302367	3.44339385766551e-06	0.00037316906038700314	0.0028399214271151068
8,13	-0.003606628794396091	0.00034602731040662597	2.0394349413809944e-25	-0.00484000496912145	-0.0023732526196707324
8,14	0.00010236768778412036	0.0003460273129939205	0.7673554921432473	-0.0011310084961633643	0.001335743871731605
8,15	0.0029998694333184354	0.00034602730959470404	4.439045071223779e-18	0.001766493261487083	0.004233245605149788
8,16	6.857451486719235e-05	0.0003460273128302365	0.8429075143004291	-0.0011648016684968586	0.0013019506982312433
9,10	0.006628699243362509	0.00034602731364061527	1.4286542213734188e-81	0.005395323057109953	0.007862075429615065
9,11	0.0027507164608285284	0.00034602730393139974	1.903584998386128e-15	0.0015173403091833992	0.003984092612473658
9,12	-0.003968337514722305	0.00034602731299356363	2.036132915024405e-30	-0.005201713698668518	-0.0027349613307760924
9,13	-1.9932241635052528e-05	0.00034602730959470404	0.9540649657295712	-0.001253308413466405	0.0012134439301963
9,14	-0.0007771040866165445	0.0003460273154222444	0.024720898143894762	-0.002010480279219522	0.0004562721059864329
9,15	-0.0013788606971319832	0.000346027310406626	6.760103544927315e-05	-0.002612236871857342	-0.00014548452240662423
9,16	0.0019853208895579547	0.00034602731299356374	9.652482261772234e-09	0.0007519447056117416	0.0032186970735041676
10,11	0.009060888763648476	0.00034602730393140023	2.3302481836901267e-150	0.007827512612003346	0.010294264915293606
10,12	0.003388897110709447	0.00034602731299356363	1.2417138592323577e-22	0.002155520926763234	0.00462227329465566
10,13	-0.0016999528688924972	0.000346027309594704	9.001472222655382e-07	-0.00293332904072385	-0.00046657669706114493
10,14	0.00026129262510820976	0.0003460273154222445	0.4501788735280673	-0.0009720835674947679	0.0014946688177111874
10,15	0.0033372584076944937	0.00034602731040662613	5.36467359247365e-22	0.0021038822329691345	0.004570634582419852
10,16	0.00038198425192340416	0.0003460273129935636	0.26963468690260456	-0.0008513919320228083	0.0016153604358696166
11,12	-0.004105843510322617	0.0003460273110545486	1.9272002759152855e-32	-0.0053392196873574245	-0.0028724673332878098
11,13	-0.0028379395305577343	0.0003460273089451772	2.416886266599291e-16	-0.00407131570007392	-0.0016045633610415485
11,14	0.0014903550100152825	0.0003460273095937338	1.6569118508529846e-05	0.00025697883818738836	0.002723731181843177
11,15	0.004110708937462574	0.00034602730975640645	1.6295787765803998e-32	0.002877332765054851	0.005344085109870297
11,16	0.00304295875032975	0.0003460273110545486	1.4777022748146828e-18	0.0018095825732949425	0.004276334927364557
12,13	0.0005004173217737357	0.00034602730959373395	0.14813188145319536	-0.0007329588500541591	0.0017337934936016305
12,14	4.294394754198079e-05	0.00034602730894517744	0.9012319982518602	-0.001190432221974206	0.0012763201170581675
12,15	-0.0062515937287268356	0.00034602730716610304	8.760682150070675e-73	-0.007484969891901708	-0.005018217565551963
12,16	0.0023303560115595784	0.0003460273136406153	1.6573412154364736e-11	0.0010969798253070214	0.0035637321978121356
13,14	-0.0010995778624034724	0.0003460273110545488	0.0014850712140801318	-0.0023329540394382807	0.00013379831463133582
13,15	0.006312481565340989	0.0003460273167168411	3.6137581799826586e-74	0.005079105368123565	0.0075458577625584135
13,16	-0.0017773726593050543	0.00034602730959373357	2.806892154711169e-07	-0.0030107488311329478	-0.0005439964874771608
14,15	-0.000788569422355001	0.000346027306361921	0.022674879508212464	-0.0020219455826634555	0.0004448067379534532
14,16	-0.00391752866857451	0.00034602730894517706	1.0952486521716572e-29	-0.005150904838090695	-0.0026841524990583246
15,16	0.030379106217636342	0.0003460273071661028	0.0	0.02914573005446147	0.03161248238081121
