Params: 	137
Performance: 	0.9564756248884515
Term	Coefficient	Standard Error	p-value	95% CI lower	95% CI upper
Intercept	9.390136787302676
1	-0.002984177952549346	0.0003428913639844678	3.3062326753882725e-18	-0.004206376392205875	-0.0017619795128928175
2	0.025553856401397162	0.00034289137087702804	0.0	0.024331657937172863	0.02677605486562146
3	0.23690604938505322	0.0003428913631804645	0.0	0.23568385094826247	0.23812824782184397
4	-0.004348350921129717	0.0003428913734455601	8.283557042736703e-37	-0.005570549394509265	-0.0031261524477501686
5	0.12180262210809739	0.00034289137344555595	0.0	0.12058042363471785	0.12302482058147693
6	0.006739327917577763	0.0003428913575707718	9.382987510963873e-86	0.005517129500782146	0.00796152633437338
7	0.0739590979875327	0.00034289137472841774	0.0	0.07273689950958054	0.07518129646548485
8	0.12179754042802272	0.0003428913747284188	0.0	0.12057534195007057	0.12301973890597488
9	0.007754443781997064	0.00034289137168007095	8.400345342824317e-113	0.0065322453149104075	0.00897664224908372
10	0.08190802349009771	0.0003428913716800708	0.0	0.08068582502301105	0.08313022195718436
11	0.17758504466276814	0.0003428913620588469	0.0	0.17636284622997528	0.178807243095561
12	0.005024981219585099	0.0003428913710388832	1.5006773874213725e-48	0.003802782754783885	0.006247179684386313
13	0.013829063445994808	0.0003428913676708262	0.0	0.012606864993198661	0.015051261898790955
14	0.003154030062961638	0.00034289137344555357	3.7385370480411783e-20	0.001931831589582113	0.0043762285363411636
15	-0.01989771598920761	0.00034289136847539056	0.0	-0.02111991444487154	-0.018675517533543684
16	0.04949305647539289	0.0003428913710388831	0.0	0.04827085801059168	0.050715254940194104
1,2	0.010493166914055954	0.0003428913625419512	3.209113593112185e-204	0.009270968479541116	0.011715365348570792
1,3	0.0007157896540207504	0.0003428913734455537	0.03684579183975954	-0.0005064088193587751	0.001937988127400276
1,4	0.002861085051478099	0.00034289136318047214	7.320089289350197e-17	0.001638886614687324	0.004083283488268873
1,5	0.0013946611495109108	0.0003428913631804721	4.760529726258602e-05	0.00017246271272013613	0.002616859586301685
1,6	0.0004964584165584214	0.0003428913652642346	0.1476612273619826	-0.0007257400276596947	0.0017186568607765376
1,7	-0.0001059019287701999	0.0003428913631818642	0.7574367691011322	-0.0013281003655659365	0.0011162965080255367
1,8	0.00019352548414199727	0.00034289136318186426	0.5724886394705837	-0.0010286729526537395	0.001415723920937734
1,9	8.559459404618858e-05	0.0003428913639844466	0.8028773865638895	-0.0011366038456102645	0.0013077930337026416
1,10	0.0003000607606950638	0.0003428913639844465	0.38152822001181075	-0.0009221376789613888	0.0015222592003515164
1,11	0.0015822894356504434	0.0003428913530847309	3.946936558439797e-06	0.0003600910348448246	0.002804487836456062
1,12	-0.0002828405914824198	0.00034289136462586933	0.40944875397642644	-0.0015050390334251534	0.0009393578504603138
1,13	-0.00027751142896806705	0.00034289135933358286	0.41832969937802233	-0.0014997098520470294	0.0009446869941108953
1,14	0.0001540210459446134	0.00034289136318047225	0.6533009812107821	-0.0010681773908461617	0.0013762194827353885
1,15	0.00013066750070658134	0.0003428913607747836	0.7031484558520812	-0.0010915309275093819	0.0013528659289225445
1,16	-0.0007324107435318673	0.00034289136462586884	0.032684355151301706	-0.001954609185474599	0.0004897876984108645
2,3	-0.007750060080879544	0.0003428913601365767	1.1196613633062758e-112	-0.00897225850682069	-0.006527861654938399
2,4	-0.0009915587027199638	0.0003428913678310633	0.0038321965820084045	-0.002213757156087258	0.00023063975064733003
2,5	-0.0066200490704754564	0.0003428913678310637	8.054503109803667e-83	-0.007842247523842752	-0.0053978506171081615
2,6	9.122668907617787e-05	0.00034289135933358275	0.7902005457092227	-0.001130971734002784	0.0013134251121551398
2,7	-9.843193164928848e-05	0.00034289137103888273	0.7740638617347115	-0.0013206303964505008	0.0011237665331519239
2,8	-0.0012878616892434067	0.00034289137103888306	0.00017287739121632417	-0.00251006015404462	-6.566322444219322e-05
2,9	0.0004687927495571082	0.0003428913708770359	0.17157493989404365	-0.000753405714667219	0.0016909912137814355
2,10	-0.004875323083764035	0.0003428913708770359	8.26083666159299e-46	-0.006097521547988362	-0.0036531246195397075
2,11	-0.0059843287515477725	0.00034289136446734086	4.699268498279448e-68	-0.007206527192925449	-0.004762130310170096
2,12	0.0014768910971308408	0.0003428913747284178	1.655979961441925e-05	0.00025469261917868786	0.002699089575082994
2,13	-0.00015160591453301786	0.00034289136526423466	0.6583895184108914	-0.0013738043587511342	0.0010705925296850985
2,14	-5.2404549257081476e-05	0.0003428913678310633	0.8785317491611191	-0.0012746030026243753	0.0011697939041102124
2,15	0.0013144039820551087	0.00034289136766986505	0.00012655615388710233	9.220552926238819e-05	0.0025366024348478294
2,16	0.0004189010119954144	0.00034289137472841795	0.22183584964890501	-0.0008032974659567392	0.001641099489947568
3,4	-0.031936925162335046	0.0003428913639844468	0.0	-0.0331591236019915	-0.030714726722678592
3,5	-0.043875772939949875	0.0003428913639844466	0.0	-0.045097971379606326	-0.042653574500293424
3,6	-0.0029594783454037696	0.00034289136061894145	6.218301031718923e-18	-0.00418167677306425	-0.0017372799177432885
3,7	-0.008117042224631383	0.0003428913633410238	2.302836322983127e-123	-0.009339240661994427	-0.006894843787268339
3,8	-0.028233136888912977	0.00034289136334102405	0.0	-0.029455335326276023	-0.02701093845154993
3,9	0.0009440849532838394	0.00034289136318047214	0.005901294778336077	-0.0002781134835069354	0.0021662833900746143
3,10	-0.028536947573152623	0.00034289136318047236	0.0	-0.029759146009943397	-0.027314749136361848
3,11	-0.05360787256379522	0.00034289135741090296	0.0	-0.054830070980021	-0.052385674147569436
3,12	0.006924480094160178	0.00034289135869468865	2.0724318240525117e-90	0.005702281673358484	0.008146678514961873
3,13	-0.0016354237880020113	0.0003428913550064122	1.8507175487481408e-06	-0.002857622195657251	-0.0004132253803467716
3,14	0.00037106089058969866	0.00034289136398444627	0.27918857491994375	-0.0008511375490667531	0.0015932593302461504
3,15	0.007426008418135753	0.00034289135741074684	1.209411321353696e-103	0.006203810001910528	0.008648206834360978
3,16	-0.00347017529168382	0.00034289135869468887	4.6759053279964475e-24	-0.004692373712485516	-0.0022479768708821247
4,5	0.15632294709326694	0.0003428913716800707	0.0	0.15510074862618028	0.1575451455603536
4,6	0.0006492534732881229	0.00034289135677040235	0.058300201016569686	-0.0005729449406546652	0.001871451887230911
4,7	-0.0033939354864054253	0.00034289137103923667	4.4091018271979946e-23	-0.0046161339512078995	-0.002171737021602951
4,8	-0.00994918381346795	0.0003428913710392367	6.188715512911005e-184	-0.011171382278270425	-0.008726985348665475
4,9	-0.0005898267572560928	0.00034289137344555335	0.08540876478473282	-0.001812025230635617	0.0006323717161234314
4,10	-0.015047843474980456	0.0003428913734455537	0.0	-0.01627004194835998	-0.01382564500160093
4,11	-0.006570462290379039	0.0003428913676698649	1.289666390044295e-81	-0.007792660743171759	-0.0053482638375863195
4,12	-0.001649191575320392	0.000342891367027186	1.5152163776618833e-06	-0.002871390025822354	-0.00042699312481843
4,13	-0.0006219997721354231	0.0003428913691174411	0.06968462877191883	-0.0018441982300878687	0.0006001986858170225
4,14	-0.0004351815590089951	0.000342891371680071	0.20439107360439399	-0.0016573800260956523	0.0007870169080776621
4,15	-0.0009914953061225217	0.0003428913644673412	0.0038344515661562573	-0.002213693747500199	0.0002307031352551559
4,16	-0.001638401202966119	0.0003428913670271862	1.7726056338170583e-06	-0.002860599653468082	-0.00041620275246415637
5,6	-0.0015341030731123254	0.000342891356770402	7.689146574252942e-06	-0.0027563014870551125	-0.0003119046591695384
5,7	-0.0003409930252789434	0.0003428913710392365	0.3200008438160048	-0.0015631914900814167	0.0008812054395235299
5,8	-0.014021260563271399	0.00034289137103923667	0.0	-0.015243459028073872	-0.012799062098468926
5,9	-0.0019310671105882554	0.00034289137344555313	1.7915463716100557e-08	-0.0031532655839677792	-0.0007088686372087318
5,10	0.004418653498043057	0.0003428913734455532	5.968585342237175e-38	0.0031964550246635333	0.005640851971422581
5,11	-0.011675148933774226	0.0003428913676698646	6.773634340611007e-252	-0.012897347386566945	-0.010452950480981507
5,12	0.0021043529812107067	0.0003428913670271858	8.453111825664749e-10	0.0008821545307087456	0.003326551431712668
5,13	-0.0002679344426012543	0.0003428913691174411	0.43457159736955575	-0.0014901329005536999	0.0009542640153511913
5,14	0.0004248248167487566	0.0003428913716800706	0.21536894630156786	-0.0007973736503378993	0.0016470232838354125
5,15	0.0031001212890528415	0.0003428913644673409	1.5918538098470905e-19	0.001877922847675165	0.004322319730430518
5,16	-0.00026045563066120353	0.0003428913670271859	0.44750456894411983	-0.001482654081163165	0.000961742819840758
6,7	-0.00047842751353496284	0.00034289135741090334	0.1629378641080533	-0.0017006259297607461	0.0007437709026908205
6,8	-0.00023587050954165453	0.0003428913574109031	0.49152637922931663	-0.001458068925767437	0.000986327906684128
6,9	-2.868406254695477e-05	0.0003428913575707686	0.9333321843268748	-0.00125088247934256	0.0011935143542486505
6,10	0.004242151331950774	0.0003428913575707683	4.070919824357707e-35	0.0030199529151551698	0.005464349748746378
6,11	1.4719714230740366e-05	0.00034289136334102416	0.9657588880773806	-0.0012074787231323044	0.001236918151593785
6,12	-0.0002949218359838447	0.0003428913607747836	0.3897355045912556	-0.001517120264199808	0.0009272765922321185
6,13	0.00010828532343679087	0.0003428913625419511	0.7521548142537342	-0.001113913111078046	0.0013304837579516278
6,14	0.0001406801104283685	0.0003428913567704022	0.6816048051190986	-0.001081518303514419	0.001362878524371156
6,15	3.0570476378066064e-05	0.00034289136462586884	0.9289590082244411	-0.0011916279655646658	0.001252768918320798
6,16	-0.0006418937164411158	0.0003428913607747839	0.06121062398330546	-0.0018640921446570803	0.0005803047117748487
7,8	-0.002421109170006125	0.00034289137168007046	1.6711328603173608e-12	-0.00364330763709278	-0.0011989107029194697
7,9	-0.000999929683732137	0.0003428913747284179	0.003544772468198219	-0.0022221281616842904	0.00022226879422001643
7,10	-0.004932127312405212	0.0003428913747284177	7.697585741171208e-47	-0.006154325790357364	-0.003709928834453059
7,11	-0.02722447232720857	0.00034289136061894135	0.0	-0.02844667075486905	-0.026002273899548088
7,12	-0.005144161555074701	0.00034289137087703585	8.6173362129246e-51	-0.006366360019299028	-0.003921963090850374
7,13	-0.0012132178941857696	0.0003428913684753899	0.0004031454071980619	-0.0024354163498496945	8.980561478155432e-06
7,14	7.527949010967087e-05	0.00034289137103923683	0.8262275687955181	-0.0011469189746928037	0.0012974779549121455
7,15	-0.005247448523921415	0.000342891367670826	8.942894360761396e-53	-0.006469646976717561	-0.004025250071125269
7,16	0.0010729224219855034	0.0003428913708770363	0.0017545269035972129	-0.00014927604223882512	0.002295120886209832
8,9	-0.005058610026304727	0.00034289137472841795	3.5417024199547416e-49	-0.006280808504256881	-0.003836411548352574
8,10	0.011961448985865514	0.00034289137472841806	3.5102540120728215e-264	0.01073925050791336	0.013183647463817668
8,11	0.014191813622092212	0.00034289136061894113	0.0	0.012969615194431731	0.015414012049752693
8,12	0.0015716883296398188	0.00034289137087703623	4.578090756683655e-06	0.0003494898654154905	0.002793886793864147
8,13	-0.003566791979710361	0.00034289136847538996	2.5381398391686683e-25	-0.004788990435374287	-0.002344593524046436
8,14	8.253518993374832e-05	0.00034289137103923656	0.8097855975008568	-0.0011396632748687252	0.0013047336547362218
8,15	0.0028802840770950633	0.0003428913676708262	4.553344073272048e-17	0.001658085624298917	0.00410248252989121
8,16	9.237530250100386e-05	0.000342891370877036	0.7876219121863305	-0.0011298231617233238	0.0013145737667253315
9,10	0.00640543200933396	0.00034289137168007057	1.134561023360093e-77	0.005183233542247304	0.0076276304764206155
9,11	0.002829540094077383	0.0003428913620588468	1.586291787501873e-16	0.0016073416612845184	0.004051738526870248
9,12	-0.0038464090108457846	0.000342891371038883	3.5549526947062117e-29	-0.0050686074756469985	-0.002624210546044571
9,13	-1.216212674213027e-05	0.00034289136767082625	0.971705611127742	-0.0012343605795382768	0.0012100363260540163
9,14	-0.0007866360793807453	0.00034289137344555335	0.021786405877905885	-0.0020088345527602696	0.00043556239399877893
9,15	-0.0012922313630952618	0.00034289136847538996	0.0001642887695058217	-0.002514429818759187	-7.003290743133649e-05
9,16	0.002004529810660391	0.00034289137103888306	5.0603374062126445e-09	0.0007823313458591775	0.0032267282754616044
10,11	0.008986895130444575	0.00034289136205884727	1.2598084824119734e-150	0.007764696697651709	0.010209093563237442
10,12	0.0032156311719865275	0.00034289137103888295	6.930613142068503e-21	0.0019934327071853145	0.0044378296367877405
10,13	-0.0016669370340737164	0.0003428913676708262	1.1681982215577764e-06	-0.0028891354868698627	-0.00044473858127757
10,14	0.0002548857883506936	0.0003428913734455534	0.4572769158262404	-0.0009673126850288309	0.001477084261730218
10,15	0.0031500005352640137	0.00034289136847539013	4.1696334241655196e-20	0.001927802079600088	0.004372198990927939
10,16	0.0003802291375050882	0.0003428913710388829	0.26748130736534154	-0.0008419693272961248	0.0016024276023063012
11,12	-0.003978102079336292	0.0003428913691174406	4.336525624255097e-31	-0.005200300537288736	-0.0027559036213838477
11,13	-0.00278830478950777	0.0003428913670271859	4.3050233990120096e-16	-0.004010503240009731	-0.0015661063390058085
11,14	0.001486406635102716	0.0003428913676698648	1.460306963964954e-05	0.00026420818230999646	0.002708605087895436
11,15	0.004012347625357803	0.0003428913678310632	1.3463206648159711e-31	0.00279014917199051	0.005234546078725096
11,16	0.0031360020334294776	0.0003428913691174406	6.085470243948764e-20	0.0019138035754770338	0.004358200491381922
12,13	0.0004830366078703678	0.00034289136766986494	0.15892387166377855	-0.0007391618449223523	0.0017052350606630879
12,14	3.2657140283188016e-05	0.0003428913670271861	0.9241241051367349	-0.0011895413102187742	0.0012548555907851502
12,15	-0.006087952922610641	0.00034289136526423494	2.3180959469842215e-70	-0.007310151366828759	-0.004865754478392523
12,16	0.00232252374605401	0.0003428913716800707	1.2689306762752622e-11	0.001100325278967354	0.0035447222131406663
13,14	-0.0010788946753672556	0.00034289136911744083	0.0016533282055282558	-0.0023010931333197005	0.00014330378258518915
13,15	0.006261246666662576	0.0003428913747284175	2.631284871526484e-74	0.005039048188710423	0.007483445144614728
13,16	-0.001728239371906845	0.00034289136766986456	4.662953232590092e-07	-0.002950437824699564	-0.0005060409191141263
14,15	-0.0007313522075540618	0.00034289136446734097	0.03293683069064756	-0.0019535506489317383	0.0004908462338236148
14,16	-0.003877858636193599	0.0003428913670271858	1.257677797079556e-29	-0.00510005708669556	-0.002655660185691638
15,16	0.029945468167628858	0.00034289136526423466	0.0	0.02872326972341074	0.031167666611846976
