Params: 	697
Performance: 	0.9799682865222638
Term	Coefficient	Standard Error	p-value	95% CI lower	95% CI upper
Intercept	9.391510423249994
1	-0.002948998153665552	0.00023538908631813967	5.7623641300067516e-36	-0.0038836599529240624	-0.0020143363544070417
2	0.025682796722674532	0.00023538910233680108	0.0	0.02474813485981056	0.026617458585538503
3	0.23796735821807335	0.00023538908799886077	0.0	0.2370326964121412	0.2389020200240055
4	-0.004548182931782076	0.00023538909740017193	6.011838685899182e-83	-0.005482844775044123	-0.0036135210885200296
5	0.12267483244560702	0.00023538909740016865	0.0	0.12174017060234499	0.12360949428886905
6	0.006813748284555306	0.00023538907736726447	4.5456949877895415e-183	0.005879086520838126	0.0077484100482724865
7	0.07528658577131836	0.00023538909964250984	0.0	0.07435192391915264	0.07622124762348408
8	0.12265881756905561	0.00023538909964251133	0.0	0.12172415571688988	0.12359347942122134
9	0.00809552139777359	0.00023538910065435206	6.898952585558737e-257	0.007160859541590138	0.009030183253957042
10	0.08208194955867966	0.00023538910065435192	0.0	0.08114728770249621	0.0830166114148631
11	0.17894973357882177	0.00023538909080148717	0.0	0.17801507176176118	0.17988439539588236
12	0.005674772290481714	0.0002353890979619089	7.546308991647441e-128	0.004740110444989173	0.006609434135974255
13	0.013861228438179978	0.00023538909337201793	0.0	0.012926566610912562	0.014795890265447394
14	0.0032453813767795298	0.00023538909740016686	3.4975218593790886e-43	0.0023107195335175033	0.004180043220041557
15	-0.019554245417132687	0.00023538909079058742	0.0	-0.02048890723414999	-0.018619583600115383
16	0.05026161532715977	0.00023538909796190865	0.0	0.04932695348166723	0.05119627717265231
1,2	0.010608389368530001	0.0002353890808373767	0.0	0.009673727591034012	0.01154305114602599
1,3	0.0006954176612696348	0.0002353890974001672	0.003134587441192209	-0.00023924418199239305	0.0016300795045316625
1,4	0.0028541017899123434	0.00023538908799886608	8.467247961694924e-34	0.0019194399839801558	0.003788763595844531
1,5	0.0014161618193814056	0.00023538908799886643	1.7944660946153217e-09	0.0004815000134492167	0.0023508236253135945
1,6	0.0005104320675698524	0.00023538910066199466	0.03012725854513923	-0.0004242297886439464	0.0014450939237836513
1,7	-0.0001136076065052262	0.0002353890857538223	0.629354757298616	-0.001048269403522996	0.0008210541905125436
1,8	0.0001932391393762705	0.00023538908575382233	0.4116863113717525	-0.0007414226576414994	0.0011279009363940403
1,9	8.633757807311945e-05	0.00023538908631812639	0.7137793518663551	-0.0008483242211853382	0.001020999377331577
1,10	0.0003142404528877832	0.00023538908631812685	0.18188656429723743	-0.0006204213463706762	0.0012489022521462426
1,11	0.0015785271793640858	0.00023538907647144812	2.0161914338865218e-11	0.0006438654192039321	0.0025131889395242396
1,12	-0.00027918614350599946	0.00023538908363612861	0.23560200103371956	-0.0012138479321150216	0.0006554756451030227
1,13	-0.00028183355064816985	0.00023538908083109374	0.2311903735909515	-0.001216495328119212	0.0006528282268228723
1,14	0.0001539806375990202	0.00023538908799886638	0.5130151221611348	-0.0007806811683331685	0.0010886424435312088
1,15	0.00014737884607197646	0.0002353890818363778	0.5312467028389976	-0.0007872829353907572	0.0010820406275347102
1,16	-0.0007417304308140818	0.00023538908363612837	0.0016274048760019537	-0.001676392219423103	0.00019293135779493943
2,3	-0.007989388911586346	0.00023538908363265282	2.6084095301047778e-250	-0.008924050700181567	-0.007054727122991125
2,4	-0.0009812583013673257	0.00023538910244582008	3.067862193369932e-05	-0.001915920164664178	-4.6596438070473437e-05
2,5	-0.00673439798334333	0.00023538910244582046	6.647945348590979e-179	-0.007669059846640184	-0.005799736120046476
2,6	8.052141875421887e-05	0.00023538908083109352	0.732293325244646	-0.0008541403587168224	0.0010151831962252602
2,7	-0.00012870742659053247	0.00023538909796190857	0.5845277514549567	-0.0010633692720830724	0.0008059544189020075
2,8	-0.0013125771079894495	0.00023538909796190879	2.4680307728966205e-08	-0.0022472389534819903	-0.0003779152624969087
2,9	0.0004643045674762522	0.00023538910233680702	0.04855701039236712	-0.00047035729538774077	0.0013989664303402452
2,10	-0.004903240265885976	0.00023538910233680675	4.748260878011679e-96	-0.005837902128749968	-0.003968578403021984
2,11	-0.006048776106739186	0.00023538909786177662	6.755118879132016e-145	-0.006983437951834131	-0.0051141142616442405
2,12	0.0014610072642052482	0.00023538909964251103	5.440907104340764e-10	0.0005263454120395233	0.002395669116370973
2,13	-0.00013998424723196158	0.00023538910066199428	0.552050786237382	-0.0010746461034457588	0.0007946776089818357
2,14	-4.144925558325317e-05	0.0002353891024458203	0.8602251602557907	-0.0009761111188801063	0.0008932126077135999
2,15	0.001309493243019419	0.00023538909785668542	2.6606589732871507e-08	0.00037483139794468963	0.002244155088094148
2,16	0.0004003919093356345	0.00023538909964251038	0.08895173078667108	-0.0005342699428300879	0.0013350537615013569
3,4	-0.032145292197211565	0.00023538908631812725	0.0	-0.03307995399647003	-0.031210630397953104
3,5	-0.04465193663688401	0.00023538908631812717	0.0	-0.04558659843614247	-0.043717274837625546
3,6	-0.0029791547303559887	0.00023538908978773927	1.1411335500777847e-36	-0.003913816543391273	-0.0020444929173207044
3,7	-0.00840639060318372	0.00023538908363243195	1.236641034513276e-276	-0.009341052391778064	-0.0074717288145893755
3,8	-0.028613010605036765	0.000235389083632432	0.0	-0.029547672393631107	-0.027678348816442423
3,9	0.0008393545718933687	0.00023538908799886627	0.0003629843977213685	-9.530723403881956e-05	0.0017740163778255569
3,10	-0.02876326854003694	0.00023538908799886646	0.0	-0.02969793034596913	-0.02782860673410475
3,11	-0.054319090097444456	0.00023538907859642553	0.0	-0.055253751866042276	-0.053384428328846635
3,12	0.006875486815185681	0.0002353890857646399	2.422099422625278e-186	0.005940825018124958	0.007810148612246404
3,13	-0.001673422501090812	0.00023538907915300521	1.179378647860771e-12	-0.0026080842718986513	-0.0007387607302829727
3,14	0.00036379289251910196	0.00023538908631812693	0.12223121535002053	-0.0005708689067393577	0.0012984546917775616
3,15	0.0074547690624627155	0.0002353890763561598	1.8862853946932832e-218	0.006520107302760338	0.008389430822165093
3,16	-0.0036449546618401874	0.00023538908576463985	5.491402379538509e-54	-0.00457961645890091	-0.0027102928647794646
4,5	0.15794217705384062	0.00023538910065435176	0.0	0.15700751519765715	0.15887683891002408
4,6	0.0006459546838906878	0.0002353890759090502	0.006067526579080214	-0.00028870707403634685	0.0015806164418177226
4,7	-0.0034493496406025814	0.00023538910334274738	1.523220073634669e-48	-0.004384011507460872	-0.0025146877737442907
4,8	-0.010003188756817888	0.00023538910334274738	0.0	-0.010937850623676177	-0.009068526889959598
4,9	-0.0005928107228608571	0.00023538909740016716	0.01179035240599653	-0.0015274725661228849	0.0003418511204011706
4,10	-0.015216347318584247	0.0002353890974001669	0.0	-0.016151009161846273	-0.014281685475322221
4,11	-0.0066473866952076275	0.0002353890978566852	2.164177266028602e-174	-0.007582048540282356	-0.005712724850132899
4,12	-0.0016705694823394165	0.0002353891018899794	1.2874478918625963e-12	-0.0026052313434291865	-0.0007359076212496463
4,13	-0.0006269719855861444	0.00023538909348878542	0.007733869424988694	-0.0015616338133172096	0.00030768984214492073
4,14	-0.0004426885289021149	0.0002353891006543522	0.06002170107416124	-0.0013773503850855677	0.0004919733272813378
4,15	-0.0010116742674150005	0.00023538909786177697	1.726900251487989e-05	-0.001946336112509947	-7.701242232005404e-05
4,16	-0.0016600658164479779	0.0002353891018899795	1.775681069776334e-12	-0.0025947276775377484	-0.0007254039553582074
5,6	-0.001551294624995629	0.00023538907590905058	4.4216190460524645e-11	-0.002485956382922665	-0.0006166328670685928
5,7	-0.00047372742489236105	0.0002353891033427474	0.04416831730431393	-0.0014083892917506518	0.00046093444196592954
5,8	-0.014187130589873812	0.00023538910334274725	0.0	-0.015121792456732102	-0.013252468723015522
5,9	-0.002025502065098196	0.00023538909740016675	7.805136002722368e-18	-0.002960163908360222	-0.0010908402218361701
5,10	0.004552061222009903	0.00023538909740016686	4.376400054947338e-83	0.0036173993787478767	0.00548672306527193
5,11	-0.011898303539374952	0.00023538909785668453	0.0	-0.012832965384449677	-0.010963641694300226
5,12	0.002080550802259924	0.00023538910188997933	9.913772533666418e-19	0.001145888941170154	0.0030152126633496935
5,13	-0.00028114163250215953	0.00023538909348878525	0.2323377011008026	-0.001215803460233224	0.000653520195228905
5,14	0.000423816387417134	0.00023538910065435144	0.07178750112548839	-0.0005108454687663158	0.001358478243600584
5,15	0.0031069135557068653	0.0002353890978617767	9.998646512118757e-40	0.00217225171061192	0.0040415754008018105
5,16	-0.000341348752322404	0.00023538910188997936	0.14702242490268816	-0.001276010613412174	0.0005933131087673659
6,7	-0.0005015316335502326	0.00023538907859642572	0.033121776904544084	-0.0014361934021480563	0.00043313013504759094
6,8	-0.00023651578277204127	0.00023538907859642558	0.31500338644539905	-0.0011711775513698643	0.0006981459858257817
6,9	-3.5169352413707416e-05	0.00023538907736726317	0.8812310207139573	-0.0009698311161308829	0.0008994924113034681
6,10	0.004283578025930568	0.00023538907736726298	8.199756935571276e-74	0.0033489162622133933	0.0052182397896477425
6,11	1.3116048888227316e-05	0.00023538908363243203	0.9555644657951442	-0.0009215457397061168	0.0009477778374825715
6,12	-0.00029130361384928014	0.00023538908183637775	0.21589082547045388	-0.0012259653953120135	0.0006433581676134533
6,13	0.0001165334547689606	0.00023538908083737642	0.620554238849808	-0.0008181283227270283	0.0010511952322649495
6,14	0.00014808898445165322	0.00023538907590905	0.52926990834739	-0.0007865727734753807	0.0010827507423786871
6,15	3.068614672654957e-05	0.0002353890836361284	0.8962792408840492	-0.0009039756418824718	0.0009653479353355709
6,16	-0.0006605854760616189	0.00023538908183637808	0.005012029651362014	-0.0015952472575243536	0.0002740763054011158
7,8	-0.002665914116481538	0.00023538910065435165	1.0456285859516359e-29	-0.003600575972664989	-0.0017312522602980873
7,9	-0.001064588171268907	0.00023538909964251038	6.117129240561427e-06	-0.0019992500234346294	-0.00012992631910318467
7,10	-0.0050682917235969314	0.00023538909964251003	1.80554259651101e-102	-0.006002953575762652	-0.004133629871431211
7,11	-0.027676009008057043	0.00023538908978773908	0.0	-0.028610670821092327	-0.026741347195021758
7,12	-0.005307031964498889	0.00023538910233680675	3.995199251803811e-112	-0.006241693827362881	-0.004372370101634897
7,13	-0.0012116511748023698	0.00023538909079058693	2.6483465857009005e-07	-0.002146312991819671	-0.00027698935778506845
7,14	7.765086589520132e-05	0.00023538910334274755	0.7414894275421868	-0.0008570110009630898	0.0010123127327534925
7,15	-0.005393933183339892	0.00023538909337201785	9.52659225359963e-116	-0.006328595010607307	-0.004459271356072477
7,16	0.0009903535206060047	0.00023538910233680688	2.5878236680973924e-05	5.5691657742012297e-05	0.001925015383469997
8,9	-0.005193869301677003	0.00023538909964251038	1.7075467472580678e-107	-0.0061285311538427254	-0.004259207449511281
8,10	0.012219807955136237	0.0002353890996425105	0.0	0.011285146102970513	0.01315446980730196
8,11	0.014066308214921042	0.00023538908978773892	0.0	0.01313164640188576	0.015000970027956325
8,12	0.0016094374756593591	0.00023538910233680688	8.138342792924764e-12	0.0006747756127953667	0.0025440993385233515
8,13	-0.003609157232334431	0.00023538909079058723	5.72667560959938e-53	-0.004543819049351734	-0.0026744954153171286
8,14	0.00010198428029869078	0.0002353891033427475	0.6648285779052927	-0.0008326775865596001	0.0010366461471569817
8,15	0.0029993299390246066	0.00023538909337201793	3.827508554469742e-37	0.002064668111757191	0.0039339917662920216
8,16	6.568228295877714e-05	0.00023538910233680666	0.7802172744562016	-0.0008689795799052144	0.0010003441458227686
9,10	0.006630622364566678	0.00023538910065435182	1.5782419832246715e-173	0.005695960508383227	0.007565284220750129
9,11	0.0027476681421118934	0.0002353890908014874	1.8858249078687522e-31	0.0018130063250513095	0.0036823299591724774
9,12	-0.003963456339168291	0.00023538909796190879	1.7574394368103186e-63	-0.004898118184660832	-0.0030287944936757505
9,13	-2.0471735928721813e-05	0.00023538909337201817	0.9306958075797755	-0.0009551335631961381	0.0009141900913386945
9,14	-0.000779476437747121	0.00023538909740016716	0.0009286844818878709	-0.0017141382810091487	0.00015518540551490677
9,15	-0.001381389135071182	0.00023538909079058706	4.417930695458688e-09	-0.0023160509520884836	-0.00044672731805387995
9,16	0.00198043971400435	0.00023538909796190865	4.060275566020057e-17	0.0010457778685118097	0.0029151015594968905
10,11	0.009057840444932574	0.00023538909080148755	0.0	0.00812317862787199	0.009992502261993158
10,12	0.0033937782862631435	0.0002353890979619087	4.734031307361973e-47	0.002459116440770603	0.004328440131755684
10,13	-0.001700492363186281	0.00023538909337201804	5.096705529587869e-13	-0.002635154190453697	-0.0007658305359188653
10,14	0.0002589202739774754	0.00023538909740016703	0.2713505204118805	-0.0006757415692845518	0.0011935821172395027
10,15	0.0033347299697555344	0.00023538909079058717	1.7176428923707678e-45	0.0024000681527382318	0.004269391786772837
10,16	0.00037710307636945866	0.00023538909796190854	0.10915133013718241	-0.0005575587691230812	0.0013117649218619986
11,12	-0.004105933774690283	0.00023538909348878517	5.54984139679211e-68	-0.005040595602421347	-0.003171271946959219
11,13	-0.002838525233776635	0.0002353891018899794	1.8915280328339748e-33	-0.003773187094866405	-0.0019038633726868649
11,14	0.0014879364499596412	0.00023538909785668518	2.612583479674148e-10	0.0005532746048849129	0.0024225982950343695
11,15	0.004108134290597917	0.00023538910244582	4.715729298777116e-68	0.003173472427301065	0.005042796153894769
11,16	0.003043049014696977	0.00023538909348878523	3.499927025116725e-38	0.0021083871869659126	0.003977710842428041
12,13	0.0005028358818295331	0.00023538909785668542	0.03266764849409127	-0.0004318259632451962	0.0014374977269042623
12,14	4.352965076038877e-05	0.00023538910188997957	0.8532873705028163	-0.000891132210329382	0.0009781915118501597
12,15	-0.006251164112316677	0.00023538910066199436	1.4496465540525679e-154	-0.007185825968530474	-0.005316502256102879
12,16	0.002328432890354972	0.0002353891006543519	4.6893845745937325e-23	0.0013937710341715205	0.0032630947465384238
13,14	-0.0010994875980360475	0.0002353890934887853	3.0042948828554533e-06	-0.0020341494257671124	-0.00016482577030498273
13,15	0.006312415742900314	0.00023538909964250997	1.4927376316849263e-157	0.005377753890734594	0.007247077595066035
13,16	-0.0017797912193607962	0.00023538909785668512	4.0504072160303336e-14	-0.002714453064435524	-0.0008451293742860681
14,15	-0.0007864902143423155	0.00023538909786177675	0.0008345378527359536	-0.0017211520594372612	0.00014817163075263003
14,16	-0.003918114371793062	0.00023538910188997938	4.408913157489322e-62	-0.004852776232882832	-0.002983452510703292
15,16	0.030378676601226073	0.00023538910066199436	0.0	0.029444014745012275	0.031313338457439874
1,2,3	0.0011191546649828993	0.00023538910244582008	1.9937644320943497e-06	0.00018449280168604705	0.0020538165282797515
1,2,4	0.0007450111759520501	0.00023538908363265285	0.001551439224554912	-0.00018965061264317087	0.0016796729645472712
1,2,5	0.0005084290777413458	0.00023538908363265266	0.030780053481812397	-0.0004262327108538744	0.001443090866336566
1,2,6	0.0002132994779762594	0.00023538909337201795	0.3648561192309986	-0.000721362349291156	0.0011479613052436748
1,2,7	-0.0005304871349907886	0.00023538908363612823	0.024220845396667374	-0.0014651489235998094	0.0004041746536182321
1,2,8	-0.00018317992147278382	0.00023538908363612832	0.43645361472028765	-0.0011178417100818048	0.0007514818671362372
1,2,9	-9.111242237804917e-05	0.0002353890808373764	0.6987044905595057	-0.001025774199874038	0.0008435493551179396
1,2,10	-0.00031360793348428947	0.00023538908083737636	0.18276762019638434	-0.001248269710980278	0.0006210538440116992
1,2,11	-0.001887444688497818	0.00023538907635616	1.0890181715024416e-15	-0.002822106448200196	-0.0009527829287954401
1,2,12	3.223623457544039e-05	0.0002353890857538223	0.8910717518966417	-0.0009024255624423294	0.0009668980315932101
1,2,13	-0.0002541144538353371	0.00023538907736726287	0.2803463011632533	-0.0011887762175525115	0.0006805473098818372
1,2,14	0.00022066842535859235	0.0002353890836326526	0.3485242261491478	-0.0007139933632366276	0.0011553302139538123
1,2,15	-0.00010877585637028737	0.00023538907859642545	0.6440033525216677	-0.0010434376249681097	0.0008258859122275351
1,2,16	-0.00012153318718333486	0.0002353890857538223	0.6056413105882957	-0.0010561949842011046	0.0008131286098344349
1,3,4	-0.0003463061440077894	0.0002353891006543517	0.14123993910662577	-0.0012809680001912402	0.0005883557121756615
1,3,5	0.0021935632996930646	0.00023538910065435165	1.2111909046689176e-20	0.0012589014435096138	0.0031282251558765154
1,3,6	-0.0003354807331070438	0.00023538907590905003	0.15409902699301115	-0.0012701424910340777	0.0005991810248199902
1,3,7	-0.0001632162703743556	0.0002353891033427472	0.48806779988470195	-0.0010978781372326454	0.0007714455964839341
1,3,8	0.0010595477452027303	0.00023538910334274768	6.766893763009863e-06	0.00012488587834443867	0.001994209612061022
1,3,9	-6.668614806862663e-05	0.00023538909740016738	0.7769464246852407	-0.0010013479913306552	0.000867975695193402
1,3,10	5.83350742880788e-05	0.00023538909740016708	0.8042713478386286	-0.0008763267689739486	0.000992996917550106
1,3,11	0.0003707739962106743	0.00023538909785668507	0.1152258626203926	-0.0005638878488640536	0.0013054358412854022
1,3,12	0.00017714360135534686	0.00023538910188997944	0.4517191913107742	-0.0007575182597344234	0.0011118054624451171
1,3,13	3.7320403692631815e-05	0.00023538909348878525	0.874025716160616	-0.0008973414240384327	0.0009719822314236963
1,3,14	-0.00016062851691934273	0.00023538910065435195	0.4949911937531244	-0.0010952903731027946	0.0007740333392641091
1,3,15	0.00037384577661659854	0.0002353890978617769	0.11224521828058097	-0.0005608160684783476	0.0013085076217115446
1,3,16	-8.161148647220506e-05	0.00023538910188997938	0.7288111807940552	-0.0010162733475619751	0.000853050374617565
1,4,5	0.0009537843721923664	0.00023538908631812698	5.0852045660329684e-05	1.9122572933906478e-05	0.0018884461714508264
1,4,6	0.0004986395068249157	0.000235389089787739	0.034148141586178335	-0.0004360223062103674	0.0014333013198601988
1,4,7	-0.00043951347316231217	0.00023538908363243203	0.061881152323612375	-0.0013741752617566563	0.000495148315432032
1,4,8	-0.00019949978508598462	0.00023538908363243195	0.3967017770900937	-0.0011341615736803284	0.0007351620035083592
1,4,9	-1.8845309574546526e-05	0.00023538908799886624	0.936189583079031	-0.0009535071155067346	0.0009158164963576416
1,4,10	-0.0002525829168300731	0.00023538908799886622	0.2832552386290675	-0.0011872447227622611	0.0006820788891021149
1,4,11	-0.0006798132960922458	0.0002353890785964257	0.0038777762444562993	-0.0016144750646900693	0.00025484847250557764
1,4,12	-0.00015223314830260098	0.00023538908576464017	0.5178090895481283	-0.0010868949453633253	0.0007824286487581233
1,4,13	-0.0005025812893106607	0.000235389079153005	0.03275586318167362	-0.001437243060118499	0.0004320804814971777
1,4,14	-0.00028476919632974135	0.000235389086318127	0.22636742795006093	-0.0012194309955882014	0.0006498926029287187
1,4,15	-2.3237444120393844e-05	0.00023538907635616016	0.9213614521771443	-0.0009578992038227725	0.0009114243155819848
1,4,16	3.915939370567091e-05	0.00023538908576463993	0.867873950780048	-0.0008955024033550524	0.0009738211907663943
1,5,6	-0.0001065526425371062	0.000235389089787739	0.6507907656653926	-0.0010412144555723892	0.0008281091704981769
1,5,7	0.00016210941460239985	0.00023538908363243184	0.49102268897426893	-0.0007725523739919436	0.0010967712031967431
1,5,8	-0.00012976464872723782	0.00023538908363243178	0.5814455252794732	-0.0010644264373215811	0.0008048971398671054
1,5,9	-0.00014288010141202262	0.00023538908799886627	0.5438560685691927	-0.0010775419073442108	0.0007917817045201656
1,5,10	0.0002000508206098841	0.00023538908799886622	0.3953988596424808	-0.0007346109853223039	0.001134712626542072
1,5,11	8.216255181520138e-05	0.00023538907859642575	0.7270529256561198	-0.0008524992167826223	0.001016824320413025
1,5,12	-0.0003146747155837702	0.00023538908576464023	0.18128348517256926	-0.0012493365126444948	0.0006199870814769543
1,5,13	0.0002889902032629562	0.00023538907915300538	0.21955922867043695	-0.0006456715675448837	0.001223651974070796
1,5,14	-6.488276982194452e-05	0.00023538908631812736	0.7828250639273404	-0.0009995445690804058	0.0008697790294365169
1,5,15	-0.00011125721833185089	0.00023538907635616016	0.6364627630425992	-0.0010459189780342294	0.0008234045413705277
1,5,16	-0.0003272683288023312	0.00023538908576464	0.1644336952866297	-0.0012619301258630549	0.0006073934682583925
1,6,7	0.0004233965541859692	0.00023538909785668512	0.07206932985503396	-0.0005112652908887589	0.0013580583992606973
1,6,8	0.00012257031543913034	0.00023538909785668523	0.6025680449192621	-0.0008120915296355982	0.001057232160513859
1,6,9	0.00011309978098461917	0.00023538910066199444	0.6308876641175735	-0.0008215620752291788	0.0010477616371984172
1,6,10	-0.0004287708572890056	0.00023538910066199414	0.06852929219141986	-0.0013634327135028023	0.0005058909989247911
1,6,11	0.00017063911813517546	0.0002353891033427475	0.4685015129551692	-0.0007640227487231155	0.0011053009849934664
1,6,12	4.2848841150758266e-05	0.0002353890907905873	0.8555565346089394	-0.0008918129758665447	0.0009775106581680613
1,6,13	0.00019474456517284966	0.0002353891023368068	0.40805285073147757	-0.0007399172976911424	0.0011294064280368418
1,6,14	-7.199812758069534e-05	0.00023538908978773903	0.7597056887167523	-0.0010066599406159786	0.0008626636854545879
1,6,15	9.729172955670606e-05	0.00023538909796190876	0.6793713434871249	-0.0008373701159358347	0.0010319535750492469
1,6,16	7.683976573822325e-05	0.00023538909079058752	0.7440946175673588	-0.0008578220512790805	0.0010115015827555271
1,7,8	-0.000546155113358808	0.00023538908631812744	0.020331918503364087	-0.0014808169126172698	0.00038850668589965375
1,7,9	-6.257600529104186e-05	0.00023538908575382222	0.7903627223935222	-0.0009972378023088112	0.0008720857917267276
1,7,10	-0.00017256804765474441	0.0002353890857538222	0.46348892695745814	-0.0011072298446725137	0.0007620937493630249
1,7,11	-0.00024114815687788227	0.00023538907590904984	0.3056189404694793	-0.0011758099148049155	0.000693513601049151
1,7,12	5.4248776935402095e-05	0.00023538908083737644	0.8177317377723242	-0.0008804130005605869	0.000988910554431391
1,7,13	0.00011583173721512081	0.00023538908183637786	0.6226600183120078	-0.000818830044247613	0.0010504935186778546
1,7,14	-0.0001093619812008173	0.00023538908363243195	0.6422188444903083	-0.001044023769795161	0.0008252998073935265
1,7,15	-2.5960945169540076e-05	0.00023538908083109398	0.912180121782882	-0.0009606227226405832	0.000908700832301503
1,7,16	0.00014507395401198997	0.00023538908083737658	0.5376884327879703	-0.0007895878234839995	0.0010797357315079795
1,8,9	-9.807767595751415e-05	0.00023538908575382198	0.6769270673933189	-0.0010327394729752826	0.0008365841210602543
1,8,10	0.00033363933530837844	0.0002353890857538223	0.15637225186046438	-0.0006010224617093913	0.0012683011323261482
1,8,11	-1.619837899742571e-05	0.00023538907590905	0.9451368206953634	-0.0009508601369244596	0.0009184633789296082
1,8,12	-0.00011997022842704513	0.00023538908083737642	0.610285969731084	-0.001054632005923034	0.0008146915490689437
1,8,13	-0.00011655150074982128	0.00023538908183637857	0.620500127207948	-0.001051213282212558	0.0008181102807129154
1,8,14	5.090920951586475e-05	0.00023538908363243195	0.8287726335565525	-0.0008837525790784791	0.0009855709981102085
1,8,15	-6.398921699553653e-05	0.00023538908083109382	0.7857424853735963	-0.000998650994466579	0.0008706725604755059
1,8,16	0.00010028905249412183	0.00023538908083737634	0.6700680766953595	-0.0008343727250018667	0.0010349508299901103
1,9,10	0.00014234851562534498	0.00023538908631812695	0.5453558032532213	-0.0007923132836331148	0.0010770103148838048
1,9,11	0.0001427459385656962	0.00023538907647144836	0.5442343624434031	-0.0007919158215944585	0.001077407698725851
1,9,12	-8.16699989978336e-05	0.00023538908363612837	0.7286244026054656	-0.0010163317876068548	0.0008529917896111876
1,9,13	0.00014806951489445934	0.00023538908083109368	0.5293240636699705	-0.0007865922625765826	0.0010827312923655011
1,9,14	0.00015350164928206594	0.00023538908799886616	0.5143268496986869	-0.0007811601566501218	0.0010881634552142537
1,9,15	0.00015917180991960626	0.00023538908183637822	0.4989114655542578	-0.000775489971543129	0.0010938335913823415
1,9,16	-0.00016068655966400974	0.00023538908363612823	0.4948352989960376	-0.0010953483482730305	0.0007739752289450109
1,10,11	0.00013522426101622922	0.00023538907647144828	0.5656509318381805	-0.0007994374991439251	0.0010698860211763835
1,10,12	6.745139281420093e-05	0.0002353890836361285	0.7744557017618562	-0.0008672103957948208	0.0010021131814232226
1,10,13	-4.805152266236859e-05	0.0002353890808310937	0.8382474077639882	-0.0009827133001334106	0.0008866102548086734
1,10,14	4.589797363908389e-05	0.0002353890879988659	0.8454031985443771	-0.0008887638322931028	0.0009805597795712706
1,10,15	-8.813596860635098e-05	0.00023538908183637784	0.7080880698206939	-0.0010227977500690847	0.0008465258128563828
1,10,16	0.00017608549436893758	0.00023538908363612845	0.45442581897090895	-0.000758576294240084	0.0011107472829779592
1,11,12	-5.5212170205052105e-05	0.00023538907915300516	0.8145532821395235	-0.0009898739410128911	0.0008794496006027869
1,11,13	0.00031482690460597415	0.00023538908576463998	0.18107248575424767	-0.0006198348924547494	0.0012494887016666978
1,11,14	-2.5000995100190465e-05	0.00023538907859642558	0.9154149834151115	-0.0009596627636980135	0.0009096607734976326
1,11,15	-0.00030366843749125155	0.00023538908363265296	0.1970308937024497	-0.001238330226086473	0.0006309933511039698
1,11,16	5.795766427686873e-05	0.00023538907915300549	0.8055121704878856	-0.0008767041065309716	0.000992619435084709
1,12,13	0.0002507840212197538	0.0002353890785964257	0.28669796957228205	-0.0006838777473780696	0.0011854457898175773
1,12,14	0.0002230879409783077	0.00023538908576463974	0.34326473980048466	-0.0007115738560824149	0.0011577497380390303
1,12,15	5.4017163959030334e-06	0.00023538907736726268	0.9816917960252991	-0.0009292600473212705	0.0009400634801130766
1,12,16	-4.709069793869258e-05	0.00023538908631812723	0.8414384124880081	-0.0009817524971971535	0.0008875711013197683
1,13,14	4.671458267465137e-05	0.00023538907915300505	0.8426882392976283	-0.0008879471881331872	0.00098137635348249
1,13,15	4.7511985050870814e-05	0.00023538908575382257	0.8400389489094305	-0.0008871498119669	0.0009821737820686416
1,13,16	7.929777075933557e-05	0.00023538907859642577	0.736208779894908	-0.0008553639978384882	0.0010139595393571592
1,14,15	0.00018858065382416737	0.00023538907635615994	0.42305095751860344	-0.0007460811058782104	0.001123242413526545
1,14,16	4.529315029088224e-05	0.00023538908576464007	0.8474152195745075	-0.0008893686467698416	0.0009799549473516061
1,15,16	-4.8413836530532967e-05	0.0002353890773672629	0.8370448098565144	-0.0009830756002477074	0.0008862479271866414
2,3,4	0.0017574831830445246	0.00023538908083737647	8.35167482670039e-14	0.0008228214055485356	0.002692144960540514
2,3,5	-0.0036002021017949963	0.00023538908083737653	1.025816600633416e-52	-0.004534863879290986	-0.002665540324299007
2,3,6	0.0010358804788226893	0.00023538909348878528	1.0806638016706185e-05	0.00010121865109162466	0.0019705423065537538
2,3,7	0.0014904704779265913	0.0002353890857646399	2.4367075839179186e-10	0.0005558086808658681	0.0024251322749873146
2,3,8	-0.0007258984452172997	0.00023538908576464015	0.0020444450143914817	-0.0016605602422780238	0.00020876335184342456
2,3,9	0.00028777452510304544	0.00023538908363265288	0.22150479292186975	-0.0006468872634921756	0.0012224363136982665
2,3,10	-0.0010844354286696652	0.00023538908363265285	4.093133086023277e-06	-0.0020190972172648863	-0.00014977364007444426
2,3,11	0.0014047647429590096	0.00023538908183637816	2.4165659768381405e-09	0.00047010296149627455	0.0023394265244217447
2,3,12	0.0004329239032770382	0.00023538908363243178	0.06589265546410397	-0.000501737885317305	0.0013675856918713815
2,3,13	-0.00018228259792295656	0.00023538907590905	0.43870389482666206	-0.0011169443558499905	0.0007523791600040773
2,3,14	8.403675220524688e-05	0.0002353890808373766	0.721083902534375	-0.0008506250252907427	0.0010186985297012366
2,3,15	0.0005291678821451699	0.00023538907647144823	0.024575949902718386	-0.0004054938780149842	0.0014638296423053242
2,3,16	8.690199939602331e-05	0.00023538908363243186	0.7119914195142821	-0.0008477597891983202	0.0010215637879903668
2,4,5	-0.0017152296925089612	0.00023538910233680677	3.210380096391516e-13	-0.002649891555372953	-0.0007805678296449692
2,4,6	0.0002870145414271847	0.00023538907915300543	0.22272731023503975	-0.0006476472293806554	0.0012216763122350248
2,4,7	0.0003738402538081276	0.00023538910188997925	0.11225052828703146	-0.0005608216072816419	0.0013085021148978972
2,4,8	0.00032269715810281235	0.000235389101889979	0.17040791226085822	-0.0006119647029869562	0.001257359019192581
2,4,9	-0.00014226798851302118	0.00023538910244581997	0.5455831969473877	-0.001076929851809873	0.0007923938747838306
2,4,10	2.8475768170247058e-05	0.00023538910244581997	0.9037126536049092	-0.0009061860951266047	0.0009631376314670989
2,4,11	-4.929033860079195e-05	0.00023538909079058712	0.8341371050317397	-0.0009839521556180941	0.0008853714784165102
2,4,12	0.00011620794239357302	0.0002353891033427472	0.6215307140813189	-0.0008184539244647167	0.0010508698092518629
2,4,13	3.68085843113191e-05	0.00023538908978773857	0.8757392165651204	-0.0008978532287239623	0.0009714703973466005
2,4,14	-0.0001586111986978736	0.00023538910233680666	0.5004246114272564	-0.001093273061561865	0.000776050664166118
2,4,15	-6.404454741650717e-05	0.0002353890908014872	0.7855617539851921	-0.0009987063644770902	0.000870617269644076
2,4,16	0.0001601085914668919	0.0002353891033427474	0.4963885360333258	-0.0007745532753913987	0.0010947704583251826
2,5,6	9.573346491063839e-06	0.00023538907915300554	0.9675588575379209	-0.0009250884243167767	0.0009442351172989044
2,5,7	0.0011644887552535736	0.00023538910188997936	7.552314379889649e-07	0.0002298268941638037	0.0020991506163433437
2,5,8	-0.0005956495332630103	0.00023538910188997925	0.011392711250127538	-0.00153031139435278	0.0003390123278267592
2,5,9	0.00042633096943117677	0.00023538910244582005	0.07011831927546008	-0.0005083308938656754	0.001360992832728029
2,5,10	-0.0007277523421851811	0.00023538910244582013	0.0019909867672911713	-0.0016624142054820336	0.0002069095211116713
2,5,11	-0.0005224869127056324	0.0002353890907905873	0.026444389279306417	-0.0014571487297229354	0.00041217490431167054
2,5,12	0.0001764770409274797	0.00023538910334274722	0.45342320749807485	-0.0007581848259308101	0.0011111389077857695
2,5,13	-0.00022455914199704524	0.00023538908978773881	0.34009160682358064	-0.0011592209550323276	0.0007101026710382371
2,5,14	-0.00019513295809923947	0.00023538910233680675	0.40711853588016356	-0.0011297948209632314	0.0007395289047647524
2,5,15	-1.0562893512238575e-05	0.00023538909080148728	0.9642077320216298	-0.0009452247105728221	0.0009240989235483449
2,5,16	0.00034242884730396883	0.0002353891033427474	0.14574738619823108	-0.0005922330195543218	0.0012770907141622595
2,6,7	-0.00017293151484673065	0.0002353890818363779	0.46254776373630646	-0.0011075932963094646	0.0007617302666160033
2,6,8	-0.0004125071655624122	0.00023538908183637778	0.0797015015618896	-0.0013471689470251457	0.0005221546159003213
2,6,9	-0.00011089937133002686	0.00023538908083109363	0.637547929774219	-0.0010455611488010687	0.0008237624061410148
2,6,10	0.0003238825021283972	0.00023538908083109384	0.1688433182837748	-0.0006107792753426454	0.0012585442795994399
2,6,11	0.000215714277992979	0.00023538908576464004	0.3594522586364187	-0.0007189475190677448	0.0011503760750537027
2,6,12	0.00020695933765315505	0.0002353890785964256	0.3792839898132785	-0.0007277024309446681	0.0011416211062509783
2,6,13	-0.00015944399337383675	0.00023538908631812712	0.4981777192039837	-0.0010941057926322972	0.0007752178058846237
2,6,14	1.701451056400176e-05	0.0002353890791530051	0.9423773160683873	-0.0009176472602438371	0.0009516762813718406
2,6,15	2.569153435860727e-05	0.00023538908575382209	0.9130878459639027	-0.0009089702626591616	0.0009603533313763762
2,6,16	0.00031626527364169224	0.00023538907859642556	0.17908727218581705	-0.0006183964949561307	0.001250927042239515
2,7,8	-3.677065844419694e-05	0.00023538910233680672	0.8758662171120364	-0.0009714325213081887	0.0008978912044197948
2,7,9	-0.00019893506711740616	0.00023538909796190862	0.398039769018921	-0.0011335969126099463	0.000735726778375134
2,7,10	0.0008616216517572358	0.00023538909796190879	0.0002520074247301367	-7.304019373530505e-05	0.0017962834972497766
2,7,11	0.0014247807746286985	0.00023538909348878523	1.4306125267094294e-09	0.0004901189468976341	0.002359442602359763
2,7,12	-0.0007415958102879386	0.00023538910065435211	0.0016305952007569654	-0.001676257666471391	0.00019306604589551394
2,7,13	-4.6417038470205306e-05	0.00023538909785668515	0.8436772723687462	-0.0009810788835449336	0.0008882448066045229
2,7,14	-3.178327524159391e-05	0.00023538910188997938	0.8925929916916153	-0.000966445136331364	0.0009028785858481761
2,7,15	-0.0008855037527163712	0.00023538910066199425	0.00016879438801322742	-0.0018201656089301683	4.915810349742601e-05
2,7,16	-0.00023991130923610784	0.00023538910065435206	0.3081063091564933	-0.0011745731654195601	0.0006947505469473445
2,8,9	3.164890815577498e-05	0.00023538909796190892	0.8930443286930247	-0.0009030129373367664	0.0009663107536483163
2,8,10	0.0004913508182758097	0.00023538909796190857	0.03685603432769885	-0.0004433110272167302	0.0014260126637683497
2,8,11	-0.00014004006439348893	0.00023538909348878506	0.5518922512412763	-0.0010747018921245526	0.0007946217633375748
2,8,12	-1.8333490739382008e-05	0.00023538910065435173	0.9379190599681086	-0.000952995346922833	0.000916328365444069
2,8,13	-3.1142027536335687e-07	0.000235389097856685	0.9989444014133775	-0.0009349732653500909	0.0009343504247993642
2,8,14	-8.587492648233497e-05	0.00023538910188997938	0.7152460946535972	-0.001020536787572105	0.0008487869346074351
2,8,15	-2.3484245309502577e-05	0.0002353891006619943	0.9205290058021134	-0.0009581461015233	0.0009111776109042948
2,8,16	0.0001685606207525829	0.00023538910065435187	0.4739361548064547	-0.0007661012354308686	0.0011032224769360346
2,9,10	0.0014031531747664312	0.00023538910233680696	2.5199860884252188e-09	0.00046849131190243847	0.002337815037630424
2,9,11	0.000711103500074476	0.000235389097861777	0.002520641507072298	-0.00022355834502047053	0.0016457653451694225
2,9,12	0.00027805197202394796	0.00023538909964251003	0.23751012206626426	-0.000656609880141773	0.001212713824189669
2,9,13	0.00020138595902415013	0.00023538910066199422	0.3922526864178717	-0.0007332758971896469	0.0011360478152379473
2,9,14	0.00012669451228651714	0.00023538910244581997	0.5904170815818838	-0.0008079673510103347	0.001061356375583369
2,9,15	-0.0002592033052446832	0.0002353890978566854	0.2708269629549201	-0.0011938651503194124	0.000675458539830046
2,9,16	-1.6193089425812742e-05	0.00023538909964251033	0.9451547135083217	-0.0009508549415915349	0.0009184687627399094
2,10,11	0.0008100366098858685	0.0002353890978617769	0.0005793627833826828	-0.00012462523520907764	0.0017446984549808146
2,10,12	7.892528860356778e-05	0.0002353890996425104	0.7374020463506106	-0.0008557365635621547	0.0010135871407692901
2,10,13	0.00029211160581033187	0.00023538910066199428	0.2146200763695758	-0.0006425502504034654	0.001226773462024129
2,10,14	4.608046760421099e-05	0.0002353891024458199	0.8447963156983792	-0.0008885813956926406	0.0009807423309010626
2,10,15	9.453850451915033e-05	0.0002353890978566852	0.687960232304327	-0.0008401233405555781	0.0010292003495938787
2,10,16	2.9018588343018847e-05	0.0002353890996425104	0.9018863648922316	-0.0009056432638227036	0.0009636804405087413
2,11,12	-3.9871743573168666e-05	0.00023538908978773892	0.8654931381815948	-0.0009745335566084515	0.0008947900694621141
2,11,13	0.0003012346560916073	0.00023538910334274722	0.20064445182695906	-0.0006334272107666825	0.0012358965229498971
2,11,14	0.0001010250242977559	0.0002353890907905872	0.6677913926519177	-0.0008336367927195466	0.0010356868413150585
2,11,15	0.00028574548455260204	0.000235389097400167	0.22477953072229281	-0.000648916358709425	0.0012204073278146291
2,11,16	0.00043306885275320377	0.00023538908978773892	0.06580217085587722	-0.000501592960282079	0.0013677306657884866
2,12,13	6.009138943152692e-05	0.0002353890907905872	0.7985035141254999	-0.0008745704275857756	0.0009947532064488295
2,12,14	3.6856352364944556e-05	0.00023538910334274733	0.8755792778838558	-0.0008978055144933457	0.0009715182192232348
2,12,15	-0.0003011996524309238	0.0002353890933720178	0.20069675441142515	-0.0012358614796983386	0.000633462174836491
2,12,16	0.00021735372303602687	0.00023538910233680685	0.3558123510535314	-0.0007173081398279654	0.0011520155859000192
2,13,14	1.4119738022304665e-05	0.0002353890897877389	0.9521680252654507	-0.000920542075012978	0.0009487815510575874
2,13,15	2.194003018483881e-05	0.00023538909796190865	0.9257390013762953	-0.0009127218153077015	0.0009566018756773791
2,13,16	3.3965105320716074e-05	0.0002353890907905874	0.8852691943992752	-0.0009006967116965872	0.0009686269223380193
2,14,15	-7.785688399402323e-05	0.0002353890908014872	0.7408281671884535	-0.0010125187010546063	0.00085680493306656
2,14,16	0.00014685638056286497	0.0002353891033427475	0.5327034938705677	-0.000787805486295426	0.001081518247421156
2,15,16	0.00028335136226802053	0.00023538909337201768	0.22868775567498442	-0.0006513104649993938	0.0012180131895354349
3,4,5	-0.011684876729475546	0.0002353890879988663	0.0	-0.012619538535407735	-0.010750214923543357
3,4,6	0.0018953542907398611	0.00023538910066199433	8.281953412652309e-16	0.0009606924345260636	0.0028300161469536587
3,4,7	0.0006122978404771232	0.00023538908575382238	0.009291505872375731	-0.0003223639565406469	0.0015469596374948933
3,4,8	0.01117175269074318	0.00023538908575382233	0.0	0.01023709089372541	0.012106414487760949
3,4,9	0.001658424512738576	0.0002353890863181275	1.8668370010366956e-12	0.0007237627134801139	0.002593086311997038
3,4,10	0.005106021290040404	0.00023538908631812728	5.751147610511347e-104	0.004171359490781942	0.006040683089298865
3,4,11	0.009359134670736492	0.00023538907647144795	0.0	0.008424472910576339	0.010293796430896646
3,4,12	-6.992152210302804e-05	0.00023538908363612842	0.7664318996175696	-0.0010045833107120495	0.0008647402665059934
3,4,13	0.00011961382429838581	0.00023538908083109382	0.6113473109239184	-0.0008150479531726566	0.0010542756017694283
3,4,14	0.00013911754720983584	0.00023538908799886616	0.554515091268758	-0.0007955442587223519	0.0010737793531420236
3,4,15	0.0005751822641599028	0.00023538908183637805	0.01454666864999469	-0.00035947951730283187	0.0015098440456226374
3,4,16	0.0014076777382090039	0.0002353890836361285	2.2400329868629713e-09	0.0004730159495999821	0.0023423395268180255
3,5,6	-7.97370535368519e-05	0.00023538910066199425	0.7348023821124943	-0.001014398909750649	0.0008549248026769453
3,5,7	-0.0010882561723289524	0.00023538908575382236	3.785510198135101e-06	-0.0020229179693467226	-0.00015359437531118248
3,5,8	-0.004957190772196869	0.00023538908575382233	3.990186131751194e-98	-0.005891852569214639	-0.004022528975179099
3,5,9	0.0018827086944225597	0.00023538908631812704	1.2823364820376034e-15	0.0009480468951640996	0.0028173704936810197
3,5,10	-0.014158363281966912	0.00023538908631812714	0.0	-0.015093025081225373	-0.01322370148270845
3,5,11	-0.008272485471786405	0.00023538907647144828	4.848256283317527e-268	-0.00920714723194656	-0.00733782371162625
3,5,12	-0.0001660875810251261	0.00023538908363612834	0.4804472721529486	-0.0011007493696341473	0.000768574207583895
3,5,13	-0.0013479484297091414	0.00023538908083109398	1.0299374881159278e-08	-0.0022826102071801845	-0.0004132866522380983
3,5,14	0.00017213312564814953	0.00023538908799886632	0.4646165117537665	-0.0007625286802840389	0.001106794931580338
3,5,15	0.0018274279848001333	0.00023538908183637808	8.3863017525869e-15	0.0008927662033373986	0.002762089766262868
3,5,16	-0.0021032530299894096	0.0002353890836361285	4.1673072570948666e-19	-0.0030379148185984313	-0.001168591241380388
3,6,7	-0.0005386599762457079	0.0002353890908014871	0.022118532132952184	-0.0014733217933062905	0.00039600184081487486
3,6,8	0.0003576938545875683	0.00023538909080148744	0.12862005513300706	-0.0005769679624730158	0.0012923556716481525
3,6,9	-0.0005381393994442775	0.00023538908978773906	0.022247544046530246	-0.001472801212479561	0.0003965224135910058
3,6,10	0.0016148230466534411	0.00023538908978773884	6.936462057910759e-12	0.0006801612336181587	0.0025494848596887237
3,6,11	0.0007798956214888925	0.0002353890996425102	0.0009227922641154997	-0.00015476623067682907	0.001714557473654614
3,6,12	-0.0003372003316552607	0.0002353890978617769	0.15199897944449847	-0.0012718621767502068	0.0005974615134396854
3,6,13	-2.0462632522768275e-05	0.00023538910244581994	0.9307265509764979	-0.00095512449581962	0.0009141992307740834
3,6,14	-0.0002413217517334039	0.0002353891006619944	0.3052709583429436	-0.0011759836079472017	0.0006933401044803939
3,6,15	-0.0006307437445883524	0.0002353891018899796	0.007373337130671296	-0.0015654056056781233	0.00030391811650141856
3,6,16	-0.0002715121153642197	0.0002353890978617769	0.248725518871022	-0.0012061739604591658	0.0006631497297307264
3,7,8	-0.006010314077260357	0.0002353890879988661	4.284193969312829e-143	-0.006944975883192544	-0.00507565227132817
3,7,9	-0.005042514139215946	0.00023538908363243195	1.8749956898001744e-101	-0.00597717592781029	-0.004107852350621602
3,7,10	0.00457368313116875	0.00023538908363243222	7.417120593944095e-84	0.0036390213425744047	0.005508344919763095
3,7,11	0.003748399971129548	0.00023538907736726295	5.517002934961706e-57	0.0028137382074123734	0.004683061734846722
3,7,12	-0.006733262944527498	0.00023538908363265274	7.61890657673358e-179	-0.007667924733122718	-0.005798601155932278
3,7,13	9.007637958302617e-06	0.00023538907635615972	0.9694749053759221	-0.0009256541217440743	0.0009436693976606795
3,7,14	-0.0002934625588565873	0.00023538908575382228	0.21250737045496507	-0.001228124355874357	0.0006411992381611824
3,7,15	-0.004133502756911668	0.00023538907915300516	7.167364717237778e-69	-0.005068164527719507	-0.0031988409861038285
3,7,16	-0.004904311597604736	0.00023538908363265288	4.32037623178769e-96	-0.005838973386199957	-0.003969649809009515
3,8,9	0.003940703212907645	0.00023538908363243197	8.894347324100433e-63	0.0030060414243133007	0.004875365001501989
3,8,10	-0.015255602126900386	0.00023538908363243167	0.0	-0.01619026391549473	-0.014320940338306044
3,8,11	-0.008446953305341358	0.0002353890773672627	2.903885939153038e-279	-0.009381615069058533	-0.007512291541624185
3,8,12	-0.0016003907267087766	0.00023538908363265282	1.0631810400708572e-11	-0.0025350525153039977	-0.0006657289381135558
3,8,13	0.00016688066286722064	0.00023538907635616	0.4783538965568024	-0.0007677810968351573	0.0011015424225695987
3,8,14	-0.00014532131014445386	0.00023538908575382238	0.5369952537476355	-0.001079983107162224	0.0007893404868733162
3,8,15	0.0004957904729448286	0.00023538907915300516	0.035185654661732006	-0.0004388712978630105	0.0014304522437526676
3,8,16	-0.0021497921664043063	0.00023538908363265304	6.852462519333759e-20	-0.0030844539549995283	-0.0012151303778090846
3,9,10	0.010177806556551008	0.0002353890879988663	0.0	0.009243144750618819	0.011112468362483197
3,9,11	-0.00029850995029008336	0.00023538907859642577	0.20474698546399858	-0.001233171718887907	0.0006361518183077404
3,9,12	-0.00038608742505394887	0.00023538908576463996	0.1009664568181152	-0.0013207492221146723	0.0005485743720067746
3,9,13	0.0003993605771671384	0.0002353890791530052	0.08977753979508572	-0.0005353011936407008	0.0013340223479749776
3,9,14	1.3543235505956291e-05	0.00023538908631812714	0.9541187825592065	-0.0009211185637525043	0.0009482050347644169
3,9,15	-0.0014700507578685597	0.00023538907635615967	4.2588665755001906e-10	-0.0024047125175709365	-0.000535388998166183
3,9,16	-0.0011101398423975064	0.00023538908576463985	2.4080046233444824e-06	-0.002044801639458229	-0.00017547804533678333
3,10,11	0.01062087271348754	0.00023538907859642558	0.0	0.009686210944889717	0.011555534482085362
3,10,12	0.003489994669441325	0.00023538908576463998	1.191388441326114e-49	0.0025553328723806014	0.004424656466502049
3,10,13	-0.0007003917202330172	0.00023538907915300535	0.002926535679259972	-0.0016350534910408569	0.00023427005057482261
3,10,14	0.0002772900753676977	0.00023538908631812695	0.23879799727534526	-0.0006573717238907621	0.0012119518746261575
3,10,15	0.0032240464926935547	0.00023538907635615989	1.218806029747732e-42	0.002289384732991177	0.004158708252395932
3,10,16	0.0006522828431685945	0.0002353890857646401	0.005588598839330628	-0.00028237895389212947	0.0015869446402293186
3,11,12	-0.004548448799486328	0.00023538908083109366	5.882295814105082e-83	-0.00548311057695737	-0.003613787022015286
3,11,13	0.00033962029259978696	0.00023538908363612848	0.14908054569586557	-0.0005950414960092347	0.0012742820812088086
3,11,14	-0.0002582487273588979	0.0002353890764714483	0.272595494434244	-0.0011929104875190524	0.0006764130328012566
3,11,15	-0.0008080435964023403	0.00023538908083737634	0.0005977558680582304	-0.0017427053738983287	0.00012661818109364821
3,11,16	-0.004049755203858344	0.00023538908083109338	3.447703912975104e-66	-0.004984416981329384	-0.0031150934263873033
3,12,13	0.00020244361773146327	0.00023538907647144812	0.3897711187040789	-0.0007322181424286905	0.001137105377891617
3,12,14	0.00022086027455448312	0.00023538908363612861	0.34810532874708555	-0.0007138015140545391	0.0011555220631635052
3,12,15	-0.00284823294460447	0.00023538907590904993	1.1467761973351877e-33	-0.0037828947025315036	-0.0019135711866774367
3,12,16	-0.0025059044310007175	0.00023538908799886624	1.918346343569214e-26	-0.0034405662369329055	-0.0015712426250685295
3,13,14	-0.00023945813009048841	0.00023538908083109366	0.3090209612564043	-0.0011741199075615302	0.0006952036473805534
3,13,15	-0.0006982790666764591	0.00023538908363243173	0.0030133121031612055	-0.001632940855270802	0.0002363827219178839
3,13,16	0.0006089334295210254	0.0002353890764714483	0.009685877810129613	-0.0003257283306391291	0.0015435951896811799
3,14,15	0.00014318688023005552	0.00023538908183637803	0.5429914922165948	-0.000791474901232679	0.0010778486616927901
3,14,16	0.00040168625674398203	0.00023538908363612837	0.08792393636048056	-0.0005329755318650392	0.0013363480453530033
3,15,16	-0.003489084617859871	0.00023538907590904998	1.261735616032501e-49	-0.004423746375786904	-0.002554422859932837
4,5,6	-0.002275874433293513	0.00023538907736726265	4.244352048836443e-22	-0.0032105361970106864	-0.0013412126695763393
4,5,7	-0.011493216589087807	0.00023538909964251014	0.0	-0.012427878441253528	-0.010558554736922085
4,5,8	-0.01774749185945524	0.0002353890996425102	0.0	-0.018682153711620963	-0.016812830007289517
4,5,9	-0.0026011154824668453	0.0002353891006543521	2.316653735042583e-28	-0.003535777338650298	-0.0016664536262833928
4,5,10	-0.0036409189046978374	0.00023538910065435168	7.161057304807683e-54	-0.004575580760881288	-0.0027062570485143866
4,5,11	-0.016435552571066818	0.00023538909080148723	0.0	-0.0173702143881274	-0.015500890754006234
4,5,12	-0.00027563003559345246	0.00023538909796190879	0.24162117892835028	-0.0012102918810859933	0.0006590318098990884
4,5,13	-4.490440125257556e-05	0.00023538909337201768	0.8487089740810582	-0.00097956622851999	0.0008897574260148388
4,5,14	0.00037014219617439916	0.000235389097400167	0.11584656735136964	-0.0005645196470876279	0.0013048040394364262
4,5,15	-0.0008608150064114174	0.00023538909079058725	0.00025539840400025995	-0.00179547682342872	7.384681060588528e-05
4,5,16	-0.00012545519687990649	0.00023538909796190868	0.5940565584340043	-0.0010601170423724469	0.0008092066486126339
4,6,7	-0.0004551401718587422	0.00023538907647144828	0.053170933525585204	-0.0013898019320188965	0.00047952158830141215
4,6,8	0.0005254016209419107	0.00023538907647144828	0.02561465880426618	-0.00040926013921824364	0.001460063381102065
4,6,9	-0.00014851250049949596	0.00023538907590904976	0.5280927671067726	-0.001083174258426529	0.000786149257427537
4,6,10	-0.0005085969585820194	0.0002353890759090501	0.030724870430513213	-0.0014432587165090537	0.00042606479934501485
4,6,11	-0.0006940846009170915	0.0002353890857538223	0.0031925898056011006	-0.0016287463979348612	0.0002405771961006783
4,6,12	-0.00014634096157738197	0.00023538907635616007	0.5341425312343943	-0.0010810027212797603	0.0007883207981249963
4,6,13	-0.0001226291297521673	0.00023538908363265282	0.6023939513011534	-0.0010572909183473882	0.0008120326588430535
4,6,14	-1.9420354366080778e-05	0.00023538907736726257	0.9342468209147752	-0.0009540821180832539	0.0009152414093510923
4,6,15	0.0002694937671322596	0.00023538908576463985	0.2522604375133309	-0.0006651680299284634	0.0012041555641929826
4,6,16	-0.00023765690250744653	0.00023538907635615986	0.3126742630894156	-0.001172318662209824	0.0006970048571949309
4,7,8	0.0015810855957456259	0.0002353890974001671	1.871547371223612e-11	0.0006464237524835984	0.0025157474390076536
4,7,9	-0.00016800851532738394	0.00023538910334274755	0.47538555304098895	-0.001102670382185675	0.0007666533515309072
4,7,10	0.0007211540206332051	0.00023538910334274733	0.00218731210760736	-0.00021350784622508516	0.0016558158874914954
4,7,11	0.00025916423529318347	0.00023538910066199422	0.27089920003120993	-0.0006754976209206136	0.0011938260915069806
4,7,12	0.0004434509775982122	0.00023538910244582035	0.05958214217163633	-0.0004912108856986411	0.0013781128408950655
4,7,13	7.276149063852912e-06	0.00023538909786177697	0.9753404883296628	-0.0009273856960310935	0.0009419379941587993
4,7,14	0.00015346189336109227	0.00023538909964251003	0.5144358219169048	-0.0007811999588046287	0.0010881237455268133
4,7,15	0.0005487072685603951	0.00023538909348878528	0.01975298353776917	-0.0003859545591706695	0.0014833690962914596
4,7,16	0.000734872687777794	0.00023538910244582008	0.001797372367962076	-0.00019978917551905818	0.0016695345510746463
4,8,9	0.002431522645804896	0.00023538910334274744	5.402814761766648e-25	0.0014968607789466052	0.0033661845126631866
4,8,10	-0.002971562442137421	0.00023538910334274752	1.7181398788496417e-36	-0.003906224308995712	-0.00203690057527913
4,8,11	-0.0006527606607412582	0.00023538910066199417	0.0055538631620254885	-0.001587422516955055	0.00028190119547253864
4,8,12	0.00041076055522981485	0.0002353891024458199	0.08098474733802374	-0.0005239013080670367	0.0013454224185266664
4,8,13	0.00042140819884080305	0.0002353890978617769	0.07341643812065164	-0.0005132536462541431	0.0013560700439357492
4,8,14	-0.00018746621732811976	0.00023538909964251006	0.4257967222353767	-0.0011221280694938408	0.0007471956348376013
4,8,15	0.00041470838579214103	0.00023538909348878528	0.07810789255418112	-0.0005199534419389236	0.0013493702135232055
4,8,16	0.0011787692287361998	0.0002353891024458199	5.521485486002895e-07	0.0002441073654393482	0.002113431092033051
4,9,10	-0.0005422203965340499	0.00023538909740016694	0.021253490596049734	-0.0014768822397960768	0.000392441446727977
4,9,11	0.00029166771445313577	0.00023538909785668501	0.21531754094093827	-0.0006429941306215919	0.0012263295595278635
4,9,12	0.00022598604583053822	0.00023538910188997944	0.3370320523472884	-0.0007086758152592321	0.0011606479069203085
4,9,13	2.5776285779263025e-05	0.0002353890934887853	0.9128022846738443	-0.0009088855419518017	0.0009604381135103277
4,9,14	-9.192470679615216e-05	0.0002353891006543519	0.6961516084411212	-0.0010265865629796038	0.0008427371493872995
4,9,15	-0.00024717665522702974	0.00023538909786177697	0.29368667036209517	-0.0011818385003219763	0.0006874851898679167
4,9,16	-0.0003030146690217116	0.00023538910188997936	0.1979968876684312	-0.0012376765301114817	0.0006316471920680583
4,10,11	-0.0029584436821194927	0.00023538909785668507	3.4760530842802355e-36	-0.0038931055271942206	-0.0020237818370447648
4,10,12	-0.00043967962468286804	0.0002353891018899792	0.06178269746034314	-0.0013743414857726372	0.0004949822364069013
4,10,13	0.0006197123057966013	0.00023538909348878517	0.008472556908986649	-0.0003149495219344629	0.0015543741335276653
4,10,14	0.00022150545423754026	0.00023538910065435187	0.34669898101252294	-0.0007131564019459113	0.001156167310420992
4,10,15	0.00010220452916661141	0.00023538909786177673	0.6641490294288054	-0.000832457315928334	0.0010368663742615569
4,10,16	-0.0006490546553750282	0.00023538910188997922	0.00582848263600848	-0.0015837165164647976	0.00028560720571474125
4,11,12	0.0010900575957852252	0.00023538909337201814	3.64828157545702e-06	0.00015539576851780897	0.0020247194230526414
4,11,13	-0.00047967517632455103	0.00023538909796190857	0.04157429845684201	-0.001414337021817091	0.0004549866691679889
4,11,14	-0.0003529461366885943	0.00023538909080148728	0.13377065006711783	-0.0012876079537491778	0.0005817156803719892
4,11,15	0.0003224071991076178	0.0002353891023368068	0.17079228344235692	-0.0006122546637563743	0.00125706906197161
4,11,16	-0.0013137936309897819	0.00023538909337201804	2.395824991129113e-08	-0.0022484554582571977	-0.0003791318037223661
4,12,13	-0.00013190573141921152	0.00023538909080148736	0.5752268632607944	-0.0010665675484797955	0.0008027560856413723
4,12,14	-0.00017041667993639847	0.00023538909796190868	0.46908145851553407	-0.0011050785254289389	0.0007642451655561419
4,12,15	0.0004450367950684375	0.00023538908978773868	0.05867643688569861	-0.0004896250179668443	0.0013796986081037192
4,12,16	-0.0005616719565369817	0.00023538909740016716	0.01702899856381082	-0.0014963337997990094	0.00037298988672504604
4,13,14	-0.00028191596426741915	0.00023538909337201768	0.23105401322345828	-0.0012165777915348335	0.0006527458629999952
4,13,15	-0.00026577701283471856	0.0002353891033427475	0.25886130511255007	-0.0012004388796930095	0.0006688848540235724
4,13,16	5.3584156189416185e-05	0.0002353890908014872	0.8199262322785417	-0.000881077660871167	0.0009882459732499993
4,14,15	-0.00011027998970523922	0.00023538909079058717	0.6394280366014236	-0.0010449418067225416	0.0008243818273120632
4,14,16	-9.971560714024802e-05	0.00023538909796190862	0.6718441323262473	-0.0010343774526327882	0.0008349462383522922
4,15,16	-0.0011302096815147752	0.00023538908978773876	1.5786907103984204e-06	-0.0020648714945500574	-0.0001955478684794931
5,6,7	0.00010600346824010676	0.0002353890764714482	0.6524718556809499	-0.0008286582919200473	0.0010406652284002608
5,6,8	0.0002641143527339594	0.00023538907647144841	0.26185249030510066	-0.0006705474074261955	0.0011987761128941143
5,6,9	-2.677147817654532e-05	0.00023538907590905003	0.9094498971180434	-0.0009614332361035793	0.0009078902797504887
5,6,10	-0.0002716740713205948	0.00023538907590904984	0.2484433333622222	-0.001206335829247628	0.0006629876866064385
5,6,11	0.00016113449550620058	0.00023538908575382236	0.4936333328890714	-0.0007735273015115694	0.0010957962925239706
5,6,12	-0.0001234214223680835	0.0002353890763561599	0.6000512170352863	-0.0010580831820704612	0.0008112403373342941
5,6,13	9.803020226954381e-05	0.00023538908363265282	0.6770746096247116	-0.000836631586325677	0.0010326919908647647
5,6,14	-0.00010788858087350424	0.00023538907736726287	0.6467086554258097	-0.0010425503445906786	0.00082677318284367
5,6,15	2.1768577698566202e-05	0.0002353890857646401	0.9263176582955019	-0.0009128932193621578	0.0009564303747592902
5,6,16	-0.00015533882601472676	0.0002353890763561598	0.5093051501192596	-0.001090000585717104	0.0007793229336876505
5,7,8	-0.005738385984754074	0.00023538909740016716	1.1301862509522744e-130	-0.0066730478280161015	-0.004803724141492046
5,7,9	-0.0013327132410207304	0.00023538910334274738	1.5047219115558e-08	-0.002267375107879021	-0.0003980513741624399
5,7,10	0.004034067116122494	0.0002353891033427473	1.0813657831862826e-65	0.003099405249264204	0.004968728982980784
5,7,11	-0.004811872734186758	0.00023538910066199409	1.3824302265741738e-92	-0.005746534590400555	-0.0038772108779729616
5,7,12	-0.002154330784253186	0.0002353891024458201	5.734509373877027e-20	-0.0030889926475500384	-0.001219668920956334
5,7,13	0.00018642625270018365	0.00023538909786177678	0.4283683121681985	-0.000748235592394762	0.0011210880977951293
5,7,14	-4.386464566632532e-05	0.00023538909964251025	0.8521712594105761	-0.0009785264978320472	0.0008907972064993965
5,7,15	-0.002479397029935774	0.0002353890934887851	6.374684141348978e-26	-0.003414058857666838	-0.00154473520220471
5,7,16	-0.0016868328932073892	0.00023538910244582002	7.795659724594248e-13	-0.0026214947565042414	-0.0007521710299105372
5,8,9	0.00038842796228430324	0.0002353891033427475	0.09891655420423905	-0.0005462339045739877	0.0013230898291425942
5,8,10	3.842657939213522e-05	0.00023538910334274736	0.8703244223892488	-0.0008962352874661552	0.0009730884462504256
5,8,11	-0.012845005230290467	0.00023538910066199428	0.0	-0.013779667086504264	-0.01191034337407667
5,8,12	-0.0008884007850448183	0.00023538910244582024	0.00016067787361739484	-0.0018230626483416712	4.626107825203454e-05
5,8,13	-0.0005624256806901289	0.0002353890978617768	0.016881300698475963	-0.0014970875257850746	0.0003722361644048169
5,8,14	-0.0001943140097851112	0.00023538909964251027	0.4090900775149042	-0.0011289758619508331	0.0007403478423806107
5,8,15	0.0006967527398760512	0.0002353890934887853	0.0030774597153431964	-0.00023790908785501354	0.001631414567607116
5,8,16	-0.0009785292424150382	0.0002353891024458199	3.227671760880795e-05	-0.0019131911057118898	-4.3867379118186665e-05
5,9,10	0.004360974041230176	0.00023538909740016724	1.9843961259773123e-76	0.0034263121979681475	0.005295635884492203
5,9,11	-0.0008831052814151745	0.00023538909785668496	0.00017580432822246036	-0.001817767126489902	5.155656365955297e-05
5,9,12	0.00023225941255045762	0.00023538910188997963	0.3237913588249116	-0.0007024024485393134	0.0011669212736402285
5,9,13	0.00015585296818405175	0.00023538909348878504	0.5079044543507334	-0.0007788088595470119	0.0010905147959151154
5,9,14	3.955322159011204e-05	0.0002353891006543518	0.8665575585081577	-0.0008951086345933392	0.0009742150777735633
5,9,15	-0.00030961094672727826	0.00023538909786177692	0.18840851727267507	-0.0012442727918222244	0.000625050898367668
5,9,16	-0.0002165603886365719	0.00023538910188997933	0.3575708210974413	-0.0011512222497263417	0.0007181014724531979
5,10,11	-0.0034615810139638666	0.00023538909785668518	7.09677631704081e-49	-0.004396242859038595	-0.0025269191688891382
5,10,12	0.0014219464436076718	0.00023538910188997952	1.5415172823029715e-09	0.00048728458251790115	0.0023566083046974422
5,10,13	-0.00047019232463012955	0.00023538909348878515	0.0457738621119599	-0.0014048541523611936	0.0004644695031009345
5,10,14	0.0003098231230446117	0.00023538910065435165	0.1881058911015495	-0.000624838733138839	0.0012444849792280625
5,10,15	0.0016305996341228896	0.00023538909786177697	4.330773437944768e-12	0.0006959377890279431	0.002565261479217836
5,10,16	0.0006181794055814564	0.0002353891018899795	0.008636376689960146	-0.0003164824555083141	0.0015528412666712269
5,11,12	-0.0026870225358440174	0.00023538909337201793	3.7503124396633586e-30	-0.003621684363111433	-0.001752360708576602
5,11,13	-0.00020058025928842982	0.00023538909796190843	0.3941494586444503	-0.0011352421047809693	0.0007340815862041096
5,11,14	-2.6862569799807057e-07	0.0002353890908014875	0.9990894589747623	-0.0009349304427585825	0.0009343931913625863
5,11,15	-0.0003101775194887541	0.0002353891023368068	0.18760121150453574	-0.0012448393823527462	0.000624484343375238
5,11,16	-0.0020874397287153883	0.0002353890933720178	7.628626842115328e-19	-0.0030221015559828033	-0.0011527779014479736
5,12,13	0.00026052545811199555	0.00023538909080148704	0.2683903708926258	-0.000674136358948587	0.0011951872751725782
5,12,14	0.00011049990892000178	0.00023538909796190876	0.6387602303012405	-0.0008241619365725389	0.0010451617544125426
5,12,15	-0.0011987851125725493	0.00023538908978773892	3.53834903266602e-07	-0.0021334469256078323	-0.0002641232995372665
5,12,16	-0.0010464779870349473	0.00023538909740016705	8.773625608721976e-06	-0.0019811398302969747	-0.00011181614377292004
5,13,14	-0.00027323869905668003	0.00023538909337201782	0.24572917689963483	-0.001207900526324095	0.0006614231282107348
5,13,15	-5.3670892830301464e-05	0.0002353891033427475	0.8196397687726912	-0.0009883327596885924	0.0008809909740279895
5,13,16	-1.727935801636854e-05	0.00023538909080148717	0.9414819633368696	-0.0009519411750769516	0.0009173824590442145
5,14,15	-0.00023681320841238522	0.0002353890907905873	0.3143952456505151	-0.0011714750254296882	0.0006978486086049177
5,14,16	0.0002772584609279406	0.00023538909796190862	0.2388515674853137	-0.0006574033845645995	0.0012119203064204808
5,15,16	0.00010054826460190354	0.00023538908978773884	0.6692658798220017	-0.0008341135484333789	0.0010352100776371861
6,7,8	-0.0001305625069971325	0.00023538907736726268	0.5791245001868108	-0.001065224270714306	0.000804099256720041
6,7,9	-0.00010748948104829029	0.00023538907859642567	0.6479270403813198	-0.0010421512496461135	0.0008271722875495331
6,7,10	-0.0010198981634521598	0.0002353890785964255	1.4743355113673962e-05	-0.0019545599320499826	-8.523639485433709e-05
6,7,11	-0.0005162280222052	0.00023538908799886635	0.02830487298341753	-0.0014508898281373884	0.00041843378372698854
6,7,12	3.6777500595882445e-05	0.00023538908083109382	0.8758432948219685	-0.00089788427687516	0.0009714392780669249
6,7,13	-1.9540690501472155e-05	0.00023538908363612842	0.9338403223766002	-0.0009542024791104936	0.0009151210981075493
6,7,14	-0.00022388311395257418	0.00023538907647144841	0.3415473202078656	-0.001158544874112729	0.0007107786462075807
6,7,15	0.00020688070115361737	0.00023538908083737644	0.3794651186361666	-0.0007277810763423716	0.0011415424786496062
6,7,16	-2.403468767213021e-05	0.0002353890808310937	0.9186726851467084	-0.0009586964651431722	0.0009106270897989118
6,8,9	-0.00013685752713164107	0.00023538907859642572	0.5609662867316889	-0.0010715192957294647	0.0007978042414661825
6,8,10	-0.0010487206383714975	0.0002353890785964259	8.39297600076817e-06	-0.0019833824069693216	-0.00011405886977367322
6,8,11	-0.0013220625341155215	0.00023538908799886597	1.9566148471878818e-08	-0.0022567243400477086	-0.00038740072818333447
6,8,12	-0.0003130731924894173	0.00023538908083109357	0.18351495082552738	-0.0012477349699604586	0.0006215885849816242
6,8,13	-0.000308881658658184	0.00023538908363612842	0.18945142778966684	-0.0012435434472672054	0.0006257801299508375
6,8,14	5.717188989709e-05	0.0002353890764714482	0.8080971827097339	-0.000877489870263064	0.000991833650057244
6,8,15	2.7609635334463478e-05	0.0002353890808373763	0.9066277509218417	-0.0009070521421615249	0.0009622714128304519
6,8,16	-0.0002519203857482069	0.00023538908083109387	0.28451991239863694	-0.0011865821632192496	0.0006827413917228358
6,9,10	-9.812170910721701e-05	0.00023538907736726287	0.6767902155932095	-0.0010327834728243914	0.0008365400546099573
6,9,11	9.90463195726203e-05	0.00023538908363243208	0.6739193007628819	-0.0008356154690217241	0.0010337081081669647
6,9,12	-0.0003654750645465596	0.00023538908183637813	0.12051347581867733	-0.0013001368460092947	0.0005691867169161754
6,9,13	3.3453357808591044e-05	0.0002353890808373764	0.8869861266941377	-0.0009012084196873977	0.0009681151353045798
6,9,14	-0.00024115423701862298	0.00023538907590904993	0.30560674620726297	-0.0011758159949456564	0.0006935075209084106
6,9,15	8.374136592123951e-05	0.00023538908363612832	0.7220235470048786	-0.0008509204226877815	0.0010184031545302605
6,9,16	-1.1420449580924405e-05	0.0002353890818363779	0.9613041034233171	-0.0009460822310436584	0.0009232413318818096
6,10,11	-0.0006003554890515999	0.00023538908363243192	0.010759703085182756	-0.0015350172776459436	0.00033430629954274383
6,10,12	-0.0001195228586446731	0.00023538908183637792	0.6116183313618313	-0.0010541846401074073	0.000815138922818061
6,10,13	-2.4271577240084913e-05	0.00023538908083737653	0.9178739336600872	-0.0009589333547360742	0.0009103902002559044
6,10,14	8.361281120038751e-05	0.00023538907590905014	0.7224326095798355	-0.0008510489467266469	0.0010182745691274218
6,10,15	-0.00020449181545515588	0.00023538908363612848	0.3849927989674953	-0.0011391536040641775	0.0007301699731538658
6,10,16	-0.00027672899991053497	0.0002353890818363779	0.23974956952892795	-0.001211390781373269	0.000657932781552199
6,11,12	-5.211362568317574e-05	0.00023538908363265277	0.8247867087015386	-0.0009867754142783964	0.0008825481629120449
6,11,13	-0.0003658629889188095	0.00023538907635615989	0.12012003616949211	-0.0013005247486211871	0.0005687987707835681
6,11,14	-0.00023942321811358004	0.00023538908575382238	0.30909151179576844	-0.0011740850151313502	0.00069523857890419
6,11,15	-0.0001475055612088147	0.00023538907915300513	0.5308936919731435	-0.0010821673320166535	0.0007871562095990242
6,11,16	-0.00011817854112669383	0.00023538908363265266	0.6156297171124485	-0.001052840329721914	0.0008164832474685264
6,12,13	8.98084246687414e-05	0.00023538908575382252	0.7028099200620486	-0.0008448533723490292	0.001024470221686512
6,12,14	2.2382029934873635e-06	0.0002353890763561599	0.9924134380242264	-0.0009324235567088903	0.000936899962695865
6,12,15	0.00043689552293155187	0.00023538908631812712	0.06344999121350813	-0.0004977662763269086	0.0013715573221900123
6,12,16	7.200448794109429e-05	0.00023538907736726276	0.7596851025399587	-0.0008626572757760796	0.0010066662516582683
6,13,14	0.00017299332612097373	0.00023538908363265285	0.4623878202199304	-0.0007616684624742472	0.0011076551147161948
6,13,15	-1.5870170565809166e-05	0.0002353890785964258	0.9462467477155279	-0.000950531939163633	0.0009187915980320147
6,13,16	-0.0001863465322932325	0.00023538908575382228	0.42856579087091895	-0.0011210083293110022	0.0007483152647245372
6,14,15	0.00017777833548199284	0.00023538908576464012	0.45009988023142233	-0.0007568834615787313	0.001112440132542717
6,14,16	0.0002999536837754611	0.00023538907635615983	0.2025656214877078	-0.0006347080759269162	0.0012346154434778383
6,15,16	5.673614590154252e-07	0.0002353890863181272	0.9980768574630972	-0.0009340944377994454	0.0009352291607174762
7,8,9	0.004737256293268342	0.00023538910065435198	8.359105269209182e-90	0.0038025944370848903	0.0056719181494517944
7,8,10	0.004358397156398085	0.00023538910065435195	2.4292791092999896e-76	0.0034237353002146333	0.0052930590125815375
7,8,11	0.020109329095782315	0.00023538909080148728	0.0	0.019174667278721733	0.021043990912842897
7,8,12	-0.0009023232675570489	0.0002353890979619086	0.00012654129189923697	-0.001836985113049589	3.233857793549116e-05
7,8,13	-0.00039087027384509827	0.00023538909337201785	0.09681303581751764	-0.0013255321011125133	0.0005437915534223167
7,8,14	-0.0003559837005486406	0.000235389097400167	0.13045728405605245	-0.0012906455438106677	0.0005786781427133865
7,8,15	-0.0023576567068617094	0.00023538909079058717	1.348750621569934e-23	-0.003292318523879012	-0.001422994889844407
7,8,16	0.0002446962805854203	0.00023538909796190873	0.29855774375563887	-0.0006899655649071203	0.001179358126077961
7,9,10	-0.004061662578279113	0.00023538909964251016	1.4437098011226112e-66	-0.004996324430444834	-0.003127000726113391
7,9,11	0.0046311921725312715	0.00023538908978773892	6.344953506361111e-86	0.0036965303594959885	0.0055658539855665545
7,9,12	-0.0006618947932154045	0.0002353891023368067	0.004926188293411153	-0.0015965566560793962	0.0002727670696485872
7,9,13	-8.001998622127193e-05	0.00023538909079058725	0.7338969954971217	-0.0010146818032385745	0.0008546418307960308
7,9,14	-0.00022428164676390264	0.00023538910334274738	0.34068870357981695	-0.0011589435136221931	0.0007103802200943878
7,9,15	0.0014032964885945095	0.00023538909337201774	2.5106144205442337e-09	0.000468634661327095	0.002337958315861924
7,9,16	4.1827233392497526e-05	0.00023538910233680702	0.8589638452235783	-0.0008928346294714954	0.0009764890962564905
7,10,11	0.0028580325935747847	0.0002353890897877389	6.908089026878609e-34	0.0019233707805395022	0.0037926944066100673
7,10,12	-0.004819875562228012	0.00023538910233680658	6.914852970667244e-93	-0.005754537425092003	-0.003885213699364021
7,10,13	0.0009552816914471969	0.00023538909079058725	4.948719174853492e-05	2.0619874429894203e-05	0.0018899435084644995
7,10,14	-0.0006358879195559244	0.0002353891033427475	0.006905931103124912	-0.0015705497864142153	0.00029877394730236655
7,10,15	-0.0034251917973798507	0.00023538909337201804	6.83114228379448e-48	-0.0043598536246472665	-0.002490529970112435
7,10,16	-0.0004907531590699959	0.00023538910233680685	0.03708597693997012	-0.0014254150219339882	0.0004439087037939964
7,11,12	-0.0006011693743071238	0.00023538909786177702	0.010653460743913244	-0.0015358312194020704	0.0003334924707878228
7,11,13	0.000581239843487809	0.00023538910244582027	0.013541363692577954	-0.000353422019809044	0.001515901706784662
7,11,14	0.00016828650722980343	0.00023538910066199428	0.474655456845716	-0.0007663753489839939	0.0011029483634436006
7,11,15	-0.0026707187228607286	0.00023538910188997946	8.285553198137474e-30	-0.003605380583950499	-0.0017360568617709581
7,11,16	-0.0006220680672228774	0.00023538909786177697	0.00822621687539213	-0.001556729912317824	0.00031259377787206907
7,12,13	-0.000896635608619239	0.00023538910066199433	0.00013956614350122938	-0.0018312974648330366	3.8026247594558494e-05
7,12,14	0.0006004347118153883	0.00023538910244582008	0.010749326163134579	-0.00033422715148146397	0.0015350965751122405
7,12,15	0.0035290519717106877	0.0002353890978566848	1.0013023287774346e-50	0.0025943901266359606	0.004463713816785415
7,12,16	8.273532620776437e-05	0.00023538909964251022	0.7252269772404759	-0.0008519265259579573	0.001017397178373486
7,13,14	-0.0002158764665359282	0.00023538909786177673	0.35909114854931756	-0.0011505383116308737	0.0007187853785590172
7,13,15	0.000449210631543533	0.0002353891006543518	0.056347201306357515	-0.00048545122463991824	0.0013838724877269842
7,13,16	-0.000543322597740618	0.00023538910066199433	0.02099174259170094	-0.0014779844539544156	0.0003913392584731795
7,14,15	0.00040157910384642104	0.00023538909348878525	0.08800866886063179	-0.0005330827238846435	0.0013362409315774855
7,14,16	-0.00031606001565191895	0.00023538910244582	0.17936961383492556	-0.0012507218789487707	0.000618601847644933
7,15,16	0.0007397844272453193	0.00023538909785668529	0.0016740682650416585	-0.0001948774178294095	0.001674446272320048
8,9,10	-0.007385272025171294	0.00023538909964251025	1.8218411917724933e-214	-0.008319933877337015	-0.006450610173005572
8,9,11	0.0031523285459052405	0.00023538908978773908	7.633214822201386e-41	0.002217666732869957	0.0040869903589405236
8,9,12	0.0022967653805844087	0.00023538910233680675	1.7786980892176798e-22	0.0013621035177204168	0.0032314272434484006
8,9,13	-0.0003179082884481217	0.00023538909079058714	0.17683950411119617	-0.0012525701054654239	0.0006167535285691806
8,9,14	-0.0005241875614761969	0.0002353891033427475	0.025957501501101377	-0.0014588494283344878	0.00041047430538209404
8,9,15	0.0006928193017674902	0.00023538909337201782	0.003248549430661946	-0.00024184252549992464	0.0016274811290349052
8,9,16	-0.0010837011139392038	0.00023538910233680683	4.154945934530038e-06	-0.002018362976803196	-0.00014903925107521163
8,10,11	-0.026776131983732958	0.00023538908978773898	0.0	-0.02771079379676824	-0.025841470170697677
8,10,12	0.004253858273264921	0.00023538910233680664	8.05697788328539e-73	0.0033191964104009298	0.005188520136128912
8,10,13	-0.0017754989314046066	0.00023538909079058725	4.658705856314293e-14	-0.002710160748421909	-0.0008408371143873039
8,10,14	7.164194536947444e-05	0.00023538910334274768	0.7608581172935499	-0.0008630199214888172	0.001006303812227766
8,10,15	0.0009574011278841305	0.0002353890933720178	4.76144952205258e-05	2.2739300616715684e-05	0.0018920629551515452
8,10,16	0.002197111187374593	0.0002353891023368069	1.0508952825565668e-20	0.0012624493245106006	0.003131773050238586
8,11,12	-0.002413300630324567	0.00023538909786177673	1.2057056504737823e-24	-0.0033479624754195123	-0.0014786387852296216
8,11,13	-0.0003387659659958445	0.00023538910244581997	0.15010594956561843	-0.0012734278292926963	0.0005958958973010073
8,11,14	2.8349751342379367e-05	0.0002353891006619944	0.9041367025501741	-0.0009063121048714185	0.0009630116075561772
8,11,15	0.0022341181600388643	0.00023538910188997946	2.358714920798637e-21	0.0012994562989490938	0.003168780021128635
8,11,16	-0.0015612102427037117	0.0002353890978617767	3.327070259471693e-11	-0.002495872087798657	-0.0006265483976087663
8,12,13	0.00020361566922878077	0.0002353891006619943	0.3870324359807851	-0.0007310461869850166	0.0011382775254425782
8,12,14	0.0004180259213062802	0.00023538910244582008	0.0757552008311262	-0.000516635941990572	0.0013526877846031325
8,12,15	-0.0005557872903340332	0.00023538909785668501	0.01822165135849552	-0.0014904491354087608	0.00037887455474069453
8,12,16	-0.00032855018391574065	0.00023538909964250997	0.16278708766077235	-0.0012632120360814613	0.0006061116682499801
8,13,14	0.0004840903409049609	0.0002353890978617768	0.0397331600702108	-0.0004505715041899849	0.0014187521859999066
8,13,15	-0.00021440159163154532	0.00023538910065435192	0.3623835549486808	-0.001149063447814997	0.0007202602645519064
8,13,16	0.00109770838189438	0.00023538910066199428	3.1167949209701494e-06	0.00016304652568058275	0.002032370238108177
8,14,15	-0.0002665587886320625	0.00023538909348878525	0.257463032135759	-0.001201220616363127	0.000668103039099002
8,14,16	-0.0002843108943580905	0.00023538910244582002	0.2271156356258537	-0.0012189727576549425	0.0006503509689387615
8,15,16	-0.0006566107828274645	0.00023538909785668493	0.00528098182557409	-0.001591272627902192	0.00027805106224726287
9,10,11	0.005044269714283488	0.00023538909080148728	1.5993580605837995e-101	0.004109607897222905	0.005978931531344071
9,10,12	-0.0028927855500124385	0.00023538909796190865	1.1291072936348816e-34	-0.003827447395504979	-0.001958123704519898
9,10,13	-0.00016394551062999356	0.00023538909337201774	0.4861262141424081	-0.0010986073378974081	0.000770716316637421
9,10,14	-0.00014863438916004612	0.00023538909740016716	0.5277542688696956	-0.0010832962324220739	0.0007860274541019816
9,10,15	-0.001966311565840366	0.0002353890907905872	6.758788462424423e-17	-0.0029009733828576686	-0.0010316497488230634
9,10,16	4.725848098959158e-05	0.00023538909796190879	0.8408810056088344	-0.0008874033645029492	0.0009819203264821324
9,11,12	0.0006615419929376842	0.00023538909348878525	0.0049491860902229155	-0.0002731198347933803	0.0015962038206687487
9,11,13	-7.154932453105412e-05	0.00023538910188997925	0.7611578744353062	-0.0010062111856208237	0.0008631125365587154
9,11,14	0.00017849687367336477	0.0002353890978566852	0.44827080546502784	-0.0007561649714013637	0.001113158718748093
9,11,15	-0.00121076745126706	0.00023538910244581994	2.7018304029541033e-07	-0.0021454293145639117	-0.00027610558797020823
9,11,16	0.0008709978047151817	0.00023538909348878525	0.00021556763612100445	-6.366402301588277e-05	0.0018056596324462462
9,12,13	-0.0008364635323122038	0.00023538909785668501	0.0003803596969823185	-0.0017711253773869315	9.819831276252386e-05
9,12,14	0.00044267227112743113	0.00023538910188997933	0.06003110442355041	-0.0004919895899623387	0.001377334132217201
9,12,15	0.0008108559338111838	0.00023538910066199414	0.0005719552622327922	-0.0001238059224026129	0.0017455177900249806
9,12,16	0.0011823852841279332	0.00023538910065435182	5.097617441601163e-07	0.00024772342794448187	0.0021170471403113844
9,13,14	0.00020337756676723495	0.0002353890934887854	0.38758784311377215	-0.0007312842609638301	0.0011380393944982999
9,13,15	-0.00012201991973652404	0.00023538909964251	0.6041981408194734	-0.0010566817719022449	0.0008126419324291968
9,13,16	0.0002316119954709709	0.00023538909785668501	0.32514190490645367	-0.0007030498496037568	0.0011662738405456986
9,14,15	0.00021963959520024997	0.00023538909786177654	0.3507761391650531	-0.0007150222498946947	0.0011543014402951948
9,14,16	8.813905366799983e-05	0.00023538910188997917	0.7080783442960168	-0.0008465228074217694	0.001022800914757769
9,15,16	-0.0007989693790581686	0.00023538910066199436	0.0006885811200860627	-0.0017336312352719662	0.000135692477155629
10,11,12	-0.007616594943044203	0.00023538909348878542	7.192912668186488e-228	-0.008551256770775268	-0.006681933115313138
10,11,13	-0.0011414089820889206	0.00023538910188997952	1.2435311992114461e-06	-0.002076070843178691	-0.00020674712099915
10,11,14	-0.0002953745667313677	0.000235389097856685	0.20954305147531893	-0.0012300364118060952	0.0006392872783433599
10,11,15	0.0010329187665830842	0.00023538910244582008	1.1450791928330098e-05	9.825690328623196e-05	0.0019675806298799364
10,11,16	-0.001530130615687849	0.00023538909348878523	8.066920011029507e-11	-0.0024647924434189135	-0.0005954687879567846
10,12,13	-0.00021125068872368882	0.000235389097856685	0.3694804916423947	-0.0011459125337984163	0.0007234111563510388
10,12,14	0.0010321487128561319	0.00023538910188997955	1.1624181155004884e-05	9.748685176636115e-05	0.0019668105739459023
10,12,15	-0.0029566326552831115	0.0002353891006619941	3.830272112612869e-36	-0.003891294511496908	-0.0020219707990693147
10,12,16	0.0001416020042403661	0.0002353891006543518	0.5474653835501317	-0.0007930598519430851	0.0010762638604238173
10,13,14	0.0005693287814442505	0.00023538909348878517	0.01558005632432315	-0.0003653330462868137	0.0015039906091753145
10,13,15	0.00018502097486560246	0.0002353890996425102	0.4318575608513583	-0.0007496408773001191	0.001119682827031324
10,13,16	0.0014942565129093012	0.00023538909785668501	2.1952968142587405e-10	0.0005595946678345735	0.002428918357984029
10,14,15	-0.0003778597312665971	0.00023538909786177694	0.10844237691002001	-0.0013125215763615434	0.0005568021138283492
10,14,16	0.000863631893680477	0.00023538910188997908	0.000243739389304185	-7.10299674092919e-05	0.0017982937547702457
10,15,16	-0.0011807814292023305	0.0002353891006619942	5.281595645956511e-07	-0.002115443285416127	-0.0002461195729885335
11,12,13	-0.0005512385260742839	0.000235389097400167	0.019193058743639708	-0.001485900369336311	0.0003834233171877432
11,12,14	-0.0008926287659202642	0.0002353890933720179	0.00014948906430550593	-0.0018272905931876794	4.2033061347151015e-05
11,12,15	0.00024945251163445425	0.0002353891033427475	0.2892644056523034	-0.0006852093552238367	0.0011841143784927452
11,12,16	-0.0005440887838094165	0.0002353890908014871	0.02081144321972651	-0.0014787506008699992	0.0003905730332511662
11,13,14	0.0006589994708331914	0.0002353890979619086	0.005117829148465563	-0.00027566237465934866	0.0015936613163257314
11,13,15	-0.0002548238542965991	0.00023538908978773887	0.27900583182708194	-0.0011894856673318817	0.0006798379587386835
11,13,16	0.0011470645973999313	0.00023538909740016727	1.1014323449159026e-06	0.00021240275413790316	0.0020817264406619595
11,14,15	-9.466945031251853e-05	0.00023538910233680666	0.6875508190530383	-0.00102933131317651	0.000839992412551473
11,14,16	-0.0005352080432129112	0.00023538909337201776	0.022986297738338303	-0.0014698698704803258	0.0003994537840545034
11,15,16	0.00036314999562779256	0.00023538910334274744	0.12289276176756057	-0.0005715118712304981	0.0012978118624860833
12,13,14	0.0002998458316424719	0.00023538909080148714	0.2027280171226215	-0.0006348159854181111	0.001234507648703055
12,13,15	-0.0004376533715095311	0.00023538910233680658	0.06299251614193487	-0.0013723152343735224	0.0004970084913544601
12,13,16	-2.0631614211709393e-05	0.00023538909337201776	0.9301559413091175	-0.000955293441479124	0.0009140302130557053
12,14,15	-0.0007876306787978973	0.00023538908978773898	0.0008200932826899258	-0.0017222924918331804	0.0001470311342373857
12,14,16	-8.747738016877046e-05	0.00023538909740016703	0.7101704184920694	-0.0010221392234307978	0.0008471844630932567
12,15,16	0.0011235644628733322	0.00023538909079058723	1.8169604373195513e-06	0.0001889026458560296	0.0020582262798906348
13,14,15	-0.0018400482264958051	0.0002353891033427473	5.488533254474771e-15	-0.0027747100933540954	-0.000905386359637515
13,14,16	0.0005630389901116299	0.00023538909080148728	0.016761945618424447	-0.0003716228269489536	0.0014977008071722134
13,15,16	-0.006710874198297171	0.00023538910233680666	1.1176802654885458e-177	-0.007645536061161163	-0.005776212335433179
14,15,16	0.0009662565460032482	0.00023538908978773892	4.0492584432369136e-05	3.1594732967965425e-05	0.001900918359038531
