Params: 	17
Performance: 	0.7550395580568731
Term	Coefficient	Standard Error	p-value	95% CI lower	95% CI upper
Intercept	9.390145542301408
1	-0.0029798326727233995	0.0008127184234547882	0.0002460865188775055	-0.005396801684161976	-0.0005628636612848232
2	0.025553985649436787	0.0008127184245903973	2.143133272646783e-215	0.023137016634620988	0.027970954664252586
3	0.2369130627960293	0.0008127184185324939	0.0	0.23449609379922928	0.23933003179282933
4	-0.004349469565027917	0.0008127184291348109	8.739734807248217e-08	-0.006766438593358492	-0.0019325005366973413
5	0.12180374075199718	0.0008127184291347976	0.0	0.11938677172366664	0.12422070978032772
6	0.006739979088159768	0.0008127184204256565	1.1237345911183803e-16	0.004323010085729622	0.009156948090589914
7	0.07395661387568667	0.0008127184291349311	0.0	0.07153964484735573	0.0763735829040176
8	0.12180002453986803	0.0008127184291349356	0.0	0.11938305551153709	0.12421699356819897
9	0.007763198780736717	0.0008127184295136619	1.3123460909613779e-21	0.005346229751279465	0.01018016781019397
10	0.0819167784888375	0.0008127184295136614	0.0	0.07949980945938025	0.08433374751829474
11	0.1775846303741036	0.000812718421940009	0.0	0.17516766136716988	0.18000159938103732
12	0.0050313813545190674	0.0008127184279985613	6.021144870833038e-10	0.0026144123295676206	0.007448350379470514
13	0.013833930648364098	0.0008127184276202482	7.807627686624661e-65	0.011416961624537729	0.01625089967219047
14	0.003152911419061835	0.000812718429134794	0.0001047894316054613	0.00073594239073131	0.00556988044739236
15	-0.019899119673732375	0.0008127184279993939	8.453700356425907e-132	-0.022316088698686298	-0.017482150648778453
16	0.0494866563404589	0.0008127184279985605	0.0	0.04706968731550746	0.05190362536541034
