Params: 	17
Performance: 	0.7533823063774336
Term	Coefficient	Standard Error	p-value	95% CI lower	95% CI upper
Intercept	9.391517271655538
1	-0.0029482712063727615	0.0008216247302106412	0.0003330290598524225	-0.005391726965021715	-0.0005048154477238086
2	0.0256799903571174	0.0008216247313586951	7.051208258148283e-213	0.023236534595054214	0.02812344611918059
3	0.237971182399566	0.0008216247252344052	0.0	0.23552772665571603	0.24041463814341596
4	-0.004546937417026907	0.0008216247359529095	3.140592150148213e-08	-0.0069903931927529726	-0.002103481641300841
5	0.1226735869308534	0.0008216247359528959	0.0	0.12023013115512737	0.12511704270657942
6	0.006815636534144156	0.0008216247271483143	1.1032794643270361e-16	0.004372180784602353	0.009259092283685958
7	0.0752840874282606	0.0008216247359530309	0.0	0.07284063165253417	0.07772754320398702
8	0.1226613159121134	0.0008216247359530355	0.0	0.12021786013638697	0.12510477168783984
9	0.00810236980333259	0.000821624736335912	6.348361283170495e-23	0.0056589140264675	0.01054582558019768
10	0.08208879796423942	0.0008216247363359116	0.0	0.07964534218737433	0.0845322537411045
11	0.17895236592956296	0.0008216247286792621	0.0	0.17650891017546821	0.1813958216836577
12	0.005676315987426446	0.000821624734804208	4.9374293938298865e-12	0.0032328602151165393	0.008119771759736352
13	0.013866650000620848	0.0008216247344217491	9.049319782724482e-64	0.011423194229448349	0.01631010577179335
14	0.0032466268915326627	0.0008216247359528923	7.77534136942975e-05	0.0008031711158066474	0.005690082667258678
15	-0.019553173917195063	0.0008216247348050497	1.1829353688823838e-124	-0.021996629689507472	-0.017109718144882654
16	0.05026007163021494	0.0008216247348042071	0.0	0.04781661585790503	0.05270352740252485
