Params: 	697
Performance: 	0.9800126107570517
Term	Coefficient	Standard Error	p-value	95% CI lower	95% CI upper
Intercept	9.390138660077287
1	-0.002980609798470422	0.00023336517561990463	2.597181980518158e-37	-0.003907235235277556	-0.0020539843616632883
2	0.025556746331601786	0.00023336519150083518	0.0	0.02463012083173608	0.02648337183146749
3	0.23690930470138497	0.00023336517728617465	0.0	0.23598267925796157	0.23783593014480836
4	-0.004350704018476611	0.0002333651866066519	2.2816631664141982e-77	-0.005277329498908932	-0.00342407853804429
5	0.12180497520544412	0.00023336518660664864	0.0	0.12087834972501181	0.12273160068587642
6	0.006738090902802439	0.0002333651667459904	3.676951779435782e-182	0.005811465501231045	0.007664716304373833
7	0.07395918173003267	0.00023336518882970987	0.0	0.07303255624077323	0.07488580721929211
8	0.12179745668552222	0.00023336518882971136	0.0	0.12087083119626278	0.12272408217478166
9	0.007756316556596969	0.0002333651898328521	3.347924716212537e-240	0.006829691063354342	0.008682942049839595
10	0.0819098962646976	0.00023336518983285197	0.0	0.08098327077145497	0.08283652175794022
11	0.17758199252191087	0.00023336518006470363	0.0	0.17665536706745472	0.17850861797636702
12	0.0050298276668898365	0.00023336518716355896	1.1287750642958418e-102	0.004103202184246199	0.005956453149533474
13	0.013828504655093339	0.00023336518261313257	0.0	0.012901879190518125	0.014755130119668553
14	0.0031516769656150523	0.00023336518660664688	1.6553236011439356e-41	0.002225051485182751	0.004078302446047353
15	-0.019900231297208432	0.0002333651800538976	0.0	-0.020826856751621665	-0.0189736058427952
16	0.04948821002808844	0.00023336518716355874	0.0	0.048561584545444805	0.05041483551073207
1,2	0.010494361464781585	0.00023336517018626604	0.0	0.009567736049549854	0.011420986880013317
1,3	0.0007134365566733632	0.0002333651866066472	0.002235300164854153	-0.00021318892375893925	0.0016400620371056656
1,4	0.002864340367809916	0.0002333651772861799	1.3637420755349524e-34	0.0019377149243864863	0.003790965811233346
1,5	0.0013914058331789833	0.00023336517728618026	2.4991138524920975e-09	0.0004647803897555522	0.0023180312766024145
1,6	0.0004969167812618313	0.000233365189840429	0.03322885303997699	-0.0004297087120108809	0.0014235422745345434
1,7	-0.00011142659994910209	0.00023336517506043932	0.6330238109854909	-0.0010380520345347616	0.0008151988346365573
1,8	0.00019905015532086304	0.00023336517506043934	0.3936870245365227	-0.0007275752792647965	0.0011256755899065225
1,9	8.916274812541258e-05	0.00023336517561989143	0.7024077859384501	-0.0008374626886816688	0.001015788184932494
1,10	0.00030362891477386453	0.0002333651756198919	0.19323254042772137	-0.0006229965220332187	0.0012302543515809478
1,11	0.0015809326742714583	0.0002333651658578764	1.2589757394290128e-11	0.0006543072762265075	0.002507558072316409
1,12	-0.00028360255785718665	0.0002333651729609539	0.22426614367174216	-0.0012102279841063983	0.000643022868392025
1,13	-0.00027637484039000695	0.00023336517018003714	0.2362978746529873	-0.0012030002555970046	0.0006502505748169907
1,14	0.00015727636227610975	0.0002333651772861802	0.5003457747052331	-0.0007693490811473212	0.0010839018056995407
1,15	0.00013376060638626078	0.00023336517117667762	0.5665237752553367	-0.0007928648127781072	0.0010603860255506289
1,16	-0.0007316487771571144	0.00023336517296095364	0.0017180790406944914	-0.001658274203406325	0.00019497664909209618
2,3	-0.007753091402100867	0.000233365172957508	5.260487037874508e-240	-0.008679716828336395	-0.006826465975865338
2,4	-0.0009889816102624013	0.00023336519160891683	2.2591758044478118e-05	-0.0019156071105572658	-6.235610996753677e-05
2,5	-0.006622626162932025	0.00023336519160891718	4.4397421334949146e-176	-0.007549251663226891	-0.005696000662637159
2,6	9.236327765443919e-05	0.00023336517018003692	0.6922622782349115	-0.0008342621375525576	0.001018988692861436
2,7	-0.00010327837895387354	0.00023336518716355866	0.658084625644197	-0.00102990386159751	0.0008233471036897628
2,8	-0.0012830152419395016	0.00023336518716355885	3.858157229426199e-08	-0.002209640724583139	-0.0003563897592958645
2,9	0.0004716826797615519	0.00023336519150084106	0.04326096992656564	-0.00045494282010417506	0.0013983081796272788
2,10	-0.0048724331535590585	0.0002333651915008408	1.729424219546993e-96	-0.005799058653424784	-0.003945807653693333
2,11	-0.005986363736801489	0.00023336518706428764	2.101300705758516e-144	-0.006912989219050949	-0.00505973825455203
2,12	0.0014768073546302888	0.00023336518882971104	2.494733276106034e-10	0.0005501818653708445	0.002403432843889733
2,13	-0.0001511475498293998	0.00023336518984042861	0.5171898458400622	-0.0010777730431021106	0.0007754779434433109
2,14	-4.982745679982248e-05	0.00023336519160891702	0.8309243313479016	-0.0009764529570946877	0.0008767980434950428
2,15	0.001316818863858332	0.0002333651870592402	1.6806196983494407e-08	0.00039019338162891407	0.0022434443460877503
2,16	0.00041898475449509906	0.00023336518882971039	0.07259403753464808	-0.0005076407347643426	0.0013456102437545408
3,4	-0.031933357008255746	0.0002333651756198923	0.0	-0.03285998244506283	-0.031006731571448662
3,5	-0.04387934109402921	0.00023336517561989224	0.0	-0.044805966530836294	-0.042952715657222126
3,6	-0.0029544696874452964	0.0002333651790596721	1.0847843053617224e-36	-0.0038810951379107494	-0.0020278442369798433
3,7	-0.008118341023863078	0.000233365172957289	9.817172751619218e-263	-0.009044966450097737	-0.0071917155976284185
3,8	-0.028231838089681122	0.00023336517295728906	0.0	-0.02915846351591578	-0.027305212663446463
3,9	0.0009473402696159451	0.00023336517728618007	4.9240675262998136e-05	2.0714826192514703e-05	0.0018739657130393754
3,10	-0.028533692256820908	0.00023336517728618028	0.0	-0.029460317700244338	-0.027607066813397477
3,11	-0.05360467903191955	0.00023336516796458294	0.0	-0.054531304438329625	-0.05267805362550948
3,12	0.006923405290038048	0.00023336517507116395	3.899161487441878e-192	0.0059967798554098044	0.007850030724666291
3,13	-0.0016297369061694725	0.0002333651685163771	2.903982813296826e-12	-0.0025563623147705585	-0.0007031114975683864
3,14	0.000374629044668371	0.00023336517561989197	0.1084251968409979	-0.0005519963921387126	0.0013012544814754545
3,15	0.0074297387828683725	0.00023336516574357934	1.0002179699798115e-220	0.006503113385277262	0.008356364180459482
3,16	-0.0034691004875619068	0.0002333651750711639	6.667918042886508e-50	-0.00439572592219015	-0.0025424750529336633
4,5	0.15632107431866765	0.0002333651898328518	0.0	0.15539444882542502	0.15724769981191028
4,6	0.0006486537175666267	0.00023336516530031407	0.0054447382939648405	-0.0002779716782644057	0.001575279113397659
4,7	-0.0033935389061576088	0.00023336519249813218	7.838044704787747e-48	-0.00432016440998329	-0.002466913402331928
4,8	-0.009949580393715582	0.00023336519249813218	0.0	-0.010876205897541263	-0.009022954889889901
4,9	-0.0005921798546037471	0.00023336518660664718	0.011164913533590446	-0.0015188053350360495	0.00033444562582855527
4,10	-0.015050196572327592	0.0002333651866066469	0.0	-0.015976822052759892	-0.01412357109189529
4,11	-0.006572877172182438	0.00023336518705924	1.7227945907660476e-173	-0.007499502654411855	-0.005646251689953021
4,12	-0.0016485709999635176	0.00023336519105785535	1.6300008578309088e-12	-0.002575196498070277	-0.0007219455018567584
4,13	-0.0006219213039818216	0.0002333651827288961	0.0077004351635913335	-0.0015485467690166989	0.0003047041610530558
4,14	-0.00043330878440966513	0.00023336518983285226	0.06334640277867122	-0.0013599342776522924	0.0004933167088329621
4,15	-0.0009894603208688256	0.000233365187064288	2.2386339086787365e-05	-0.0019160858031182868	-6.283483861936427e-05
4,16	-0.00163902177832342	0.00023336519105785544	2.186242913489875e-12	-0.00256564727643018	-0.0007123962802166605
5,6	-0.0015335033173914502	0.00023336516530031442	5.026747553373441e-11	-0.002460128713222484	-0.0006068779215604164
5,7	-0.0003413896055267235	0.0002333651924981322	0.14349998397383948	-0.0012680151093524042	0.0005852358982989574
5,8	-0.014020863983023681	0.00023336519249813207	0.0	-0.01494748948684936	-0.013094238479198002
5,9	-0.001928714013240379	0.00023336518660664677	1.4255543620046846e-16	-0.0028553394936726797	-0.0010020885328080784
5,10	0.004421006595391145	0.00023336518660664688	8.050237238664699e-80	0.003494381114958844	0.005347632075823446
5,11	-0.011672734051971131	0.00023336518705923933	0.0	-0.012599359534200546	-0.010746108569741716
5,12	0.0021037324058538285	0.00023336519105785527	2.0250318609831528e-19	0.0011771069077470696	0.0030303579039605874
5,13	-0.0002680129107544959	0.00023336518272889592	0.2507788291470959	-0.0011946383757893727	0.0006586125542803809
5,14	0.00042295204214874574	0.0002333651898328515	0.06992839332000149	-0.0005036734510938785	0.00134957753539137
5,15	0.0030980863038000753	0.00023336518706428772	3.6142529251303485e-40	0.002171460821550615	0.004024711786049536
5,16	-0.0002598350553043756	0.0002333651910578553	0.26552930293927907	-0.0011864605534111345	0.0006667904428023834
6,7	-0.00047523398165926455	0.00023336516796458313	0.04171032508962477	-0.0014018593880693367	0.00045139142475080765
6,8	-0.00023906404141758875	0.000233365167964583	0.30564056722794164	-0.0011656894478276605	0.0006875613649924829
6,9	-2.992107732257762e-05	0.0002333651667459891	0.8979786765049812	-0.0009565464788939664	0.0008967043242488112
6,10	0.004240914317174665	0.00023336516674598892	1.2906000681801665e-73	0.003314288915603277	0.005167539718746053
6,11	1.3420914998805988e-05	0.0002333651729572891	0.9541388312889194	-0.0009132045112358537	0.0009400463412334657
6,12	-0.0002918287303063788	0.00023336517117667757	0.2111127335750821	-0.0012184541494707464	0.000634796688857989
6,13	0.0001094798741615409	0.0002333651701862658	0.6389743987523249	-0.0008171455410701889	0.0010361052893932707
6,14	0.0001400803547072678	0.00023336516530031386	0.5483334125192374	-0.0007865450411237638	0.0010667057505382993
6,15	2.980851000331311e-05	0.0002333651729609537	0.8983604109589021	-0.0008968169162458977	0.0009564339362525239
6,16	-0.0006449868221198585	0.00023336517117667787	0.005713954057556424	-0.0015716122412842274	0.00028163859704451047
7,8	-0.002422981944606103	0.00023336518983285172	3.1081686210957837e-25	-0.003349607437848728	-0.0014963564513634777
7,9	-0.000999845941231793	0.00023336518882971039	1.8343965934046857e-05	-0.0019264714304912348	-7.32204519723514e-05
7,10	-0.00493204356990492	0.00023336518882971003	8.280222842586461e-99	-0.00585866905916436	-0.004005418080645479
7,11	-0.02721946366925075	0.0002333651790596719	0.0	-0.028146089119716205	-0.026292838218785298
7,12	-0.005147051485279233	0.0002333651915008408	2.0920806775304647e-107	-0.006073676985144959	-0.004220425985413508
7,13	-0.0012107025861844319	0.0002333651800538971	2.131829046965035e-07	-0.002137328040597664	-0.00028407713177119973
7,14	7.567607035722547e-05	0.00023336519249813237	0.7457257899530234	-0.000850949433468456	0.001002301574182907
7,15	-0.005246889733019948	0.00023336518261313251	1.607066010911567e-111	-0.006173515197595162	-0.004320264268444734
7,16	0.0010758123521902412	0.00023336519150084093	4.034455132191596e-06	0.00014918685232451472	0.0020024378520559676
8,9	-0.005058693768805016	0.00023336518882971039	7.893774209918194e-104	-0.005985319258064457	-0.004132068279545574
8,10	0.01196136524336524	0.0002333651888297105	0.0	0.011034739754105797	0.012887990732624682
8,11	0.014186804964134088	0.00023336517905967174	0.0	0.013260179513668636	0.01511343041459954
8,12	0.0015745782598439607	0.00023336519150084093	1.5191250075419377e-11	0.0006479527599782342	0.002501203759709687
8,13	-0.0035693072877110398	0.0002333651800538974	1.0217804816425464e-52	-0.004495932742124273	-0.0026426818332978066
8,14	8.213860968601851e-05	0.00023336519249813232	0.7248584894208321	-0.0008444868941396628	0.0010087641135116997
8,15	0.0028797252861935962	0.00023336518261313257	6.03803332522367e-35	0.0019530998216183823	0.00380635075076881
8,16	8.948537229687241e-05	0.0002333651915008407	0.7013826617083354	-0.0008371401275688532	0.001016110872162598
9,10	0.006407304783933324	0.00023336518983285186	5.194278589678485e-165	0.005480679290690698	0.0073339302771759495
9,11	0.0028264879532191034	0.00023336518006470384	9.939717568853863e-34	0.0018998624987629608	0.0037531134076752458
9,12	-0.003841562563541054	0.00023336518716355885	9.204174755751898e-61	-0.004768188046184691	-0.0029149370808974166
9,13	-1.2720917643791602e-05	0.0002333651826131328	0.9565283897805048	-0.0009393463822190065	0.0009139045469314233
9,14	-0.0007889891767281672	0.00023336518660664718	0.0007228601902613904	-0.0017156146571604696	0.0001376363037041352
9,15	-0.0012947466710964833	0.00023336518005389722	2.8982079724612132e-08	-0.002221372125509716	-0.0003681212166832508
9,16	0.0019996833633558345	0.00023336518716355874	1.0672971023006696e-17	0.0010730578807121977	0.0029263088459994713
10,11	0.008983842989586658	0.000233365180064704	0.0	0.008057217535130515	0.009910468444042801
10,12	0.0032204776192910813	0.00023336518716355877	2.9279419606944165e-43	0.0022938521366474445	0.0041471031019347186
10,13	-0.0016674958249754263	0.00023336518261313268	9.065233834169503e-13	-0.002594121289550641	-0.0007408703604002119
10,14	0.00025253269100294386	0.00023336518660664704	0.27919646619246313	-0.000674092789429358	0.0011791581714352458
10,15	0.0031474852272627973	0.00023336518005389736	2.11076131606688e-41	0.0022208597728495642	0.0040741106816760304
10,16	0.00037538269020024814	0.00023336518716355863	0.10771671987875614	-0.0005512427924433881	0.0013020081728438845
11,12	-0.003978180547490381	0.00023336518272889584	5.100496286915815e-65	-0.004904806012525257	-0.0030515550824555043
11,13	-0.0027889253648654654	0.00023336519105785535	6.95453860459588e-33	-0.0037155508629722247	-0.001862299866758706
11,14	0.0014839917532991978	0.00023336518705923998	2.0429004875204403e-10	0.0005573662710697807	0.002410617235528615
11,15	0.004009770532900251	0.00023336519160891675	5.041807790381868e-66	0.003083145032605387	0.004936396033195115
11,16	0.0031360805015828407	0.0002333651827288959	4.082629905320053e-41	0.0022094550365479642	0.004062705966617717
12,13	0.0004854514896737265	0.0002333651870592402	0.037509056299453045	-0.0004411739925556915	0.0014120769719031445
12,14	3.327771564010269e-05	0.0002333651910578555	0.8866070841666788	-0.0008933477824666571	0.0009599032137468625
12,15	-0.006087494557907143	0.0002333651898404287	3.135959711740034e-149	-0.007014120051179854	-0.005160869064634432
12,16	0.002320650971454407	0.00023336518983285194	2.775364420971509e-23	0.001394025478211781	0.003247276464697033
13,14	-0.0010788162072138813	0.00023336518272889598	3.7920076102727414e-06	-0.002005441672248758	-0.0001521907421790043
13,15	0.006261162924162154	0.00023336518882970998	1.0581924232037976e-157	0.005334537434902714	0.0071877884134215935
13,16	-0.0017306542537102593	0.00023336518705923992	1.2210606123281445e-13	-0.002657279735939676	-0.0008040287714808424
14,15	-0.0007293172223007648	0.00023336518706428778	0.0017775135994945843	-0.0016559427045502251	0.0001973082599486957
14,16	-0.00387847921155084	0.00023336519105785533	6.734024959341222e-62	-0.004805104709657599	-0.0029518537134440807
15,16	0.029945009802925315	0.0002333651898404287	0.0	0.029018384309652603	0.030871635296198026
1,2,3	0.001142650326162467	0.00023336519160891683	9.784047840723983e-07	0.0002160248258676026	0.0020692758264573316
1,2,4	0.0007424824241203734	0.00023336517295750802	0.0014651607530050783	-0.0001841430021151556	0.0016691078503559024
1,2,5	0.0005141168985890732	0.00023336517295750785	0.02759419934852414	-0.0004125085276464552	0.0014407423248246015
1,2,6	0.00022125755421406948	0.0002333651826131326	0.3430733034934006	-0.0007053679103611446	0.0011478830187892836
1,2,7	-0.0005076086739407297	0.0002333651729609535	0.029621060572572407	-0.0014342341001899396	0.0004190167523084803
1,2,8	-0.00018679799473158946	0.0002333651729609536	0.4234509649843362	-0.0011134234209807998	0.000739827431517621
1,2,9	-8.86559832628522e-05	0.00023336517018626577	0.7040191259470331	-0.0010152813984945818	0.0008379694319688775
1,2,10	-0.0003089921191779515	0.00023336517018626574	0.18548404139575267	-0.001235617534409681	0.0006176332960537781
1,2,11	-0.0018539560264421422	0.00023336516574357953	1.9817999688957844e-15	-0.0027805814240332532	-0.0009273306288510312
1,2,12	1.9289390053130878e-05	0.00023336517506043932	0.9341241068556981	-0.0009073360445325285	0.0009459148246387903
1,2,13	-0.0002512006135817514	0.0002333651667459888	0.28174024746151766	-0.001177826015153139	0.0006754247879896361
1,2,14	0.0002305562885408551	0.00023336517295750777	0.32317417884749133	-0.0006960691376946729	0.0011571817147763832
1,2,15	-0.00011621953471162294	0.00023336516796458283	0.6184746135301268	-0.0010428449411216938	0.0008104058716984481
1,2,16	-0.00011208159394183494	0.00023336517506043932	0.6310269805631672	-0.0010387070285274944	0.0008145438406438244
1,3,4	-0.00034968124393112976	0.00023336518983285178	0.13402661078152586	-0.001276306737173755	0.0005769442493114955
1,3,5	0.002171824644990737	0.00023336518983285172	1.360152768370409e-20	0.0012451991517481121	0.0030984501382333622
1,3,6	-0.0003308444539076782	0.00023336516530031388	0.15627984797684114	-0.00125746984973871	0.0005957809419233535
1,3,7	-0.00018084141689498484	0.00023336519249813202	0.4383845381846716	-0.001107466920720665	0.0007457840869306953
1,3,8	0.0010553250618970458	0.00023336519249813248	6.130721676997623e-06	0.00012869955807136388	0.001981950565722728
1,3,9	-6.540574048717954e-05	0.0002333651866066474	0.7792696828107412	-0.0009920312209194828	0.0008612197399451237
1,3,10	6.923180494937398e-05	0.0002333651866066471	0.7667215234911103	-0.0008573936754829281	0.000995857285381676
1,3,11	0.0003618552019840765	0.00023336518705923987	0.12100333394477451	-0.0005647702802453402	0.0012884806842134932
1,3,12	0.00017780720703049376	0.00023336519105785538	0.44610643016839957	-0.0007488182910762656	0.001104432705137253
1,3,13	2.8567948317591296e-05	0.00023336518272889592	0.9025688743537984	-0.0008980575167172855	0.000955193413352468
1,3,14	-0.00015510906371005075	0.000233365189832852	0.5062688215476822	-0.001081734556952677	0.0007715164295325754
1,3,15	0.0003764967051793529	0.00023336518706428791	0.10667616571049537	-0.0005501287770701081	0.0013031221874288139
1,3,16	-7.743001270297048e-05	0.00023336519105785533	0.7400431614517753	-0.0010040555108097296	0.0008491954854037886
1,4,5	0.000965757593114791	0.00023336517561989205	3.5018284825238416e-05	3.913215630770711e-05	0.001892383029921875
1,4,6	0.0004776843068188836	0.00023336517905967182	0.040668088295440566	-0.0004489411436465683	0.0014043097572843354
1,4,7	-0.00043293161621113605	0.0002333651729572891	0.0635767665186982	-0.0013595570424457957	0.0004936938100235236
1,4,8	-0.00020177823152303306	0.000233365172957289	0.3872363904519137	-0.0011284036577576925	0.0007248471947116263
1,4,9	-1.906429744985387e-05	0.00023336517728618007	0.9348911106797809	-0.0009456897408732843	0.0009075611459735765
1,4,10	-0.00025777532384743847	0.00023336517728618	0.2693367736518411	-0.0011844007672708688	0.0006688501195759917
1,4,11	-0.0006804033286092366	0.0002333651679645831	0.0035510810524066075	-0.0016070287350193088	0.0002462220778008355
1,4,12	-0.00015328825229550536	0.0002333651750711642	0.5112732623122561	-0.0010799136869237501	0.0007733371823327393
1,4,13	-0.0004997362990947808	0.00023336516851637685	0.03224270514381005	-0.001426361707695866	0.00042688910950630426
1,4,14	-0.0002821190568429322	0.00023336517561989208	0.22669926026940973	-0.0012087444936500161	0.0006445063799641518
1,4,15	-2.07391072378953e-05	0.0002333651657435797	0.9291856876668148	-0.000947364504829007	0.0009058862903532164
1,4,16	4.5057167602160705e-05	0.00023336517507116397	0.8469002105471515	-0.0008815682670260831	0.0009716826022304045
1,5,6	-0.00011124796621390237	0.00023336517905967182	0.6335688691649073	-0.0010378734166793541	0.0008153774842515495
1,5,7	0.00016740572827209955	0.0002333651729572889	0.47315751856909705	-0.0007592196979625594	0.0010940311545067586
1,5,8	-0.000142562408439538	0.00023336517295728887	0.5412689924146655	-0.0010691878346741968	0.0007840630177951208
1,5,9	-0.00013496788511910968	0.00023336517728618007	0.5630265701181709	-0.00106159332854254	0.0007916575583043207
1,5,10	0.00019848269904885682	0.00023336517728618	0.3950369282594963	-0.0007281427443745734	0.001125108142472287
1,5,11	9.658519630356688e-05	0.00023336516796458316	0.6789632961336116	-0.0008300402101065054	0.001023210602713639
1,5,12	-0.00031201983146944036	0.00023336517507116424	0.18121251239447964	-0.0012386452660976851	0.0006146056031588045
1,5,13	0.000283017068849499	0.00023336516851637723	0.22522416450511892	-0.0006436083397515876	0.0012096424774505855
1,5,14	-6.756805398041785e-05	0.00023336517561989243	0.7721707362928316	-0.0009941934907875033	0.0008590573828266676
1,5,15	-0.00011135678537750387	0.0002333651657435797	0.633236793941435	-0.0010379821829686155	0.0008152686122136078
1,5,16	-0.00032449866389715545	0.00023336517507116403	0.16437616657331058	-0.0012511240985253994	0.0006021267707310886
1,6,7	0.00041949980383055967	0.00023336518705923992	0.07224334118420517	-0.0005071256783988573	0.0013461252860599766
1,6,8	0.00011711877343282238	0.00023336518705924006	0.6157613156211459	-0.0008095067087965951	0.0010437442556622397
1,6,9	0.0001089152833585981	0.00023336518984042878	0.6407046019066354	-0.0008177102099141132	0.0010355407766313093
1,6,10	-0.0004368807945602099	0.00023336518984042848	0.061198558798487665	-0.00136350628783292	0.0004897446987125003
1,6,11	0.00016923773395623176	0.00023336519249813232	0.4683285528539328	-0.0007573877698694495	0.001095863237781913
1,6,12	4.4595683974250205e-05	0.0002333651800538975	0.8484491953943711	-0.0008820297704389834	0.0009712211383874838
1,6,13	0.00020071580120411409	0.00023336519150084085	0.38974088070612023	-0.000725909698661612	0.00112734130106984
1,6,14	-5.935932778469363e-05	0.00023336517905967185	0.7992164004755596	-0.0009859847782501456	0.0008672661226807583
1,6,15	9.083036172849446e-05	0.00023336518716355882	0.697114803558306	-0.0008357951209151426	0.0010174558443721315
1,6,16	7.453551574927112e-05	0.00023336518005389768	0.7494285375629405	-0.0008520899386639633	0.0010011609701625055
1,7,8	-0.0005356668193888733	0.0002333651756198925	0.021713291408052178	-0.001462292256195959	0.0003909586174182123
1,7,9	-5.817414560058305e-05	0.00023336517506043926	0.8031420911513549	-0.0009847995801862421	0.0008684512889850761
1,7,10	-0.0001678677269360586	0.00023336517506043923	0.4719371582542389	-0.0010944931615217176	0.0007587577076496005
1,7,11	-0.0002448771334165392	0.00023336516530031372	0.29403004746231887	-0.0011715025292475703	0.0006817482624144919
1,7,12	6.5160326876125e-05	0.00023336517018626582	0.780076544469823	-0.0008614650883556049	0.000991785742107855
1,7,13	0.00011463318895775683	0.00023336517117667768	0.6232738826369048	-0.0008119922302066114	0.001041258608122125
1,7,14	-0.00011529739789661528	0.000233365172957289	0.6212624520913494	-0.0010419228241312748	0.0008113280283380441
1,7,15	-2.3675049489255487e-05	0.00023336517018003738	0.9191930403014164	-0.0009503004646962541	0.0009029503657177431
1,7,16	0.00014926635783767128	0.00023336517018626596	0.5224182371483559	-0.0007773590573940592	0.0010758917730694017
1,8,9	-9.639221532149744e-05	0.00023336517506043902	0.6795690561440024	-0.0010230176499071556	0.0008302332192641607
1,8,10	0.00033075836904071856	0.00023336517506043932	0.1563876351558469	-0.0005958670655449408	0.001257383803626378
1,8,11	-3.153071028286214e-06	0.00023336516530031386	0.989219897304124	-0.0009297784668593178	0.0009234723248027454
1,8,12	-0.0001280797287319807	0.0002333651701862658	0.5831183565852869	-0.0010547051439637105	0.0007985456864997491
1,8,13	-0.00012220910868606175	0.00023336517117667838	0.6005016192856351	-0.0010488345278504329	0.0008044163104783093
1,8,14	4.6355754238162905e-05	0.000233365172957289	0.8425446616869956	-0.0008802696719964965	0.0009729811804728223
1,8,15	-6.110895386605975e-05	0.00023336517018003722	0.7934303749030394	-0.0009877343690730578	0.0008655164613409382
1,8,16	0.00010064771416859204	0.00023336517018626571	0.6662600452077581	-0.0008259777010631374	0.0010272731294003216
1,9,10	0.00014607163247448707	0.00023336517561989203	0.5313592141994427	-0.0007805538043325967	0.001072697069281571
1,9,11	0.00014764297179274515	0.00023336516585787664	0.5269518652321336	-0.0007789824262522066	0.001074268369837697
1,9,12	-7.795071600719822e-05	0.00023336517296095366	0.738358818372848	-0.001004576142256409	0.0008486747102420124
1,9,13	0.0001362349298099693	0.00023336517018003708	0.5593674522793632	-0.0007903904853970281	0.0010628603450169667
1,9,14	0.00014609895230132883	0.00023336517728617996	0.5312824304396733	-0.0007805264911221011	0.0010727243957247587
1,9,15	0.00014708784015354283	0.00023336517117667803	0.5285067876077594	-0.0007795375790108268	0.0010737132593179124
1,9,16	-0.0001639983476597294	0.0002333651729609535	0.48221148801722524	-0.0010906237739089393	0.0007626270785894806
1,10,11	0.00013297474567113693	0.00023336516585787656	0.568805812874768	-0.0007936506523738145	0.0010596001437160885
1,10,12	5.591483014695704e-05	0.0002333651729609538	0.8106393457696706	-0.0008707105961022542	0.0009825402563961682
1,10,13	-5.0774929195911145e-05	0.0002333651701800371	0.8277592724737093	-0.0009774003444029088	0.0008758504860110864
1,10,14	4.5644752367898084e-05	0.00023336517728617971	0.8449288251650953	-0.0008809806910555309	0.0009722701957913271
1,10,15	-8.894026108880598e-05	0.00023336517117667765	0.7031150524064743	-0.001015565680253174	0.0008376851580755621
1,10,16	0.0001648259372618345	0.00023336517296095375	0.48000382354102644	-0.0007617994889873765	0.0010914513635110455
1,11,12	-4.9786176817747524e-05	0.00023336516851637699	0.8310622739390136	-0.0009764115854188331	0.0008768392317833381
1,11,13	0.00030414746021402775	0.000233365175071164	0.19247314697421905	-0.0006224779744142162	0.0012307728948422717
1,11,14	-2.793282513476221e-05	0.000233365167964583	0.9047245165472201	-0.0009545582315448339	0.0008986925812753094
1,11,15	-0.0003000212061197386	0.00023336517295750812	0.19857690515333307	-0.001226646632355268	0.0006266042201157908
1,11,16	5.927799610950385e-05	0.00023336516851637734	0.7994856266643596	-0.0008673474124915832	0.0009859034047105908
1,12,13	0.0002550648456472425	0.0002333651679645831	0.27440403756877546	-0.0006715605607628296	0.0011816902520573147
1,12,14	0.00021463655793084457	0.00023336517507116378	0.35770921767798336	-0.0007119888766973985	0.0011412619925590876
1,12,15	2.3405175748510143e-06	0.0002333651667459886	0.9919978446030311	-0.0009242848839965357	0.0009289659191462378
1,12,16	-5.411473927785168e-05	0.00023336517561989227	0.8166252196684731	-0.0009807401760849365	0.0008725106975292331
1,13,14	4.491038804968917e-05	0.0002333651685163769	0.8473928118018661	-0.0008817150205513961	0.0009715357966507745
1,13,15	4.5012304191731356e-05	0.00023336517506043961	0.8470507698750049	-0.0008816131303939292	0.0009716377387773919
1,13,16	7.369885286887846e-05	0.00023336516796458319	0.7521483971907565	-0.000852926553541194	0.0010003242592789509
1,14,15	0.00018748388345595467	0.0002333651657435795	0.42175070653295876	-0.0007391415141351562	0.0011141092810470657
1,14,16	5.7761367005290665e-05	0.00023336517507116408	0.8045105154843042	-0.0008688640676229536	0.000984386801633535
1,15,16	-4.0348884791291395e-05	0.00023336516674598884	0.8627304115243002	-0.0009669742863626791	0.0008862765167800963
2,3,4	0.0017489095698562038	0.00023336517018626585	6.74951884636106e-14	0.0008222841546244738	0.0026755349850879338
2,3,5	-0.0035943241564630954	0.0002333651701862659	1.9695514427856317e-53	-0.004520949571694826	-0.002667698741231365
2,3,6	0.0010116690447726263	0.00023336518272889595	1.4589143088486095e-05	8.504357973774948e-05	0.0019382945098075032
2,3,7	0.0015036997559321657	0.00023336517507116395	1.175274783854683e-10	0.000577074321303922	0.002430325190560409
2,3,8	-0.0007122089988094056	0.00023336517507116416	0.0022748389225584055	-0.0016388344334376502	0.00021441643581883896
2,3,9	0.00028536932004097	0.00023336517295750804	0.22139287629272156	-0.0006412561061945591	0.001211994746276499
2,3,10	-0.001098008672188224	0.00023336517295750802	2.5425237086044057e-06	-0.002024634098423753	-0.00017138324595269505
2,3,11	0.00137176690064807	0.00023336517117667797	4.167772037023802e-09	0.0004451414814837006	0.0022983923198124393
2,3,12	0.0004602503605478647	0.00023336517295728887	0.04858732309742875	-0.0004663750656867941	0.0013868757867825236
2,3,13	-0.00017340618868941227	0.00023336516530031386	0.45744319936551525	-0.0011000315845204438	0.0007532192071416194
2,3,14	8.446348369717423e-05	0.00023336517018626596	0.7174003082115801	-0.0008421619315345562	0.0010110888989289047
2,3,15	0.0005496626835901162	0.0002333651658578765	0.018506939321112623	-0.00037696271445483503	0.0014762880816350673
2,3,16	9.837421695909785e-05	0.00023336517295728893	0.6733576329230634	-0.0008282512092755612	0.001024999643193757
2,4,5	-0.001690060704085024	0.00023336519150084082	4.465837221487157e-13	-0.00261668620395075	-0.000763435204219298
2,4,6	0.0002798227855128864	0.00023336516851637728	0.2305024232725203	-0.0006468026230882004	0.0012064481941139733
2,4,7	0.00037096671742146807	0.0002333651910578552	0.11192077866831242	-0.0005556587806852905	0.0012975922155282265
2,4,8	0.00031899701629285737	0.00023336519105785495	0.17164777521485788	-0.0006076284818139002	0.001245622514399615
2,4,9	-0.00014627496562375636	0.00023336519160891672	0.5307878773509638	-0.0010729004659186204	0.0007803505346711077
2,4,10	2.0962929772104164e-05	0.00023336519160891672	0.9284234892141434	-0.0009056625705227599	0.0009475884300669682
2,4,11	-6.26538612807856e-05	0.0002333651800538973	0.7883307952674621	-0.0009892793156940185	0.0008639715931324473
2,4,12	0.00010563979765126387	0.00023336519249813202	0.6507805673046879	-0.0008209857061744162	0.001032265301476944
2,4,13	4.016545006658989e-05	0.0002333651790596714	0.8633483237539715	-0.0008864600003988604	0.0009667909005320401
2,4,14	-0.0001516724947596363	0.0002333651915008407	0.5157357116598331	-0.0010782979946253619	0.0007749530051060893
2,4,15	-6.41485112307591e-05	0.00023336518006470368	0.7834057187394029	-0.000990773965686901	0.0008624769432253828
2,4,16	0.00015474772685977224	0.0002333651924981322	0.5072599008466053	-0.0007718777769659086	0.001081373230685453
2,5,6	2.2516045061033232e-05	0.0002333651685163774	0.923136342401632	-0.000904109363540054	0.0009491414536621205
2,5,7	0.001155309010676528	0.0002333651910578553	7.415190890748411e-07	0.000228683512569769	0.002081934508783287
2,5,8	-0.000603090749111107	0.0002333651910578552	0.009759236313555455	-0.0015297162472178655	0.0003235347489956515
2,5,9	0.00041136555608778207	0.0002333651916089168	0.07794660474776276	-0.0005152599442070823	0.0013379910563826466
2,5,10	-0.0007236789150572472	0.00023336519160891686	0.0019291342126829998	-0.0016503044153521117	0.00020294658523761745
2,5,11	-0.000531867843048147	0.0002333651800538975	0.02266301696644444	-0.0014584932974613806	0.0003947576113650866
2,5,12	0.00018279102934756503	0.00023336519249813204	0.43346370128938927	-0.0007438344744781152	0.0011094165331732454
2,5,13	-0.00022329494103011382	0.00023336517905967163	0.3386476866928564	-0.001149920391495565	0.0007033305094353373
2,5,14	-0.00019722035184965153	0.0002333651915008408	0.3980499249967103	-0.0011238458517153775	0.0007294051480160744
2,5,15	1.214949261266196e-07	0.00023336518006470373	0.9995846057772435	-0.0009265039595300155	0.0009267469493822688
2,5,16	0.0003330621140559282	0.0002333651924981322	0.1535229817889673	-0.0005935633897697527	0.001259687617881609
2,6,7	-0.00017980530670124242	0.0002333651711766777	0.44101266151532437	-0.0011064307258656107	0.0007468201124631259
2,6,8	-0.00040099589745390407	0.0002333651711766776	0.08574314981819156	-0.001327621316618272	0.0005256295217104638
2,6,9	-0.00011572385563399235	0.00023336517018003703	0.6199724892365375	-0.0010423492708409895	0.0008109015595730048
2,6,10	0.00033217259141664346	0.00023336517018003724	0.15462428951593632	-0.0005944528237903546	0.0012587980066236415
2,6,11	0.00020730542493813987	0.00023336517507116405	0.37436624232887505	-0.0007193200096901043	0.001133930859566384
2,6,12	0.00021107003399555013	0.00023336516796458302	0.3657535920007393	-0.0007155553724145216	0.001137695440405622
2,6,13	-0.0001533074122831643	0.0002333651756198922	0.5112204682478575	-0.0010799328490902487	0.0007733180245239202
2,6,14	1.3794285379706978e-05	0.00023336516851637696	0.9528644360709491	-0.0009128311232213785	0.0009404196939807925
2,6,15	2.230270851796834e-05	0.00023336517506043913	0.9238623923093208	-0.0009043227260676903	0.000948928143103627
2,6,16	0.0003104446430880342	0.00023336516796458297	0.18342559401406724	-0.0006161807633220373	0.0012370700494981058
2,7,8	-2.341985754898343e-05	0.00023336519150084076	0.9200611247653845	-0.0009500453574147092	0.0009032056423167424
2,7,9	-0.00020418112650375485	0.0002333651871635587	0.3816084194689491	-0.0011308066091473914	0.0007224443561398817
2,7,10	0.0008699967528601653	0.00023336518716355885	0.0001931321905861533	-5.66287297834718e-05	0.0017966222355038025
2,7,11	0.0014336488743822082	0.0002333651827288959	8.125649501172192e-10	0.0005070234093473315	0.0023602743394170846
2,7,12	-0.0007468874827024838	0.00023336518983285216	0.0013725095983442162	-0.0016735129759451106	0.000179738010540143
2,7,13	-4.463457424751412e-05	0.00023336518705923995	0.8483186410217027	-0.0009712600564769311	0.0008819909079819029
2,7,14	-2.9771975151429708e-05	0.00023336519105785533	0.8984843187153224	-0.0009563974732581888	0.0008968535229553294
2,7,15	-0.0008899796186876419	0.0002333651898404286	0.00013704074254966244	-0.0018166051119603524	3.6645874585068726e-05
2,7,16	-0.00024173439493224702	0.0002333651898328521	0.30026986621242	-0.0011683598881748736	0.0006848910983103796
2,8,9	4.6595053394455493e-05	0.00023336518716355898	0.8417425668361056	-0.0008800304292491822	0.0009732205360380932
2,8,10	0.0004892701534706875	0.00023336518716355866	0.03603411627563393	-0.00043735532917294883	0.0014158956361143239
2,8,11	-0.00014126505014646837	0.00023336518272889573	0.5449558811345006	-0.0010678905151813444	0.0007853604148884076
2,8,12	-4.1148131694548895e-06	0.0002333651898328518	0.9859320787206376	-0.0009307403064120803	0.0009225106800731705
2,8,13	-7.2128874787011354e-06	0.0002333651870592398	0.9753428810618197	-0.0009338383697081175	0.0009194125947507152
2,8,14	-8.530551198168007e-05	0.00023336519105785533	0.7147057085277417	-0.0010119310100884392	0.000841319986125079
2,8,15	-2.026452665850921e-05	0.00023336518984042864	0.9308020479165786	-0.00094689001993122	0.0009063609666142016
2,8,16	0.00016960000265914266	0.00023336518983285194	0.46737688197108207	-0.0007570254905834833	0.0010962254959017686
2,9,10	0.0014141196900916819	0.000233365191500841	1.3713695620120814e-09	0.0004874941902259551	0.0023407451899574087
2,9,11	0.0007137192973370558	0.00023336518706428802	0.0022262827635078776	-0.0002129061849124056	0.0016403447795865173
2,9,12	0.00027106636692747575	0.00023336518882971006	0.24542078135412745	-0.0006555591223319647	0.0011976918561869161
2,9,13	0.00020285778925527645	0.00023336518984042856	0.38470167656438314	-0.000723767704017434	0.0011294832825279868
2,9,14	0.00012087671421774811	0.00023336519160891672	0.604479336020945	-0.000805748786077116	0.0010475022145126122
2,9,15	-0.00024829584533634513	0.0002333651870592402	0.28734181261415603	-0.0011749213275657631	0.0006783296368930729
2,9,16	-8.81471526308292e-06	0.00023336518882971033	0.9698694305492281	-0.0009354402045225244	0.0009178107739963586
2,10,11	0.0007900230864893538	0.00023336518706428791	0.0007112940943329805	-0.00013660239576010719	0.0017166485687388148
2,10,12	8.499041925853334e-05	0.0002333651888297104	0.715713638307311	-0.0008416350700009085	0.0010116159085179753
2,10,13	0.0002849040066051963	0.00023336518984042861	0.22214707254317764	-0.0006417214866675144	0.0012115294998779071
2,10,14	4.1660406435611516e-05	0.00023336519160891667	0.858314997112307	-0.0008849650938592523	0.0009682859067304754
2,10,15	0.00011261406791337678	0.00023336518705924	0.6294056669829224	-0.0008140114143160405	0.0010392395501427941
2,10,16	3.4188302312096464e-05	0.0002333651888297104	0.8835261233857512	-0.0008924371869473453	0.0009608137915715383
2,11,12	-3.3272377769878736e-05	0.00023336517905967174	0.8866251441008878	-0.0009598978282353303	0.0008933530726955728
2,11,13	0.0003030489238411947	0.00023336519249813204	0.194084554898048	-0.0006235765799844855	0.001229674427666875
2,11,14	0.00011812584643007898	0.00023336518005389738	0.6127288278308731	-0.0008084996079831542	0.001044751300843312
2,11,15	0.00028663460331053827	0.00023336518660664702	0.21935146161640737	-0.0006399908771217635	0.00121326008374284
2,11,16	0.00043666293844466485	0.00023336517905967174	0.06132779348555596	-0.0004899625120207867	0.0013632883889101164
2,12,13	5.587199343076721e-05	0.00023336518005389738	0.8107816699957644	-0.000870753460982466	0.0009824974478440003
2,12,14	4.1172444897825955e-05	0.00023336519249813215	0.8599572813008267	-0.0008854530589278547	0.0009677979487235066
2,12,15	-0.00029848566278087643	0.00023336518261313246	0.20088413878988762	-0.00122511112735609	0.0006281398017943371
2,12,16	0.00022086304036154566	0.0002333651915008409	0.34393453659722983	-0.0007057624595041807	0.001147488540227272
2,13,14	3.229554191200301e-06	0.0002333651790596717	0.9889584245117806	-0.0009233958962742511	0.0009298550046566517
2,13,15	2.3740018682752786e-05	0.00023336518716355874	0.9189720581630764	-0.0009028854639608839	0.0009503655013263895
2,13,16	3.458453780168756e-05	0.00023336518005389757	0.8821860077764796	-0.0008920409166115464	0.0009612099922149215
2,14,15	-9.113934742386275e-05	0.00023336518006470368	0.6961356833813288	-0.0010177648018800047	0.0008354861070322792
2,14,16	0.0001314001069387307	0.00023336519249813232	0.5733915936009177	-0.0007952253968869506	0.001058025610764412
2,15,16	0.000290303470453359	0.00023336518261313232	0.21350850278275843	-0.000636321994121854	0.0012169289350285719
3,4,5	-0.011361440740783858	0.0002333651772861801	0.0	-0.012288066184207289	-0.010434815297360428
3,4,6	0.0018727045927978535	0.00023336518984042867	1.0339637982086056e-15	0.0009460790995251426	0.0027993300860705644
3,4,7	0.0005525227111352338	0.0002333651750604394	0.0179052806021482	-0.00037410272345042594	0.0014791481457208935
3,4,8	0.01103276870755073	0.00023336517506043934	0.0	0.01010614327296507	0.01195939414213639
3,4,9	0.0016372418247818307	0.00023336517561989254	2.308797776837652e-12	0.0007106163879747448	0.0025638672615889164
3,4,10	0.0049593747010659925	0.00023336517561989235	7.00043618928301e-100	0.004032749264258908	0.005886000137873077
3,4,11	0.00918235683608801	0.00023336516585787626	0.0	0.00825573143804306	0.01010898223413296
3,4,12	-6.782607928919673e-05	0.00023336517296095372	0.7713248886415227	-0.0009944515055384075	0.0008587993469600141
3,4,13	0.00010549956714205576	0.00023336517018003722	0.6512133544200807	-0.0008211258480649422	0.0010321249823490538
3,4,14	0.00014187300501735008	0.00023336517728617996	0.5432266154831369	-0.0007847524384060799	0.00106849844844078
3,4,15	0.0005758784721196508	0.00023336517117667787	0.013600458577079862	-0.0003507469470447181	0.0015025038912840198
3,4,16	0.001385730670068891	0.0002333651729609538	2.89921311687166e-09	0.00045910524381967974	0.002312356096318102
3,5,6	-7.580862350634737e-05	0.0002333651898404286	0.7452958380044907	-0.001002434116779058	0.0008508168697663632
3,5,7	-0.001064120216632724	0.00023336517506043937	5.127315666468195e-06	-0.0019907456512183834	-0.0001374947820470643
3,5,8	-0.0049653634141317085	0.00023336517506043934	4.066823133844183e-100	-0.005891988848717368	-0.004038737979546049
3,5,9	0.0018259628684642506	0.0002333651756198921	5.173881450115386e-15	0.0008993374316571664	0.0027525883052713345
3,5,10	-0.014071491819270782	0.00023336517561989222	0.0	-0.014998117256077866	-0.013144866382463698
3,5,11	-0.008366633662547331	0.00023336516585787656	9.263967957418575e-279	-0.009293259060592283	-0.00744000826450238
3,5,12	-0.00011299401205147608	0.00023336517296095364	0.6282498439229267	-0.0010396194383006866	0.0008136314141977345
3,5,13	-0.0013511647619623354	0.00023336517018003738	7.0745368774360036e-09	-0.002277790177169334	-0.00042453934675533683
3,5,14	0.00017463817795178999	0.00023336517728618012	0.4542534735859076	-0.0007519872654716406	0.0011012636213752207
3,5,15	0.0018661240360412987	0.0002333651711766779	1.3001444041172647e-15	0.0009394986168769296	0.0027927494552056676
3,5,16	-0.0020834325521764405	0.0002333651729609538	4.456916223373991e-19	-0.0030100579784256517	-0.0011568071259272293
3,6,7	-0.0005350795302869853	0.00023336518006470357	0.021857810348677304	-0.0014617049847431268	0.0003915459241691562
3,6,8	0.000355401207589489	0.0002333651800647039	0.12777855131475918	-0.0005712242468666538	0.0012820266620456318
3,6,9	-0.000527931303275532	0.00023336517905967187	0.023685011876827793	-0.0014545567537409842	0.0003986941471899201
3,6,10	0.001611829439076509	0.00023336517905967166	4.999128557485235e-12	0.0006852039886110578	0.0025384548895419604
3,6,11	0.0007854790872713693	0.0002333651888297102	0.0007634432171955244	-0.0001411464019880716	0.0017121045765308104
3,6,12	-0.00033722300600272023	0.00023336518706428791	0.14845030881092053	-0.0012638484882521812	0.0005894024762467408
3,6,13	-1.7804261275314488e-05	0.0002333651916089167	0.939185784606285	-0.0009444297615701784	0.0009088212390195495
3,6,14	-0.00023880630125661106	0.00023336518984042875	0.3061623428079225	-0.0011654317945293223	0.0006878191920161002
3,6,15	-0.0006325858679665404	0.00023336519105785554	0.006715654308234863	-0.0015592113660733004	0.0002940396301402196
3,6,16	-0.00027019191276845406	0.00023336518706428791	0.24694695654828705	-0.001196817395017915	0.0006564335694810069
3,7,8	-0.005922835637221575	0.00023336517728617993	2.0594198247506214e-141	-0.006849461080645006	-0.004996210193798145
3,7,9	-0.00504203935738274	0.000233365172957289	3.669709571513462e-103	-0.005968664783617399	-0.004115413931148081
3,7,10	0.004549406368917442	0.00023336517295728928	2.1228720383678204e-84	0.003622780942682782	0.005476031795152103
3,7,11	0.003656357334778284	0.0002333651667459889	3.1640344671851392e-55	0.002729731933206896	0.0045829827363496715
3,7,12	-0.006715536237606803	0.0002333651729575079	5.774911403481666e-181	-0.0076421616638423315	-0.005788910811371275
3,7,13	1.3109671299221803e-07	0.00023336516574357926	0.9995517770011213	-0.0009264943008781177	0.0009267564943041021
3,7,14	-0.00028721946961120237	0.00023336517506043932	0.21841238102745617	-0.0012138449041968619	0.000639405964974457
3,7,15	-0.004141171237089651	0.000233365168516377	2.742446894912198e-70	-0.005067796645690736	-0.003214545828488565
3,7,16	-0.004847942934086158	0.00023336517295750804	1.5238520555636248e-95	-0.005774568360321687	-0.003921317507850629
3,8,9	0.003927122139018219	0.00023336517295728903	2.0676566663635932e-63	0.0030004967127835592	0.004853747565252878
3,8,10	-0.01512937872652175	0.00023336517295728874	0.0	-0.016056004152756407	-0.01420275330028709
3,8,11	-0.008409537674669667	0.00023336516674598865	1.4150037872003578e-281	-0.009336163076241055	-0.0074829122730982805
3,8,12	-0.0015511995456760491	0.000233365172957508	3.013016665244345e-11	-0.002477824971911578	-0.0006245741194405202
3,8,13	0.00015526390944986534	0.00023336516574357953	0.5058443788121203	-0.0007713614881412457	0.0010818893070409764
3,8,14	-0.00013591066654224018	0.00023336517506043945	0.5603028026086005	-0.0010625361011279	0.0007907147680434197
3,8,15	0.0005284333225314998	0.000233365168516377	0.023552486579972932	-0.00039819208606958593	0.0014550587311325854
3,8,16	-0.0021205819590064	0.0002333651729575082	1.0461584054729058e-19	-0.00304720738524193	-0.0011939565327708703
3,9,10	0.010214052746758275	0.0002333651772861801	0.0	0.009287427303334844	0.011140678190181705
3,9,11	-0.00027543143546518607	0.00023336516796458319	0.2379013868004167	-0.0012020568418752585	0.0006511939709448863
3,9,12	-0.00041843451418563035	0.000233365175071164	0.07297021455359298	-0.0013450599488138743	0.0005081909204426136
3,9,13	0.0004012885454542387	0.00023336516851637707	0.08551478044826612	-0.0005253368631468472	0.0013279139540553248
3,9,14	1.978354427550552e-05	0.00023336517561989222	0.9324404916238549	-0.000906841892531579	0.0009464089810825901
3,9,15	-0.0014734048168720936	0.00023336516574357923	2.741445993025154e-10	-0.0024000302144632033	-0.0005467794192809838
3,9,16	-0.0011066726312782432	0.0002333651750711639	2.118212955124383e-06	-0.0020332980659064867	-0.0001800471966499997
3,10,11	0.01049768198211077	0.000233365167964583	0.0	0.009571056575700699	0.01142430738852084
3,10,12	0.003521016735220048	0.000233365175071164	2.374663065106795e-51	0.002594391300591804	0.004447642169848292
3,10,13	-0.0006915445173683275	0.0002333651685163772	0.0030441303852778204	-0.001618169925969414	0.00023508089123275896
3,10,14	0.0002809007832160308	0.00023336517561989203	0.22871140297933792	-0.000645724653591053	0.0012075262200231147
3,10,15	0.003262125041880444	0.00023336516574357942	2.44189570558623e-44	0.0023354996442893333	0.004188750439471554
3,10,16	0.000669858196746323	0.0002333651750711641	0.004100476743121124	-0.0002567672378819214	0.0015964836313745673
3,11,12	-0.004502450453936321	0.00023336517018003705	1.0384126978274483e-82	-0.005429075869143318	-0.0035758250387293235
3,11,13	0.00031913989381008277	0.00023336517296095377	0.17145590297010635	-0.0006074855324391283	0.001245765320059294
3,11,14	-0.0002451886923170721	0.00023336516585787659	0.2934162342738219	-0.0011718140903620236	0.0006814367057278795
3,11,15	-0.0007538494913497673	0.00023336517018626571	0.0012370350085997863	-0.0016804749065814969	0.00017277592388196216
3,11,16	-0.004012146178758221	0.0002333651701800368	4.233283488852421e-66	-0.004938771593965217	-0.003085520763551225
3,12,13	0.0002041988084810556	0.0002333651658578764	0.38156714863074215	-0.0007224265895638952	0.0011308242065260063
3,12,14	0.00021996778033813932	0.0002333651729609539	0.3458939454547082	-0.0007066576459110723	0.001146593206587351
3,12,15	-0.0028792775071580685	0.0002333651653003138	6.18322967397352e-35	-0.0038059029029891	-0.001952652111327037
3,12,16	-0.0024862490944587284	0.00023336517728618007	1.7587069335656718e-26	-0.0034128745378821587	-0.0015596236510352982
3,13,14	-0.00025232506586693806	0.00023336517018003705	0.27959189603013906	-0.0011789504810739353	0.0006743003493400592
3,13,15	-0.0006722636275640834	0.0002333651729572888	0.003968768942689273	-0.001598889053798742	0.00025436179867057514
3,13,16	0.0006029310672663879	0.00023336516585787659	0.009778607287391598	-0.00032369433077856363	0.0015295564653113394
3,14,15	0.00013447386376182896	0.00023336517117667784	0.564456369399391	-0.0007921515554025399	0.001061099282926198
3,14,16	0.00039269263571905036	0.00023336517296095366	0.09243047835379113	-0.0005339327905301603	0.0013193180619682611
3,15,16	-0.003378381928294944	0.00023336516530031383	2.0139985297833884e-47	-0.004305007324125976	-0.0024517565324639126
4,5,6	-0.0022237682842096863	0.00023336516674598857	1.638313100414663e-21	-0.003150393685781073	-0.0012971428826382995
4,5,7	-0.011222761675159839	0.00023336518882971017	0.0	-0.01214938716441928	-0.010296136185900398
4,5,8	-0.017536130821761746	0.0002333651888297102	0.0	-0.01846275631102119	-0.016609505332502304
4,5,9	-0.002480092588402861	0.00023336518983285213	2.3332114453963531e-26	-0.0034067180816454877	-0.001553467095160234
4,5,10	-0.003586845993361726	0.00023336518983285175	3.2256567600821225e-53	-0.004513471486604351	-0.002660220500119101
4,5,11	-0.01609198724378074	0.0002333651800647037	0.0	-0.017018612698236884	-0.0151653617893246
4,5,12	-0.00024244504468750282	0.00023336518716355887	0.2988512307994985	-0.00116907052733114	0.0006841804379561344
4,5,13	-1.6269965983615325e-05	0.00023336518261313232	0.9444176060382375	-0.0009428954305588283	0.0009103554985915976
4,5,14	0.00037108129633017014	0.000233365186606647	0.11181007934796648	-0.0005555441841021315	0.0012977067767624717
4,5,15	-0.0008705690850710039	0.00023336518005389744	0.0001912620425563202	-0.0017971945394842375	5.605636934222951e-05
4,5,16	-2.7452435802711485e-05	0.00023336518716355874	0.9063554634257243	-0.0009540779184463482	0.0008991730468409252
4,6,7	-0.00044579494963541827	0.00023336516585787656	0.0561003981269314	-0.0013724203476803698	0.00048083044840953315
4,6,8	0.0005291876765825647	0.00023336516585787656	0.023354566675061222	-0.00039743772146238674	0.0014558130746275162
4,6,9	-0.00015208109763968983	0.0002333651653003136	0.514605273700151	-0.0010787064934707205	0.0007745442981913408
4,6,10	-0.0005006280774495862	0.00023336516530031396	0.03193606832431611	-0.0014272534732806181	0.0004259973183814459
4,6,11	-0.0006846651330892559	0.00023336517506043932	0.0033487216293762324	-0.0016112905676749154	0.00024196030149640352
4,6,12	-0.0001397026751599889	0.0002333651657435796	0.5494123455823209	-0.0010663280727511004	0.0007869227224311224
4,6,13	-0.00011765258522263445	0.000233365172957508	0.6141530697572204	-0.0010442780114581635	0.0008089728410128945
4,6,14	-8.804651906880318e-06	0.00023336516674598852	0.9699038100635218	-0.0009354300534782667	0.0009178207496645061
4,6,15	0.0002665078900290982	0.0002333651750711639	0.25344958073408985	-0.0006601175445991453	0.0011931333246573417
4,6,16	-0.0002271460527790009	0.0002333651657435794	0.33038286527671157	-0.0011537714503701115	0.0006994793448121096
4,7,8	0.001496396089267816	0.00023336518660664713	1.4436944865252156e-10	0.0005697706088355137	0.002423021569700118
4,7,9	-0.0001723640050456214	0.00023336519249813237	0.4601513645333939	-0.001098989508871303	0.0007542614987800601
4,7,10	0.0007024513046870219	0.00023336519249813215	0.002612667606720601	-0.00022417419913865874	0.0016290768085127027
4,7,11	0.00018425949161366556	0.00023336518984042856	0.4297784705871115	-0.0007423660016590449	0.001110884984886376
4,7,12	0.0004403956563471638	0.00023336519160891707	0.059144308163473006	-0.0004862298439477017	0.0013670211566420292
4,7,13	-1.2909460911769005e-06	0.00023336518706428797	0.9955862451351113	-0.0009279164283406381	0.0009253345361582843
4,7,14	0.00015197406413143717	0.00023336518882971006	0.5149012973789115	-0.0007746514251280032	0.0010785995533908776
4,7,15	0.0005408582225418582	0.00023336518272889595	0.020471585992300884	-0.0003857672424930187	0.001467483687576735
4,7,16	0.0007256571454603879	0.00023336519160891683	0.001874634717641551	-0.00020096835483447663	0.0016522826457552524
4,8,9	0.0024011439900281997	0.00023336519249813223	8.2362694921928055e-25	0.0014745184862025187	0.003327769493853881
4,8,10	-0.002960659404743271	0.00023336519249813234	7.741488985960517e-37	-0.0038872849085689522	-0.00203403390091759
4,8,11	-0.0007417164388976048	0.0002333651898404285	0.0014818494896460454	-0.0016683419321703152	0.00018490905437510547
4,8,12	0.0003996860775336581	0.00023336519160891664	0.08677133254235372	-0.0005269394227612056	0.0013263115778285217
4,8,13	0.00041646911926408736	0.00023336518706428791	0.07432699630971948	-0.0005101563629853736	0.0013430946015135484
4,8,14	-0.0001964163195159064	0.0002333651888297101	0.3999761809395941	-0.001123041808775347	0.0007302091697435341
4,8,15	0.00040455070243525584	0.00023336518272889595	0.08300233998350837	-0.000522074762599621	0.0013311761674701327
4,8,16	0.00115818445147544	0.00023336519160891667	6.959887416932035e-07	0.00023155895118057612	0.002084809951770304
4,9,10	-0.0005361982986661733	0.00023336518660664694	0.021583232049711812	-0.0014628237790984748	0.00039042718176612813
4,9,11	0.00026230648545793635	0.00023336518705923981	0.261009888569162	-0.0006643189967714801	0.0011889319676873528
4,9,12	0.00022727937534602373	0.00023336519105785538	0.33009915461973593	-0.0006993461227607356	0.001153904873452783
4,9,13	2.8708635247304964e-05	0.00023336518272889598	0.9020914706268839	-0.000897916829787572	0.0009553341002821819
4,9,14	-8.595029190420697e-05	0.00023336518983285194	0.7126447088285353	-0.001012575785146833	0.000840675201338419
4,9,15	-0.0002551799525257088	0.00023336518706428797	0.27418756737887323	-0.00118180543477517	0.0006714455297237524
4,9,16	-0.0003088384712728776	0.0002333651910578553	0.18570281794251467	-0.0012354639693796365	0.0006177870268338814
4,10,11	-0.0029533725879870645	0.00023336518705923987	1.1515554807543472e-36	-0.003879998070216481	-0.002026747105757648
4,10,12	-0.0004381176472064256	0.00023336519105785514	0.0604690466496983	-0.001364743145313184	0.0004885078509003327
4,10,13	0.000618965040704824	0.00023336518272889584	0.007995421157434391	-0.0003076604243300524	0.0015455905057397005
4,10,14	0.00021000346251157098	0.00023336518983285194	0.3681810814642803	-0.000716622030731055	0.001136628955754197
4,10,15	9.570527413000317e-05	0.00023336518706428775	0.6817269983032992	-0.0008309202081194572	0.0010223307563794635
4,10,16	-0.0006650794432278961	0.00023336519105785516	0.00437396984296232	-0.0015917049413346545	0.0002615460548788624
4,11,12	0.0010644651722543988	0.0002333651826131328	5.091361174398793e-06	0.00013783970767918387	0.001991090636829614
4,11,13	-0.0004779382612114247	0.00023336518716355866	0.04056134927176022	-0.001404563743855061	0.0004486872214322117
4,11,14	-0.00035607849675439035	0.00023336518006470373	0.12705398536117551	-0.0012827039512105325	0.0005705469577017518
4,11,15	0.00032115780790195614	0.00023336519150084085	0.16876363798997854	-0.00060546769196377	0.0012477833077676821
4,11,16	-0.001305262835047111	0.00023336518261313268	2.237922022421027e-08	-0.0022318882996223257	-0.0003786373704718967
4,12,13	-0.00011919347886477603	0.00023336518006470382	0.6095212220864146	-0.0010458189333209184	0.0008074319755913664
4,12,14	-0.0001631381412509278	0.00023336518716355874	0.48451202572594354	-0.0010897636238945646	0.0007634873413927089
4,12,15	0.0004391714414201976	0.0002333651790596715	0.059853190758213985	-0.00048745400904525295	0.001365796891885648
4,12,16	-0.0005572216231088801	0.00023336518660664718	0.016953944103232397	-0.0014838471035411825	0.00036940385732342224
4,13,14	-0.00026793960373261254	0.00023336518261313232	0.25090846058939215	-0.0011945650683078254	0.0006586858608426004
4,13,15	-0.0002664907459326814	0.00023336519249813232	0.25348015327593115	-0.0011931162497583626	0.0006601347578929999
4,13,16	5.130787663129577e-05	0.00023336518006470368	0.8259801869893403	-0.0008753175778248462	0.0009779333310874377
4,14,15	-0.00010786659038785479	0.00023336518005389736	0.643923463760432	-0.0010344920448010879	0.0008187588640253783
4,14,16	-9.756674499491504e-05	0.0002333651871635587	0.675885539504407	-0.0010241922276385516	0.0008290587376487215
4,15,16	-0.0011109208540452907	0.00023336517905967158	1.935877854718122e-06	-0.0020375463045107416	-0.0001842954035798398
5,6,7	9.941274336440833e-05	0.00023336516585787648	0.670111812156581	-0.0008272126546805428	0.0010260381414093594
5,6,8	0.0002528972931687568	0.0002333651658578767	0.2785028864418436	-0.0006737281048761951	0.0011795226912137088
5,6,9	-3.3448786714931206e-05	0.0002333651653003139	0.886028122425389	-0.000960074182545963	0.0008931766091161006
5,6,10	-0.0002617004974187556	0.00023336516530031372	0.26211303649792067	-0.0011883258932497867	0.0006649248984122755
5,6,11	0.00014988752555286297	0.00023336517506043937	0.5206888258992354	-0.0007767379090327966	0.0010765129601385225
5,6,12	-0.00012349854901328242	0.00023336516574357945	0.596663465852489	-0.001050123946604393	0.0008031268485778283
5,6,13	9.784644830666215e-05	0.000233365172957508	0.675009460536969	-0.0008287789779288668	0.0010244718745421912
5,6,14	-0.00010307721601224805	0.0002333651667459888	0.6587083353014203	-0.0010297026175836357	0.0008235481855591395
5,6,15	1.3774021882009477e-05	0.0002333651750711641	0.9529335980543034	-0.0009128514127462349	0.0009403994565102538
5,6,16	-0.0001595041504268424	0.00023336516574357934	0.4942959381906853	-0.0010861295480179525	0.0007671212471642678
5,7,8	-0.005638210751404152	0.00023336518660664718	2.1495618404418442e-128	-0.006564836231836454	-0.00471158527097185
5,7,9	-0.0013533512503005607	0.00023336519249813218	6.6906425242066965e-09	-0.0022799767541262415	-0.00042672574647487993
5,7,10	0.0040584892731872855	0.00023336519249813213	1.3717353491440898e-67	0.003131863769361605	0.004985114777012966
5,7,11	-0.004781857068331981	0.00023336518984042845	5.126353510235981e-93	-0.0057084825616046915	-0.0038552315750592712
5,7,12	-0.002153970648078936	0.00023336519160891683	2.7837749507393976e-20	-0.0030805961483738003	-0.0012273451477840714
5,7,13	0.0001800684911449392	0.0002333651870642878	0.4403442529816963	-0.0007465569911045214	0.0011066939733943998
5,7,14	-4.2693106129676126e-05	0.00023336518882971028	0.854841370412458	-0.0009693185953891174	0.0008839323831297651
5,7,15	-0.0024770181494966036	0.00023336518272889576	2.6862344004814674e-26	-0.0034036436145314796	-0.0015503926844617276
5,7,16	-0.001663716903143252	0.00023336519160891677	1.0197265914998125e-12	-0.002590342403438116	-0.0007370914028483877
5,8,9	0.0003886115855201086	0.00023336519249813232	0.09586755117554038	-0.0005380139183055727	0.0013152370893457898
5,8,10	3.668100809448363e-05	0.00023336519249813215	0.8751012265589377	-0.000889944495731197	0.0009633065119201643
5,8,11	-0.012717683311316423	0.00023336518984042861	0.0	-0.013644308804589134	-0.011791057818043712
5,8,12	-0.0008839259910617004	0.00023336519160891696	0.00015216275076112271	-0.0018105514913565653	4.2699509233164634e-05
5,8,13	-0.0005700496796542665	0.00023336518706428783	0.014579022598074795	-0.0014966751619037272	0.0003565758025951942
5,8,14	-0.00019160459563206944	0.0002333651888297103	0.41162054549467686	-0.001118230084891511	0.0007350208936273719
5,8,15	0.000695173574232797	0.00023336518272889598	0.002893840396281362	-0.00023145189080207992	0.001621799039267674
5,8,16	-0.0009710860148025597	0.00023336519160891667	3.16947018752001e-05	-0.0018977115150974235	-4.446051450769585e-05
5,9,10	0.004390795209272262	0.00023336518660664726	9.21390459721823e-79	0.0034641697288399593	0.005317420689704565
5,9,11	-0.0008704361355693288	0.00023336518705923976	0.00019169500858338436	-0.001797061617798745	5.618934666008746e-05
5,9,12	0.0002174103519558615	0.00023336519105785557	0.3515304917320028	-0.0007092151461508986	0.0011440358500626217
5,9,13	0.00016026436761914023	0.0002333651827288957	0.49224050179399725	-0.0007663610974157357	0.0010868898326540162
5,9,14	4.774881382593396e-05	0.00023336518983285183	0.8378776102315064	-0.0008788766794166915	0.0009743743070685595
5,9,15	-0.00031739859293133076	0.00023336518706428794	0.17380490570609303	-0.001244024075180792	0.0006092268893181304
5,9,16	-0.0002088155813824745	0.00023336519105785527	0.37089639645866024	-0.0011354410794892334	0.0007178099167242844
5,10,11	-0.0033970775921771564	0.00023336518705923998	6.284278941310138e-48	-0.004323703074406574	-0.002470452109947739
5,10,12	0.0014204449720718049	0.00023336519105785544	1.1584054906866783e-09	0.0004938194739650453	0.002347070470178564
5,10,13	-0.00046181637218868643	0.0002333651827288958	0.04782665941674247	-0.0013884418372235626	0.0004648090928461898
5,10,14	0.00031048744759804275	0.00023336518983285172	0.1833652324525531	-0.0006161380456445823	0.0012371129408406678
5,10,15	0.0016373995138514144	0.00023336518706428797	2.2976788222476273e-12	0.0007107740316019532	0.0025640249961008756
5,10,16	0.0006305156685804678	0.00023336519105785544	0.006897463932152727	-0.00029610982952629175	0.0015571411666872273
5,11,12	-0.002663157203467891	0.00023336518261313257	3.89350478357612e-30	-0.003589782668043105	-0.0017365317388926772
5,11,13	-0.0002193373285955917	0.00023336518716355852	0.3472780982191517	-0.0011459628112392276	0.0007072881540480441
5,11,14	-3.895362476684372e-06	0.00023336518006470395	0.9866822751091755	-0.0009305208169328274	0.0009227300919794586
5,11,15	-0.0002887595980747386	0.00023336519150084085	0.2159534198296019	-0.0012153850979404646	0.0006378659017909875
5,11,16	-0.0020512090130875606	0.00023336518261313246	1.5354496642007923e-18	-0.0029778344776627743	-0.001124583548512347
5,12,13	0.00024748122612898264	0.0002333651800647035	0.28892610390677587	-0.0006791442283271585	0.0011741066805851237
5,12,14	0.00011193759672288237	0.00023336518716355882	0.6314657613725956	-0.0008146878859207546	0.0010385630793665194
5,12,15	-0.0012120868103275353	0.00023336517905967174	2.065004437079306e-07	-0.002138712260792987	-0.0002854613598620838
5,12,16	-0.001047525911266757	0.00023336518660664707	7.1754043421368185e-06	-0.001974151391699059	-0.00012090043083445509
5,13,14	-0.0002855359813579588	0.0002333651826131325	0.22112322369151804	-0.0012121614459331726	0.0006410894832172548
5,13,15	-6.3667331548313e-05	0.00023336519249813232	0.7849903463461675	-0.0009902928353739942	0.0008629581722773683
5,13,16	-2.283966426654821e-05	0.00023336518006470363	0.9220350961784114	-0.0009494651187226899	0.0009037857901895935
5,14,15	-0.00024043694734199837	0.0002333651800538975	0.30287142915639725	-0.001167062401755232	0.0006861885070712353
5,14,16	0.00026867157008448987	0.0002333651871635587	0.24961620201552887	-0.0006579539125591467	0.0011952970527281264
5,15,16	0.000136315104641958	0.00023336517905967166	0.5591363186569358	-0.0007903103458234932	0.0010629405551074093
6,7,8	-0.0001342516441344005	0.00023336516674598863	0.5651000852010568	-0.0010608770457057872	0.0007923737574369864
6,7,9	-0.00012690075564606232	0.00023336516796458308	0.5865904827584945	-0.0010535261620561343	0.0007997246507640097
6,7,10	-0.0010095826050858635	0.00023336516796458294	1.5193549040658693e-05	-0.0019362080114959349	-8.295719867579211e-05
6,7,11	-0.0005190088713799383	0.00023336517728618015	0.026150515190810766	-0.001445634314803369	0.0004076165720434924
6,7,12	3.756630155008628e-05	0.00023336517018003722	0.8721124339253591	-0.0008890591136569117	0.0009641917167570842
6,7,13	-1.4389741388965913e-05	0.00023336517296095372	0.9508322667926856	-0.0009410151676381768	0.000912235684860245
6,7,14	-0.0002186756468137369	0.0002333651658578767	0.3487345262937961	-0.0011453010448586889	0.0007079497512312151
6,7,15	0.00020894100661897862	0.00023336517018626582	0.3706090654159735	-0.0007176844086127513	0.0011355664218507086
6,7,16	-3.0117773688779353e-05	0.0002333651701800371	0.8973117094237322	-0.0009567431888957769	0.0008965076415182182
6,8,9	-0.00012734244224783288	0.00023336516796458313	0.5852885731906465	-0.001053967848657905	0.0007992829641622393
6,8,10	-0.0010339455117652826	0.00023336516796458332	9.41290731148392e-06	-0.0019605709181753556	-0.00010732010535520963
6,8,11	-0.0012997202102306218	0.0002333651772861798	2.5652631972163652e-08	-0.0022263456536540513	-0.00037309476680719253
6,8,12	-0.0003013713648882914	0.00023336517018003697	0.196564291919979	-0.0012279967800952884	0.0006252540503187056
6,8,13	-0.0003179284372062871	0.00023336517296095372	0.17308760045506913	-0.0012445538634554979	0.0006086969890429238
6,8,14	5.01950039888642e-05	0.00023336516585787648	0.8296961882775727	-0.0008764303940560869	0.0009768204020338153
6,8,15	3.9290777526644616e-05	0.0002333651701862657	0.8662958212502652	-0.0008873346377050847	0.000965916192758374
6,8,16	-0.00023955041416843723	0.00023336517018003724	0.3046576393651563	-0.0011661758293754353	0.0006870750010385608
6,9,10	-8.922876695719416e-05	0.0002333651667459888	0.7021979551062361	-0.0010158541685285818	0.0008373966346141934
6,9,11	0.0001019920072243656	0.00023336517295728917	0.6620772937575263	-0.0008246334190102944	0.0010286174334590255
6,9,12	-0.0003756562604599542	0.00023336517117667795	0.1074604239151848	-0.0013022816796243236	0.0005509691587044151
6,9,13	2.0681314587673444e-05	0.00023336517018626577	0.9293825069662689	-0.0009059441006440562	0.0009473067298194031
6,9,14	-0.00023684530106413484	0.0002333651653003138	0.3101511677416142	-0.0011634706968951664	0.0006897800947668966
6,9,15	8.989565666240804e-05	0.0002333651729609536	0.7000797388641112	-0.0008367297695868024	0.0010165210829116184
6,9,16	-1.7107284716648408e-05	0.0002333651711766777	0.9415621018131333	-0.0009437327038810167	0.0009095181344477199
6,10,11	-0.0005745771338171186	0.00023336517295728898	0.01381375443702054	-0.0015012025600517778	0.0003520482924175407
6,10,12	-0.00011731297538504493	0.0002333651711766777	0.6151760017077272	-0.0010439383945494132	0.0008093124437793234
6,10,13	-2.971853165968652e-05	0.0002333651701862659	0.8986655560097023	-0.0009563439468914167	0.0008969068835720437
6,10,14	8.18493126994559e-05	0.00023336516530031402	0.725788364533793	-0.0008447760831315763	0.001008474708530488
6,10,15	-0.0002030356298964274	0.00023336517296095377	0.38428505669239765	-0.0011296610561456386	0.0007235897963527837
6,10,16	-0.0002656942926844187	0.0002333651711766777	0.2549015786834635	-0.001192319711848787	0.0006609311264799496
6,11,12	-6.017468422461498e-05	0.00023336517295750793	0.7965186167251954	-0.0009868001104601436	0.0008664507420109137
6,11,13	-0.00036424795108514277	0.00023336516574357942	0.11856409650199601	-0.0012908733486762533	0.0005623774465059678
6,11,14	-0.00023004019141422555	0.0002333651750604394	0.3242584969202399	-0.0011566656259998853	0.0006965852431714342
6,11,15	-0.00014336962459944244	0.00023336516851637696	0.5389813173937282	-0.001069995033200528	0.0007832557840016431
6,11,16	-0.00011871754249234354	0.00023336517295750785	0.6109501974501828	-0.001045342968727872	0.0008079078837431848
6,12,13	8.684677929042539e-05	0.00023336517506043956	0.7097826124785362	-0.000839778655295235	0.0010134722138760857
6,12,14	-1.504889319246111e-06	0.00023336516574357945	0.9948547805001231	-0.0009281302869103568	0.0009251205082718646
6,12,15	0.00044062585111231956	0.0002333651756198922	0.05901177524110488	-0.0004859995856947649	0.001367251287919404
6,12,16	7.948398763395724e-05	0.0002333651667459887	0.7334064400955846	-0.0008471414139374299	0.0010061093892053444
6,13,14	0.00017999963037113736	0.00023336517295750802	0.440519062787478	-0.0007466257958643916	0.0011066250566066664
6,13,15	-1.7291765966799544e-05	0.0002333651679645832	0.9409330657217192	-0.0009439171723768721	0.000909333640443273
6,13,16	-0.00018565764585840375	0.00023336517506043932	0.4262866324079876	-0.0011122830804440632	0.0007409677887272556
6,14,15	0.00017448221090972382	0.00023336517507116414	0.454656589757781	-0.0007521432237185206	0.0011011076455379682
6,14,16	0.0002933785174409507	0.00023336516574357937	0.20869842468377658	-0.0006332468801501596	0.001220003915032061
6,15,16	1.3393618128802048e-05	0.00023336517561989227	0.9542320066047317	-0.0009132318186782827	0.0009400190549358868
7,8,9	0.00474484908145449	0.00023336518983285202	1.2881267933882148e-91	0.0038182235882118633	0.0056714745746971156
7,8,10	0.00437803326440965	0.000233365189832852	2.5673859458729166e-78	0.0034514077711670244	0.005304658757652276
7,8,11	0.02000679729133435	0.00023336518006470373	0.0	0.019080171836878206	0.020933422745790492
7,8,12	-0.0008505117583996908	0.00023336518716355869	0.0002680661811010331	-0.0017771372410433273	7.611372424394568e-05
7,8,13	-0.00040223498590940057	0.00023336518261313251	0.08477961541985807	-0.0013288604504846143	0.0005243904786658132
7,8,14	-0.0003369140804005584	0.000233365186606647	0.1488224727778278	-0.00126353956083286	0.0005897114000317432
7,8,15	-0.00230176230678783	0.00023336518005389736	6.22882296531755e-23	-0.003228387761201063	-0.001375136852374597
7,8,16	0.00030541186574014126	0.0002333651871635588	0.1906306908261984	-0.0006212136169034956	0.001232037348383778
7,9,10	-0.004031356549231344	0.00023336518882971017	1.0264292541386901e-66	-0.004957982038490785	-0.0031047310599719036
7,9,11	0.004533020640766279	0.00023336517905967174	8.287722553110305e-84	0.0036063951903008273	0.005459646091231731
7,9,12	-0.0006744769331394791	0.00023336519150084074	0.0038509898913054053	-0.0016011024330052047	0.00025214856672624655
7,9,13	-8.52298185269329e-05	0.00023336518005389744	0.714947781876722	-0.0010118552729401664	0.0008413956358863005
7,9,14	-0.0002320483298747858	0.00023336519249813218	0.3200527699008825	-0.0011586738337004666	0.000694577173950895
7,9,15	0.0013871875603031084	0.00023336518261313238	2.790924491054289e-09	0.0004605620957278952	0.0023138130248783217
7,9,16	1.2881542451118055e-06	0.00023336519150084106	0.9955957904654971	-0.0009253373456206152	0.0009279136541108388
7,10,11	0.002885043063901877	0.0002333651790596717	4.551532384952651e-35	0.001958417613436426	0.0038116685143673285
7,10,12	-0.004767936054498333	0.00023336519150084063	1.7288115952479224e-92	-0.005694561554364059	-0.003841310554632608
7,10,13	0.0009531768633754805	0.00023336518005389744	4.422744869937797e-05	2.655140896224708e-05	0.001879802317788714
7,10,14	-0.0006150434982693329	0.00023336519249813232	0.0084023303101629	-0.0015416690020950141	0.0003115820055563484
7,10,15	-0.003394184152769474	0.00023336518261313268	7.528623143999988e-48	-0.0043208096173446885	-0.0024675586881942593
7,10,16	-0.0004453869018285145	0.0002333651915008409	0.056325814878481394	-0.001372012401694241	0.0004812385980372118
7,11,12	-0.0006275339271068874	0.00023336518706428805	0.007167099835177272	-0.001554159409356349	0.0002990915551425742
7,11,13	0.0005692518988526518	0.000233365191608917	0.014717677704974216	-0.00035737360144221333	0.001495877399147517
7,11,14	0.00017275482948596148	0.00023336518984042861	0.45913475279224447	-0.0007538706637867492	0.0010993803227586723
7,11,15	-0.002667807548346047	0.0002333651910578554	3.0970420940048467e-30	-0.003594433046452806	-0.0017411820502392875
7,11,16	-0.0005965526566445991	0.00023336518706428797	0.010581284907704474	-0.0015231781388940603	0.0003300728256048621
7,12,13	-0.0008857093496916907	0.00023336518984042867	0.00014755207142488067	-0.0018123348429644015	4.091614358102023e-05
7,12,14	0.0006137342732296588	0.00023336519160891683	0.008542245319061476	-0.00031289122706520565	0.0015403597735245233
7,12,15	0.003512011006774101	0.0002333651870592396	4.2498350839072445e-51	0.0025853855245446854	0.004438636489003517
7,12,16	9.045990526513822e-05	0.00023336518882971025	0.6982893702688944	-0.0008361655839943029	0.0010170853945245793
7,13,14	-0.00022501871972511328	0.00023336518706428775	0.3349320637807688	-0.0011516442019745736	0.0007016067625243471
7,13,15	0.0004257739682313891	0.00023336518983285183	0.06808164747193	-0.0005008515250112364	0.0013523994614740146
7,13,16	-0.0005432103343644794	0.00023336518984042867	0.01992969265983671	-0.0014698358276371902	0.00038341515890823153
7,14,15	0.00038606615723034074	0.0002333651827288959	0.0980625938985255	-0.0005405593078045359	0.0013126916222652174
7,14,16	-0.00030239713854598137	0.00023336519160891675	0.19504528517742128	-0.0012290226388408454	0.0006242283617488828
7,15,16	0.0008058191214895503	0.00023336518705924009	0.0005546622707279431	-0.00012080636073986723	0.001732444603718968
8,9,10	-0.007333792749008892	0.00023336518882971028	3.697445851664588e-215	-0.008260418238268332	-0.00640716725974945
8,9,11	0.003193159528415479	0.0002333651790596719	1.468232588668806e-42	0.002266534077950027	0.004119784978880931
8,9,12	0.0023133406649665216	0.0002333651915008408	3.7977931766764916e-23	0.0013867151651007956	0.0032399661648322476
8,9,13	-0.0003014302428626797	0.00023336518005389733	0.19647688589703965	-0.0012280556972759128	0.0006251952115505533
8,9,14	-0.0005359877387570555	0.00023336519249813232	0.021634682996892963	-0.0014626132425827366	0.00039063776506862585
8,9,15	0.0007023194705791033	0.0002333651826131325	0.002617529539861715	-0.0002243059939961103	0.001628944935154317
8,9,16	-0.0010621845416101117	0.00023336519150084087	5.333652450895826e-06	-0.001988810041475838	-0.00013555904174438545
8,10,11	-0.026606833862044883	0.0002333651790596718	0.0	-0.027533459312510333	-0.025680208411579433
8,10,12	0.004222530309275509	0.00023336519150084068	5.369561519207305e-73	0.0032959048094097837	0.005149155809141235
8,10,13	-0.0017622602472314002	0.00023336518005389744	4.358455011403876e-14	-0.0026888857016446337	-0.0008356347928181667
8,10,14	6.199001573106017e-05	0.00023336519249813248	0.79052099786357	-0.0008646354880946218	0.0009886155195567422
8,10,15	0.0009455925543464493	0.00023336518261313243	5.08437246588603e-05	1.896708977123585e-05	0.0018722180189216626
8,10,16	0.002157311736405921	0.00023336519150084095	2.4356634836436007e-20	0.0012306862365401945	0.0030839372362716473
8,11,12	-0.0024052775851245434	0.00023336518706428775	6.853415299501547e-25	-0.0033319030673740037	-0.001478652102875083
8,11,13	-0.0003519922312173905	0.00023336519160891672	0.1314744005558863	-0.0012786177315122545	0.0005746332690774736
8,11,14	2.960010212021448e-05	0.00023336518984042875	0.8990672209428414	-0.0008970253911524968	0.0009562255953929257
8,11,15	0.0022222890790799133	0.0002333651910578554	1.741286075692465e-21	0.001295663580973154	0.0031489145771866726
8,11,16	-0.0015251740270084413	0.00023336518706428772	6.383661941026401e-11	-0.0024517995092579016	-0.000598548544758981
8,12,13	0.00021311115021652519	0.00023336518984042864	0.361136120636284	-0.0007135143430561856	0.001139736643489236
8,12,14	0.0004145277810378399	0.00023336519160891683	0.07568733097218944	-0.0005120977192570246	0.0013411532813327044
8,12,15	-0.0005548481749248109	0.00023336518705923981	0.017428780496964908	-0.0014814736571542274	0.0003717773073046056
8,12,16	-0.00031959769598725873	0.00023336518882970998	0.1708423305778576	-0.001246223185246699	0.0006070277932721813
8,13,14	0.00046978769935051906	0.00023336518706428783	0.04410812684292522	-0.0004568377828989416	0.0013964131815999798
8,13,15	-0.0002035662395328819	0.00023336518983285197	0.38304379769116537	-0.0011301917327755078	0.0007230592537097441
8,13,16	0.0010839309524828394	0.00023336518984042861	3.4109926426795e-06	0.00015730545921012874	0.0020105564457555502
8,14,15	-0.0002466976296507592	0.00023336518272889592	0.2904556252229142	-0.001173323094685636	0.0006799278353841176
8,14,16	-0.000301542076936237	0.00023336519160891677	0.19631092966222094	-0.0012281675772311013	0.0006250834233586273
8,15,16	-0.0006359176668350027	0.00023336518705923976	0.006432079047587917	-0.001562543149064419	0.0002907078153944135
9,10,11	0.005063522968042178	0.00023336518006470373	5.050818553988068e-104	0.004136897513586035	0.00599014842249832
9,10,12	-0.0028097787970546347	0.00023336518716355874	2.3691038620733992e-33	-0.0037364042796982715	-0.001883153314410998
9,10,13	-0.00016714237741823762	0.00023336518261313238	0.47385395143897535	-0.001093767841993451	0.0007594830871569756
9,10,14	-0.00016341142999939245	0.00023336518660664718	0.48378050509125936	-0.0010900369104316948	0.0007632140504329099
9,10,15	-0.0018957914671071108	0.00023336518005389738	4.600232723313786e-16	-0.002822416921520344	-0.0009691660126938776
9,10,16	9.859495549324748e-05	0.00023336518716355887	0.6726672434441463	-0.0008280305271503897	0.0010252204381368847
9,11,12	0.0006649576329524178	0.00023336518272889592	0.004381150919720895	-0.00026166783208245897	0.0015915830979872946
9,11,13	-6.547957106860236e-05	0.0002333651910578552	0.7790269914575263	-0.0009921050691753608	0.0008611459270381562
9,11,14	0.00016475537799094924	0.00023336518705924	0.4801918576556182	-0.000761870104238468	0.0010913808602203666
9,11,15	-0.0012085986241027278	0.0002333651916089167	2.2374208904022898e-07	-0.002135224124397592	-0.00028197312380786384
9,11,16	0.0008713959069944176	0.0002333651827288959	0.00018859051475298775	-5.5229558040459066e-05	0.0017980213720292942
9,12,13	-0.0008429362145525969	0.00023336518705923981	0.0003039676075715808	-0.0017695616967820134	8.368926767681958e-05
9,12,14	0.00043532395577404806	0.00023336519105785527	0.062127152794634724	-0.0004913015423327108	0.001361949453880807
9,12,15	0.0008168741162832612	0.00023336518984042848	0.00046485287593532533	-0.00010975137698944894	0.0017434996095559714
9,12,16	0.0011824702530823204	0.00023336518983285186	4.051610524823128e-07	0.0002558447598396948	0.002109095746324946
9,13,14	0.00020281448403843688	0.00023336518272889606	0.3848031448331074	-0.0007238109809964404	0.0011294399490733142
9,13,15	-0.00014398466907672436	0.00023336518882971	0.5372415628832842	-0.0010706101583361645	0.0007826408201827158
9,13,16	0.00023067634210735717	0.00023336518705923981	0.32292231629689894	-0.0006959491401220593	0.0011573018243367737
9,14,15	0.00020914918233512578	0.00023336518706428756	0.3701325757285734	-0.0007174762999143338	0.0011357746645845853
9,14,16	6.776383629973712e-05	0.0002333651910578551	0.7715289227555405	-0.0008588616618070211	0.0009943893344064954
9,15,16	-0.0007602281839786985	0.0002333651898404287	0.0011238631319183414	-0.0016868536772514096	0.00016639730929401248
10,11,12	-0.007503270681303253	0.0002333651827288961	4.849353752042074e-225	-0.00842989614633813	-0.0065766452162683755
10,11,13	-0.0011488267120789396	0.00023336519105785544	8.54927536045786e-07	-0.002075452210185699	-0.00022220121397218003
10,11,14	-0.0003059071163093053	0.0002333651870592398	0.18991256673548934	-0.0012325325985387218	0.0006207183659201111
10,11,15	0.0010389056910802344	0.00023336519160891683	8.527738051142481e-06	0.0001122801907853699	0.001965531191375099
10,11,16	-0.0015062137346498576	0.0002333651827288959	1.094697427472474e-10	-0.002432839199684734	-0.000579588269614981
10,12,13	-0.0002159865895218615	0.0002333651870592398	0.3546934905666552	-0.001142612071751278	0.0007106388927075549
10,12,14	0.001013684019826674	0.00023336519105785546	1.402724552051572e-05	8.705852171991444e-05	0.0019403095179334339
10,12,15	-0.002945199010825168	0.00023336518984042845	1.795718042135089e-36	-0.003871824504097878	-0.002018573517552458
10,12,16	0.00015051403280360275	0.00023336518983285183	0.5189475587779969	-0.0007761114604390227	0.0010771395260462282
10,13,14	0.0005764397083827325	0.00023336518272889584	0.013509375654337361	-0.00035018575665214397	0.0015030651734176089
10,13,15	0.00019162097795911992	0.0002333651888297102	0.41158056209142724	-0.000735004511300321	0.001118246467218561
10,13,16	0.0014824484770278312	0.00023336518705923981	2.1326597399739768e-10	0.0005558229947984147	0.0024090739592572477
10,14,15	-0.0003661626958672906	0.00023336518706428797	0.11664012172667068	-0.0012927881781167518	0.0005604627863821706
10,14,16	0.0008437066073602763	0.000233365191057855	0.0003001208267486585	-8.291889074648153e-05	0.001770332105467034
10,15,16	-0.0011700665508310604	0.00023336518984042853	5.348181170239763e-07	-0.002096692044103771	-0.00024344105755835007
11,12,13	-0.0005478252805988359	0.00023336518660664702	0.01890275345942034	-0.0014744507610311376	0.00037880019983346585
11,12,14	-0.0008877696573135925	0.00023336518261313254	0.00014238916140310934	-0.0018143951218888062	3.885580726162134e-05
11,12,15	0.00020716658725628435	0.00023336519249813232	0.3746862891852345	-0.000719458916569397	0.0011337920910819655
11,12,16	-0.0005387999723588735	0.00023336518006470357	0.020956277835342544	-0.001465425426815015	0.000387825482097268
11,13,14	0.0006461481733743028	0.00023336518716355869	0.005627422316143385	-0.00028047730926933367	0.0015727736560179392
11,13,15	-0.00023773022514314741	0.00023336517905967168	0.3083469403952506	-0.0011643556756085987	0.0006888952253223039
11,13,16	0.0011075553030837557	0.0002333651866066473	2.0790227957088337e-06	0.00018092982265145285	0.0020341807835160585
11,14,15	-9.661101212155368e-05	0.0002333651915008407	0.6788823087779579	-0.0010232365119872792	0.0008300144877441719
11,14,16	-0.0005398130522951405	0.0002333651826131324	0.02071647525108432	-0.0014664385168703538	0.00038681241228007276
11,15,16	0.00042034747728692716	0.00023336519249813223	0.0716691931653019	-0.0005062780265387538	0.0013469729811126081
12,13,14	0.00030809361522414827	0.0002333651800647036	0.1867658979736289	-0.0006185318392319933	0.0012347190696802898
12,13,15	-0.0004536529768127892	0.00023336519150084063	0.051904399243949434	-0.0013802784766785143	0.00047297252305293603
12,13,16	-7.224519630012749e-06	0.0002333651826131324	0.9753031289946545	-0.000933849984205226	0.0009194009449452006
12,14,15	-0.0007846687552023682	0.0002333651790596718	0.0007731075372465846	-0.00171129420566782	0.0001419566952630836
12,14,16	-8.185361444813626e-05	0.00023336518660664704	0.7257745582085613	-0.0010084790948804382	0.0008447718659841656
12,15,16	0.001138427735854177	0.0002333651800538974	1.0725179914300465e-06	0.00021180228144094377	0.00206505319026741
13,14,15	-0.0018214431040985482	0.00023336519249813213	6.032981680086881e-15	-0.0027480686079242285	-0.0008948176002728677
13,14,16	0.0005656772019742712	0.00023336518006470373	0.015353321200961861	-0.00036094825248187096	0.0014923026564304133
13,15,16	-0.006603186426314907	0.0002333651915008407	4.5839637174885434e-175	-0.007529811926180632	-0.005676560926449181
14,15,16	0.0009634496666326119	0.00023336517905967174	3.655833541607495e-05	3.6824216167160315e-05	0.0018900751170980634
