Params: 	697
Performance: 	0.9319965048525536
Term	Coefficient	Standard Error	p-value	95% CI lower	95% CI upper
Intercept	11899726541.98105
1	-2071976617634.8403	755889.622912608	0.0	-2071979619260.6023	-2071973616009.0784
2	-420384603353.33777	nan	nan	nan	nan
3	311571941898.3804	nan	nan	nan	nan
4	-2218337678983.4385	nan	nan	nan	nan
5	1481670826109.0725	127599.5968790192	0.0	1481670319413.0872	1481671332805.0579
6	3312513515267.2617	nan	nan	nan	nan
7	-720372236170.8213	nan	nan	nan	nan
8	1446451781968.3079	nan	nan	nan	nan
9	3954070535373.248	nan	nan	nan	nan
10	890041730112.0875	nan	nan	nan	nan
11	-11899726534.270164	nan	nan	nan	nan
12	3416949239963.343	nan	nan	nan	nan
13	-95602639572.82501	91259.55131726671	0.0	-95603001963.06291	-95602277182.58711
14	9399247221916.15	nan	nan	nan	nan
15	-3974929976588.71	nan	nan	nan	nan
16	-11633042014797.537	129759.22819134567	0.0	-11633042530069.385	-11633041499525.69
1,2	309942559341.75476	nan	nan	nan	nan
1,3	-371629429904.4279	nan	nan	nan	nan
1,4	-1076652657155.1399	1175540.2015111693	0.0	-1076657325206.7261	-1076647989103.5537
1,5	1701968208959.832	nan	nan	nan	nan
1,6	1767321562971.4805	nan	nan	nan	nan
1,7	2196226171867.6003	675625.6409732932	0.0	2196223488968.8438	2196228854766.357
1,8	11467155873572.207	752756.2505821773	0.0	11467152884389.018	11467158862755.396
1,9	-1353531347956.2407	128695.25779085016	0.0	-1353531859003.0781	-1353530836909.4033
1,10	5335075651718.346	680194.6055049931	0.0	5335072950676.303	5335078352760.389
1,11	2071976617634.9536	712416.8948798887	0.0	2071973788638.7085	2071979446631.1987
1,12	8605909470677.327	nan	nan	nan	nan
1,13	367269728104.53503	nan	nan	nan	nan
1,14	7288924559291.873	1364812.3914547975	0.0	7288919139643.408	7288929978940.338
1,15	-3022759384857.0728	127422.4206808515	0.0	-3022759890849.494	-3022758878864.6514
1,16	-4440202558623.523	nan	nan	nan	nan
2,3	2223666406083.407	4143602.980247649	0.0	2223649951901.373	2223682860265.4414
2,4	-4424455144767.7295	nan	nan	nan	nan
2,5	-315209613383.5116	nan	nan	nan	nan
2,6	247596581995.32657	nan	nan	nan	nan
2,7	14695229579987.783	nan	nan	nan	nan
2,8	-8172440043407.932	nan	nan	nan	nan
2,9	-15024387394004.646	4793426.623783011	0.0	-15024406428626.113	-15024368359383.18
2,10	4309728089254.012	92507.25101291902	0.0	4309727721909.1787	4309728456598.8457
2,11	420384603353.4823	nan	nan	nan	nan
2,12	-264754790596.19318	91887.21450010066	0.0	-264755155478.87167	-264754425713.51468
2,13	-10327405274805.535	nan	nan	nan	nan
2,14	734867915129.3373	128484.61393747866	0.0	734867404918.9633	734868425339.7113
2,15	8275714301100.609	1611283.4560471151	0.0	8275707902719.437	8275720699481.782
2,16	-2945072969762.4204	131042.24532460199	0.0	-2945073490129.1084	-2945072449395.7324
3,4	2867992930521.108	nan	nan	nan	nan
3,5	-4305348042030.8867	133125.68555316975	0.0	-4305348570670.883	-4305347513390.8906
3,6	-546151456858.2509	nan	nan	nan	nan
3,7	2608724904117.9497	nan	nan	nan	nan
3,8	-6197950931504.136	129259.41669151104	0.0	-6197951444791.239	-6197950418217.032
3,9	-939162329157.0437	131675.36458474185	0.0	-939162852037.8381	-939161806276.2493
3,10	77523094538.75545	91071.1736189321	0.0	77522732896.56242	77523456180.94847
3,11	-311571941898.01215	nan	nan	nan	nan
3,12	1113432010038.3347	126893.09498806625	0.0	1113431506147.8574	1113432513928.812
3,13	3590197994039.1787	128524.66367163832	0.0	3590197483669.768	3590198504408.5894
3,14	-3550675776800.901	nan	nan	nan	nan
3,15	198614155380.73352	897113.1156767434	0.0	198610592958.71066	198617717802.75638
3,16	5147557141055.354	90847.67526236414	0.0	5147556780300.669	5147557501810.038
4,5	1729036224648.8086	128804.89860578517	0.0	1729035713166.589	1729036736131.028
4,6	-155914167615.8647	nan	nan	nan	nan
4,7	-225316947181.21616	nan	nan	nan	nan
4,8	-8966883629481.441	92111.8483740186	0.0	-8966883995256.137	-8966883263706.746
4,9	7372739293416.582	nan	nan	nan	nan
4,10	-3156667587101.127	130774.62523397189	0.0	-3156668106405.0996	-3156667067797.1543
4,11	2218337678983.4297	nan	nan	nan	nan
4,12	-17035630949181.81	129551.1593621055	0.0	-17035631463627.42	-17035630434736.201
4,13	1660864807232.3464	129022.9696851855	0.0	1660864294884.1702	1660865319580.5227
4,14	353279329080.5833	129093.04319468651	0.0	353278816454.1463	353279841707.0203
4,15	-4091659646034.1343	nan	nan	nan	nan
4,16	3596913259396.895	nan	nan	nan	nan
5,6	1138873000933.6067	129002.74483856508	0.0	1138872488665.743	1138873513201.4705
5,7	4510211459934.473	nan	nan	nan	nan
5,8	1872533365776.8423	nan	nan	nan	nan
5,9	1593688468912.6035	nan	nan	nan	nan
5,10	1542491444068.853	92694.05615131267	0.0	1542491075982.219	1542491812155.487
5,11	-1481670826108.6667	127593.90680558428	0.0	-1481671332782.057	-1481670319435.2766
5,12	914924824740.5529	nan	nan	nan	nan
5,13	-4473211895141.369	nan	nan	nan	nan
5,14	-331804308158.8018	128997.1496440981	0.0	-331804820404.447	-331803795913.1566
5,15	-470073468805.5915	126670.4777432228	0.0	-470073971812.0593	-470072965799.12366
5,16	-6739801205921.797	nan	nan	nan	nan
6,7	-1221017609603.207	nan	nan	nan	nan
6,8	-3972154819211.535	129364.1535430814	0.0	-3972155332914.547	-3972154305508.5234
6,9	-38733702815.4422	nan	nan	nan	nan
6,10	-6437101677754.211	128074.14111456939	0.0	-6437102186334.604	-6437101169173.818
6,11	-3312513515267.2207	nan	nan	nan	nan
6,12	-3400650946114.972	129844.47834296376	0.0	-3400651461725.346	-3400650430504.598
6,13	-2165875876492.3625	128851.42706020427	0.0	-2165876388159.3457	-2165875364825.3794
6,14	-2461388782202.5034	4224604.131718252	0.0	-2461405558038.832	-2461372006366.175
6,15	-1612576240400.4233	1417997.0809474457	0.0	-1612581871244.451	-1612570609556.3958
6,16	804672989850.1333	128412.15649863948	0.0	804672479927.4866	804673499772.78
7,8	-1552880426115.932	233207.39780294074	0.0	-1552881352178.8276	-1552879500053.0361
7,9	-525341809113.6193	130066.2026661039	0.0	-525342325604.4572	-525341292622.78143
7,10	429018582847.7804	nan	nan	nan	nan
7,11	720372236170.9401	nan	nan	nan	nan
7,12	-1108705339623.671	2581028.8200318576	0.0	-1108715588848.378	-1108695090398.9639
7,13	-4310673046091.5283	nan	nan	nan	nan
7,14	-11839161877438.81	130234.03111106323	0.0	-11839162394596.092	-11839161360281.53
7,15	1338678004703.449	809323.8726423194	0.0	1338674790891.1245	1338681218515.7734
7,16	949121999007.7426	3323112.9636539575	0.0	949108802978.6139	949135195036.8712
8,9	-668379998369.6903	nan	nan	nan	nan
8,10	-1967332990244.703	74601.22210362054	0.0	-1967333286484.9783	-1967332694004.4275
8,11	-1446451781968.0376	nan	nan	nan	nan
8,12	2746835717515.792	128670.00863814457	0.0	2746835206569.2188	2746836228462.365
8,13	118717869500.8011	3997141.4842992034	0.0	118701996915.05545	118733742086.54675
8,14	-607388310536.3201	129025.75917718846	0.0	-607388822895.5732	-607387798177.0669
8,15	-7617403972307.9795	nan	nan	nan	nan
8,16	2322109736847.12	nan	nan	nan	nan
9,10	-11960839195758.96	1408908.258924995	0.0	-11960844790511.42	-11960833601006.502
9,11	-3954070535373.154	nan	nan	nan	nan
9,12	-409527617062.6783	nan	nan	nan	nan
9,13	-1581975303902.1233	nan	nan	nan	nan
9,14	-1683174100197.4846	128589.87597836145	0.0	-1683174610825.8525	-1683173589569.1167
9,15	-6692907883117.976	91221.101476404	0.0	-6692908245355.529	-6692907520880.422
9,16	-131501696515.94827	nan	nan	nan	nan
10,11	-890041730111.7845	nan	nan	nan	nan
10,12	-6125681854961.388	1410323.542905107	0.0	-6125687455333.917	-6125676254588.858
10,13	-154170886902.1701	91402.72237118012	0.0	-154171249860.938	-154170523943.40222
10,14	4430050912814.554	nan	nan	nan	nan
10,15	1090759218588.1722	129089.39081894793	0.0	1090758705976.2388	1090759731200.1057
10,16	1241412304289.122	nan	nan	nan	nan
11,12	-3416949239963.3057	nan	nan	nan	nan
11,13	95602639572.83478	91259.55009043185	0.0	95602277182.60176	95603001963.0678
11,14	-9399247221916.133	nan	nan	nan	nan
11,15	3974929976588.746	nan	nan	nan	nan
11,16	11633042014797.71	129758.78624622058	0.0	11633041499527.62	11633042530067.803
12,13	7406732821019.779	128563.5498675554	0.0	7406732310495.952	7406733331543.606
12,14	554885622129.9047	4351942.88821637	0.0	554868340633.384	554902903626.4253
12,15	-12342261553523.197	nan	nan	nan	nan
12,16	-260644388270.30682	nan	nan	nan	nan
13,14	415588139256.5765	nan	nan	nan	nan
13,15	-3434399697521.054	129373.24965205583	0.0	-3434400211260.1865	-3434399183781.922
13,16	1961817866137.5212	nan	nan	nan	nan
14,15	-8360223873653.017	nan	nan	nan	nan
14,16	-2619745708892.759	nan	nan	nan	nan
15,16	7674104052492.499	75334.48907766421	0.0	7674103753340.432	7674104351644.566
1,2,3	-0.0025765512201054858	0.0013776591929560282	0.06146002162856928	-0.008047214131184064	0.0028941116909730925
1,2,4	-0.0023509820393750372	0.0013777915578470157	0.08795453842957457	-0.00782217056934656	0.0031202064905964844
1,2,5	-0.011365122766431892	0.0013776322780664806	1.6486699601047163e-16	-0.016835678798908883	-0.005894566733954899
1,2,6	-0.001986125655483592	0.0013773846342527514	0.1493252644991145	-0.007455698298284929	0.003483446987317745
1,2,7	-0.002899997643104016	0.0013774552983049308	0.03527054692371056	-0.008369850891741238	0.0025698556055332063
1,2,8	-0.0030276007219133673	0.0013775752477240121	0.027972415170716008	-0.008497930287800552	0.0024427288439738165
1,2,9	-0.0016803995794611715	0.0013774484067346504	0.22249812781437645	-0.007150225461781582	0.003789426302859239
1,2,10	-0.006710723470026833	0.0013775159147911694	1.112307092408193e-06	-0.012180817425774173	-0.0012406295142794914
1,2,11	-309942559341.6935	nan	nan	nan	nan
1,2,12	-0.002915839412606176	0.0013774742288133952	0.03428456031068684	-0.008385767833993722	0.00255408900878137
1,2,13	-0.0013186491648991816	0.0013773665564356218	0.33838801164941223	-0.006788150020974027	0.004150851691175663
1,2,14	0.0006792912096416591	0.001377339863424773	0.621881304123947	-0.004790103648908412	0.0061486860681917305
1,2,15	-0.001364902161647873	0.0013774496573147076	0.32174656440972316	-0.006834733010001953	0.0041049286867062065
1,2,16	0.0044954430167021345	0.0013774894311189142	0.0011016121208548004	-0.000974545772800684	0.009965431806204954
1,3,4	0.011376063217806869	0.0013781295909710528	1.581746800163414e-16	0.0059035323636351085	0.01684859407197863
1,3,5	-0.007099421324575568	0.0013779476643115322	2.590469659944027e-07	-0.012571229750853792	-0.0016276128982973424
1,3,6	-0.00312432623982415	0.0013775777025560338	0.0233368645653364	-0.008594665553810546	0.0023460130741622463
1,3,7	0.0012553133739484636	0.0013777177893908221	0.3622211291091645	-0.0042155822226478306	0.006726208970544757
1,3,8	-0.007696317922289436	0.001377938414994786	2.3511279172303698e-08	-0.013168089619676847	-0.002224546224902025
1,3,9	-0.0019326312650902048	0.0013776736760800238	0.16067975849863067	-0.007403351688425577	0.0035380891582451673
1,3,10	-0.010067547371766593	0.0013778458563423214	2.8024467017801135e-13	-0.015538951520205957	-0.004596143223327228
1,3,11	371629429904.4233	nan	nan	nan	nan
1,3,12	-0.0025690934447202764	0.001377699230583677	0.062222860067469896	-0.008039915344586318	0.0029017284551457654
1,3,13	-0.0006785279441580255	0.0013775720774507844	0.6223315627140893	-0.0061488449209402595	0.004791789032624209
1,3,14	-0.0004884645713279816	0.001377523270862177	0.7228944792204456	-0.00595858773791719	0.0049816585952612265
1,3,15	0.00043600860963916835	0.0013776154227819661	0.7516288078702135	-0.005034480490769052	0.005906497710047388
1,3,16	-0.0025572898359170633	0.00137774648864846	0.06344303731159313	-0.008028299396812466	0.0029137197249783386
1,4,5	-0.009604993623759623	0.0013779764839830363	3.223773862306019e-12	-0.015076916492498519	-0.004133070755020727
1,4,6	0.0010488634756822051	0.0013777002779658534	0.4464748485658263	-0.004421962583321928	0.006519689534686338
1,4,7	0.005811109234486109	0.0013778666357832558	2.4775306094871142e-05	0.00033962257121476335	0.011282595897757455
1,4,8	0.008511886041234238	0.0013780335072808875	6.620205919928978e-10	0.003039736733879597	0.013984035348588879
1,4,9	0.005027215125331093	0.0013778145877701392	0.000264010766985129	-0.000444064856101661	0.010498495106763848
1,4,10	0.0005965301328856237	0.001377937642089479	0.6650793643185753	-0.004875238495307012	0.00606829876107826
1,4,11	1076652657155.1311	1175540.2015111698	0.0	1076647989103.5449	1076657325206.7173
1,4,12	-0.0014204341753751297	0.0013778538267620614	0.30259408212435224	-0.006891869974225482	0.004051001623475223
1,4,13	-0.00033260915741737697	0.0013776989757402916	0.8092283400822586	-0.0058034300453043575	0.005138211730469603
1,4,14	-0.0007280214807540584	0.0013776733245941305	0.5971958133613311	-0.006198740508344496	0.004742697546836379
1,4,15	0.002044499430752529	0.0013777835217923234	0.13784426129168428	-0.0034266571881726455	0.007515656049677704
1,4,16	0.0011654344318983133	0.001377894822258784	0.39766633069442936	-0.0043061641594224764	0.0066370330232191025
1,5,6	-0.0026740618672598713	0.0013775588816526032	0.052247852936102186	-0.008144326443735802	0.00279620270921606
1,5,7	-0.0018260742943963897	0.00137770684798881	0.18503334574744068	-0.007296926442857986	0.0036447778540652067
1,5,8	-0.007707213984503886	0.0013777778114471674	2.238158598308529e-08	-0.013178347927738573	-0.002236080041269197
1,5,9	-0.003954950150918347	0.0013776520992479975	0.0040972125050820814	-0.009425584892994297	0.0015156845911576044
1,5,10	-0.0011937137100362515	0.0013777148955561257	0.38625299495723475	-0.00666459781526064	0.004277170395188138
1,5,11	-1701968208959.8186	nan	nan	nan	nan
1,5,12	-0.0017773850337804006	0.001377680521628948	0.19701553003509284	-0.0072481326406825045	0.0036933625731217033
1,5,13	-0.0026355307265325213	0.0013775384636739525	0.05572931068396037	-0.008105714223537496	0.002834652770472453
1,5,14	-0.0006847965680325966	0.00137751042060439	0.6191035221386768	-0.006154868706450953	0.004785275570385761
1,5,15	-0.002152154582294925	0.001377626642505377	0.11824648915894137	-0.007622688236047725	0.003318379071457875
1,5,16	-0.0009377041568298075	0.0013776658308377796	0.49609988758849877	-0.006408393426832052	0.0045329851131724365
1,6,7	0.0011649189168609292	0.0013774144239436148	0.3977105612339962	-0.004304772020332644	0.006634609854054502
1,6,8	-0.0018041558835768412	0.0013774650965227857	0.19028486860469035	-0.007274048040782515	0.0036657362736288333
1,6,9	-0.0007709323217686743	0.0013774116334950356	0.5756905426251346	-0.006240612178134982	0.004698747534597633
1,6,10	-0.001435963757393329	0.001377463332509793	0.297202015508204	-0.006905848909731251	0.004033921394944594
1,6,11	-1767321562971.486	nan	nan	nan	nan
1,6,12	-0.0009793191689447466	0.0013774370802859162	0.47710688882894203	-0.006449100074116003	0.004490461736226511
1,6,13	0.0015017061879948905	0.0013773551181154088	0.2755970999600228	-0.003967749246690923	0.006971161622680705
1,6,14	0.0009639841255917437	0.0013773129496928332	0.4839936850456089	-0.004505303858953584	0.006433272110137072
1,6,15	0.0003683481006027474	0.0013773837237186302	0.7891430089420745	-0.005101220926481965	0.00583791712768746
1,6,16	0.0005316297430954211	0.0013774299511108905	0.6995305903896207	-0.004938122852234332	0.006001382338425174
1,7,8	-0.0018659684452044646	0.001377606869456811	0.1755866895138052	-0.007336423580493494	0.0036044866900845655
1,7,9	0.003408602240645483	0.0013775062233878474	0.013348534055338871	-0.0020614532306922296	0.008878657711983196
1,7,10	-0.006188832150149808	0.0013776026212489678	7.065465411823104e-06	-0.011659270415872544	-0.0007183938844270727
1,7,11	-2196226171867.6082	675625.6409732946	0.0	-2196228854766.3647	-2196223488968.8516
1,7,12	0.00012542502508703637	0.001377555270336924	0.9274542408082664	-0.005344825210911331	0.005595675261085405
1,7,13	0.0008460588325566949	0.0013773958299460203	0.5390577399059877	-0.004623558268165907	0.0063156759332792965
1,7,14	0.00019999638579828208	0.0013774089137277479	0.8845558416683046	-0.005269672670415053	0.005669665442011617
1,7,15	0.0004034544491404943	0.0013774977782885706	0.7696086569143678	-0.005066567486841283	0.005873476385122271
1,7,16	0.002613590070592156	0.0013775019121530418	0.05779220256104685	-0.0028564482809001895	0.008083628422084502
1,8,9	0.0012854934478887929	0.0013775642345177324	0.3507424499980346	-0.004184792384730081	0.006755779280507666
1,8,10	-0.0061699083196705175	0.0013776949031382869	7.545970399558881e-06	-0.011640713035319217	-0.0006991036040218182
1,8,11	-11467155873572.219	752756.2505821704	0.0	-11467158862755.408	-11467152884389.03
1,8,12	-0.0022427312418330163	0.001377592942227146	0.10353340640544291	-0.007713131072312866	0.0032276685886468335
1,8,13	-0.0019520592660701383	0.0013774645915677673	0.15645212999764435	-0.007421949418107404	0.0035178308859671282
1,8,14	0.00020427131067071768	0.0013774211272943842	0.8821071081507	-0.005265446245422958	0.005673988866764394
1,8,15	0.0015982636647673396	0.0013775202869770813	0.24595712648299584	-0.0038718476528612493	0.007068374982395929
1,8,16	-0.004140615088509391	0.0013776389146989663	0.0026527748997430523	-0.009611197474949236	0.0013299672979304542
1,9,10	-0.00541444476236512	0.0013775599554489125	8.496533550962893e-05	-0.010884713602869248	5.582407813900774e-05
1,9,11	1353531347956.2332	128695.25779085088	0.0	1353530836909.3958	1353531859003.0706
1,9,12	-0.00041717058073404643	0.0013775049841783472	0.7620099508139047	-0.0058872211311903925	0.0050528799697222996
1,9,13	-0.000479570880930999	0.0013773878711352602	0.7277117217502694	-0.005949156377341689	0.004990014615479692
1,9,14	0.0008337536640601652	0.001377380604722878	0.5449719169503644	-0.0046358029775416445	0.006303310305661974
1,9,15	0.000668821747583935	0.0013774679326870286	0.6272936668990727	-0.004801081671985184	0.006138725167153054
1,9,16	0.002139042613039568	0.001377462687919508	0.1204604514965654	-0.003330839979640506	0.007608925205719642
1,10,11	-5335075651718.344	680194.6055050011	0.0	-5335078352760.387	-5335072950676.301
1,10,12	-0.0014660986768935001	0.0013775523449344933	0.2872109714728191	-0.006936337296164989	0.0040041399423779885
1,10,13	0.001206954464693976	0.0013774700813625547	0.3809220408994425	-0.004262957487231744	0.006676866416619695
1,10,14	-0.0015145627021280808	0.0013774330769388975	0.2715347311477591	-0.006984327710071513	0.003955202305815351
1,10,15	-0.0017511526694781409	0.0013775354024152732	0.2036592795188502	-0.0072213240102732175	0.0037190186713169354
1,10,16	-0.0038551767544820125	0.0013776388362255936	0.00513887106310511	-0.009325758829305333	0.0016154053203413085
1,11,12	-8605909470677.335	nan	nan	nan	nan
1,11,13	-367269728104.53485	nan	nan	nan	nan
1,11,14	-7288924559291.867	1364812.391454806	0.0	-7288929978940.332	-7288919139643.402
1,11,15	3022759384857.0703	127422.42068085149	0.0	3022758878864.649	3022759890849.4917
1,11,16	4440202558623.525	nan	nan	nan	nan
1,12,13	-0.0011535706076539346	0.0013774183491763324	0.4023250022018806	-0.006623277131884675	0.004316135916576806
1,12,14	-0.0004110158329183244	0.0013773600898545914	0.7653934497177481	-0.005880491010301962	0.0050584593444653134
1,12,15	-0.001052657630815925	0.0013774793317507148	0.4447590413532082	-0.006522606315887026	0.004417291054255176
1,12,16	-0.0015960589838614001	0.0013775003356545712	0.24660231207014094	-0.0070660910751032015	0.0038739731073804008
1,13,14	5.822353154674908e-06	0.0013773125669113316	0.9966271165191617	-0.005463464111371352	0.005475108817680701
1,13,15	-2.4676220280109954e-05	0.0013773448779210793	0.9857061472145834	-0.005494090991315867	0.005444738550755648
1,13,16	0.001770977105202369	0.001377445440281927	0.19855841840464722	-0.003698836997381098	0.007240791207785835
1,14,15	-0.00036682635543728724	0.0013773501397841453	0.7899886712796396	-0.005836262021248229	0.005102609310373655
1,14,16	-0.0009633468107597112	0.0013773751547843823	0.48430245671596006	-0.006432881810741773	0.00450618818922235
1,15,16	-0.0012816821505012461	0.001377456423236688	0.3521348528215641	-0.006751539866224721	0.004188175565222229
2,3,4	0.02685402677279446	0.0013782037363029194	4.649128238642337e-84	0.021381201488680123	0.03232685205690879
2,3,5	-0.003437116064982896	0.001377990334939766	0.012625826125150258	-0.008909093935652349	0.0020348618056865576
2,3,6	-0.0010175096400288947	0.001377587114252604	0.4601449612645845	-0.006487886327713823	0.004452867047656033
2,3,7	0.0025020398707590696	0.0013777392388957183	0.0693726373037515	-0.0029689409014826205	0.00797302064300076
2,3,8	-0.018082101306060017	0.0013780099724959344	3.130741379474548e-39	-0.02355415715715507	-0.012610045454964965
2,3,9	-0.00336255917811764	0.0013777695823012468	0.01466912756692966	-0.008833660443543763	0.0021085420873084818
2,3,10	-0.011617990918794565	0.0013779098126607003	3.5535839753323383e-17	-0.017089649036764763	-0.006146332800824365
2,3,11	-2223666406083.432	4143602.980247906	0.0	-2223682860265.4663	-2223649951901.398
2,3,12	0.0007288104815546791	0.0013777178481620253	0.5968103334055721	-0.004742085348421135	0.0061997063115304925
2,3,13	-0.0004977653154825066	0.0013775843456355027	0.7178537051739053	-0.005968131009032623	0.004972600378067611
2,3,14	-3.418875598215375e-05	0.001377548405617012	0.9801998516685112	-0.0055044117322861	0.005436034220321792
2,3,15	0.0010161207022533593	0.0013776531178431022	0.4607790651532282	-0.004454518084647676	0.006486759489154395
2,3,16	-0.006888978174338762	0.0013777196198288995	5.755690531987235e-07	-0.01235988103957577	-0.0014180753091017533
2,4,5	0.007771452595603315	0.001378046363390073	1.720399712375297e-08	0.002299252236842011	0.013243652954364618
2,4,6	0.0006072042725828095	0.0013777232467787161	0.6594113536802297	-0.0048637129952146755	0.006078121540380295
2,4,7	0.006240224277609009	0.0013779384063188566	5.957543190976887e-06	0.0007684526146735761	0.01171199594054444
2,4,8	0.009351179447921899	0.0013780970666429154	1.1768110820713152e-11	0.0038787777473438282	0.014823581148499968
2,4,9	0.0009376793497829735	0.0013778774688313255	0.49617745204688446	-0.004533850331351274	0.006409209030917222
2,4,10	0.005387007608879799	0.0013779797029706792	9.273866810162167e-05	-8.49280424082199e-05	0.010858943260167817
2,4,11	4424455144767.71	nan	nan	nan	nan
2,4,12	0.000718727178697103	0.0013778593996253959	0.6019344969603198	-0.004752730749905592	0.0061901851072997975
2,4,13	0.0004416950754335445	0.0013777243495242733	0.7485175180564269	-0.005029226571349143	0.005912616722216232
2,4,14	0.001106444783493619	0.0013776687419219075	0.42190665914193004	-0.004364256046377751	0.0065771456133649885
2,4,15	-0.00030796160687621073	0.001377831220009177	0.8231386167951393	-0.005779307634667671	0.00516338442091525
2,4,16	0.0019372033057196041	0.0013778927487530786	0.15975858353700928	-0.003534387051742756	0.0074087936631819645
2,5,6	-0.000775740413980829	0.0013775665858381842	0.5733546711790074	-0.006246035583656104	0.0046945547556944455
2,5,7	0.0010909863834450038	0.0013777577621370174	0.4284503689949013	-0.004380067944295526	0.006562040711185533
2,5,8	-0.008806899681365095	0.0013778917169144495	1.664897704783114e-10	-0.014278485941412546	-0.0033353134213176443
2,5,9	-0.0007752118499775736	0.0013777161764006096	0.5736575649519772	-0.006246101041415191	0.004695677341460045
2,5,10	-0.011470305863281101	0.0013777762048350073	8.754206754308724e-17	-0.01694143342668426	-0.005999178299877943
2,5,11	315209613383.4658	nan	nan	nan	nan
2,5,12	-0.0028368065323902867	0.0013776745063163428	0.039490331857132854	-0.008307530252580977	0.0026339171878004036
2,5,13	-0.0020573870510051653	0.0013775780165203777	0.1353213017536578	-0.007527727611739016	0.0034129535097286853
2,5,14	-0.0012820880291536955	0.0013775332139583187	0.35200922581389826	-0.006752250679620747	0.004188074621313356
2,5,15	0.001257977443038296	0.001377695103518155	0.36119542900222956	-0.004212828068315697	0.006728782954392288
2,5,16	-0.0022000592095068666	0.0013776798927902223	0.11029125228306882	-0.007670804319300316	0.003270685900286583
2,6,7	-0.0002163378723980743	0.0013774362405624327	0.875199868211944	-0.005686115443040632	0.0052534396982444834
2,6,8	-0.0009149573762596414	0.0013774706739882153	0.506547986597399	-0.006384871681492506	0.004554956928973223
2,6,9	-0.0005212290414125601	0.0013774295240158733	0.7051307949165553	-0.00599097994075474	0.004948521857929621
2,6,10	-0.002081831908076487	0.0013774876143893995	0.13071566613172822	-0.007551813483375077	0.0033881496672221027
2,6,11	-247596581995.32358	nan	nan	nan	nan
2,6,12	-0.000993478371328491	0.0013773982932426807	0.4707477609435745	-0.006463105253763252	0.004476148511106269
2,6,13	-0.0003390109826097249	0.0013773419578965356	0.8055799488061179	-0.005808414158274107	0.005130392193054657
2,6,14	-0.0015119077986201993	0.0013773043216345894	0.2723309877805484	-0.006981161521282421	0.003957345924042023
2,6,15	0.00013098216675196762	0.0013773969926040564	0.9242407847801336	-0.005338639550867345	0.005600603884371279
2,6,16	0.0004516466965957231	0.0013774181314949764	0.742994244126023	-0.005018058963225789	0.005921352356417235
2,7,8	-0.004059852261004926	0.0013776701484693715	0.003212162057261281	-0.009530558676254075	0.0014108541542442229
2,7,9	-0.0016997656962482828	0.0013775764171005175	0.217256411940403	-0.007170099905711113	0.0037705685132145474
2,7,10	7.89941241482599e-05	0.0013776505859097506	0.9542749312313701	-0.0053916346084853985	0.0055496228567819186
2,7,11	-14695229579987.777	nan	nan	nan	nan
2,7,12	-0.00304761227531321	0.0013775399313078428	0.026949079518143054	-0.008517801600269199	0.0024225770496427786
2,7,13	0.0004943081200663841	0.0013774045152151204	0.7196953240609325	-0.004975343469722731	0.005963959709855499
2,7,14	0.000225203426821011	0.0013774128969626608	0.870127874404816	-0.005244481446755294	0.005694888300397316
2,7,15	-0.00013670060272365404	0.0013775306254462198	0.9209515418138634	-0.0056068529742500164	0.0053334517688027085
2,7,16	0.000655335774813967	0.0013775055658332015	0.6342622747307288	-0.004814717085384625	0.00612538863501256
2,8,9	-0.0025461540602064354	0.0013776701333168121	0.06458869369211698	-0.008016860415285012	0.00292455229487214
2,8,10	-0.005200865788475953	0.001377817550206391	0.000160487144991567	-0.010672157533696306	0.0002704259567444002
2,8,11	8172440043407.932	nan	nan	nan	nan
2,8,12	-0.00648577446941549	0.001377603018594301	2.512106267427115e-06	-0.011956214312990272	-0.001015334625840707
2,8,13	-0.002051499874486761	0.0013775267421800694	0.13642813607098306	-0.0075216368256245305	0.003418637076651009
2,8,14	9.113573559143785e-05	0.001377459901620731	0.9472491369739877	-0.00537873579274017	0.0055610072639230455
2,8,15	-0.0026924906032709216	0.001377565276710599	0.05064762341293904	-0.008162780574421219	0.0027777993678793755
2,8,16	-0.005607470063935411	0.0013776678565554895	4.707520742291088e-05	-0.011078167378030707	-0.00013677274984011303
2,9,10	-0.003940038034882421	0.0013776154313054905	0.004238645820010435	-0.009410527169137421	0.00153045109937258
2,9,11	15024387394004.643	4793426.623783436	0.0	15024368359383.176	15024406428626.11
2,9,12	-0.0015012199111337538	0.0013775146858743764	0.27580822173666747	-0.006971308986871906	0.003968869164604399
2,9,13	-0.000475520735779991	0.0013774336808110574	0.7299296192311433	-0.005945288141690239	0.004994246670130258
2,9,14	3.687836598202901e-05	0.0013774131651828321	0.9786404473133297	-0.005432807572692343	0.005506564304656401
2,9,15	-0.001386846004333998	0.001377542415990469	0.31406089208419863	-0.006857045195925478	0.004083353187257482
2,9,16	0.0016327750442320674	0.0013774894817553214	0.2358972909459663	-0.0038372139463471247	0.007102764034811259
2,10,11	-4309728089254.0186	92507.25101291906	0.0	-4309728456598.852	-4309727721909.185
2,10,12	-0.002534356108704335	0.0013775496279087402	0.06581341944883629	-0.008004583938709443	0.0029358717213007726
2,10,13	0.0003848746374748457	0.0013774672705522833	0.7799339865983086	-0.00508502615276765	0.005854775427717342
2,10,14	0.0003871746008132572	0.0013774341990805843	0.778647891187677	-0.005082594863137103	0.005856944064763617
2,10,15	-9.073590318857885e-05	0.0013775897486934174	0.9474851744447746	-0.005561123052196397	0.005379651245819238
2,10,16	-0.0033764797413920983	0.0013776342651861556	0.014254343317799777	-0.008847043664689958	0.0020940841819057613
2,11,12	264754790596.19794	91887.21450010069	0.0	264754425713.51944	264755155478.87643
2,11,13	10327405274805.533	nan	nan	nan	nan
2,11,14	-734867915129.3367	128484.61393747892	0.0	-734868425339.7107	-734867404918.9626
2,11,15	-8275714301100.612	1611283.456046974	0.0	-8275720699481.785	-8275707902719.439
2,11,16	2945072969762.4297	131042.24532460218	0.0	2945072449395.7417	2945073490129.1177
2,12,13	-0.00018419501738512777	0.0013774267778129152	0.8936216853637082	-0.005653935011598706	0.00528554497682845
2,12,14	0.0007982224794317425	0.001377351915319325	0.5622329715308989	-0.004671220237001374	0.0062676651958648594
2,12,15	-0.003016691136582082	0.0013774837053099726	0.028531482721356527	-0.008486657188987966	0.002453274915823802
2,12,16	-0.0009480107414093045	0.0013774659852321281	0.49131426954853497	-0.006417906427665751	0.004521884944847142
2,13,14	-0.00010471791164607778	0.0013773155825942181	0.9393953647567168	-0.0055740163514012495	0.005364580528109094
2,13,15	-0.00094346374456862	0.0013773686550210722	0.49336446349614294	-0.006412972934093165	0.004526045444955926
2,13,16	-0.0005883490619985454	0.0013774210259653993	0.6692816445197862	-0.006058066215716422	0.004881368091719331
2,14,15	-0.0008552005137187732	0.0013773810911638538	0.5346772950005655	-0.006324759086970019	0.004614358059532473
2,14,16	0.00047854123190753937	0.0013773632968511343	0.7282685033044642	-0.004990946680408753	0.005948029144223831
2,15,16	0.003955209134174139	0.0013774722721330561	0.004089926221666057	-0.0015147115172666637	0.009425129785614942
3,4,5	-0.08715190175149533	0.001378376268357751	0.0	-0.09262541215767625	-0.0816783913453144
3,4,6	0.007620183566013274	0.001378079502626115	3.235778493647532e-08	0.0021478516118686973	0.01309251552015785
3,4,7	0.01874901386751412	0.0013783205017179395	5.0735854708034644e-42	0.013275724909779695	0.024222302825248548
3,4,8	0.06779757668222487	0.0013785941819490677	0.0	0.062323200944612245	0.0732719524198375
3,4,9	0.017125047065700172	0.0013782898721828405	2.3210810958436088e-35	0.011651879737366186	0.022598214394034158
3,4,10	0.07571369840023466	0.001378470871433734	0.0	0.07023981232673217	0.08118758447373715
3,4,11	-2867992930521.178	nan	nan	nan	nan
3,4,12	0.003853540280519319	0.0013781788203541918	0.00517531866451134	-0.001619186062755878	0.009326266623794516
3,4,13	0.004883961746011023	0.0013780340789923981	0.0003944515421058922	-0.0005881898316010027	0.010356113323623049
3,4,14	0.0017146898621054215	0.0013780093963307876	0.2133897254580803	-0.0037573637010469255	0.007186743425257769
3,4,15	0.005903948348030782	0.0013782123100313365	1.8429743824359273e-05	0.000431089017776224	0.01137680767828534
3,4,16	0.01780591066912846	0.001378342649933092	4.4370590796279673e-38	0.012332533761181236	0.02327928757707568
3,5,6	-0.0032068741704583785	0.001377884184030766	0.019950839472115938	-0.008678430517543616	0.0022646821766268586
3,5,7	0.0012414246809769232	0.0013781582184100613	0.3677093984836943	-0.004231219852303301	0.006714069214257147
3,5,8	-0.0145948088101715	0.0013783825284657313	3.7361129979204085e-26	-0.020068344075142415	-0.009121273545200585
3,5,9	-0.0020381627500438803	0.001378135305051779	0.13916963413586142	-0.007510716294740016	0.003434390794652255
3,5,10	-0.08821758288419539	0.0013782298979721586	0.0	-0.09369051205588536	-0.08274465371250542
3,5,11	4305348042030.6855	133125.6855531695	0.0	4305347513390.6895	4305348570670.6816
3,5,12	-0.006501721793194536	0.0013780407709725227	2.390936427024144e-06	-0.011973899944554015	-0.0010295436418350581
3,5,13	-0.00282028808700248	0.0013778829472317364	0.04068338927232536	-0.008291839522778292	0.002651263348773332
3,5,14	-0.002533758840707332	0.0013778725260169405	0.06594051754440032	-0.00800526889400367	0.0029377512125890073
3,5,15	-0.0006926730182667454	0.0013780272619108534	0.6152100142263868	-0.006164797525355554	0.004779451488822063
3,5,16	-0.018133610179707986	0.0013781031851729515	1.9380726223653202e-39	-0.023606036176872257	-0.012661184182543713
3,6,7	-0.002329666472933608	0.001377686255150241	0.09084687976405317	-0.007800436847558271	0.0031411039016910557
3,6,8	-0.0036950685151709013	0.0013778513114103528	0.007327402076351143	-0.009166494325599319	0.001776357295257517
3,6,9	-0.002889126100981634	0.0013776568356007762	0.03599001875321852	-0.008359779651039713	0.0025815274490764454
3,6,10	0.0034076182854110393	0.001377781011280343	0.013393722382868652	-0.0020635283643106856	0.008878764935132764
3,6,11	546151456858.2507	nan	nan	nan	nan
3,6,12	-0.0020454361357808053	0.001377625614945847	0.13761886523020386	-0.007515965709110929	0.0034250934375493185
3,6,13	-0.00022712727475932104	0.0013775330005035857	0.8690397070798955	-0.005697289077600996	0.0052430345280823545
3,6,14	-0.0016179563031290534	0.0013775076695996605	0.24018236216923872	-0.007088017517351049	0.0038521049110929427
3,6,15	-0.0004581717171639167	0.0013775944467119435	0.7394473429524737	-0.005928577521929151	0.005012234087601317
3,6,16	-0.002196477420575504	0.001377662589820083	0.11086757198390822	-0.007667153820547629	0.0032741989793966214
3,7,8	-0.027878403921729862	0.0013781197130543247	2.045034225006754e-90	-0.033350895550850204	-0.022405912292609523
3,7,9	-0.006003230837102534	0.0013778746499741598	1.3234998455936135e-05	-0.011474749324599468	-0.0005317123496055998
3,7,10	0.006371443049223086	0.0013780231131767964	3.7861968027638495e-06	0.0008993350166917359	0.011843551081754436
3,7,11	-2608724904117.9727	nan	nan	nan	nan
3,7,12	-0.005335040986658683	0.0013778450567718046	0.00010815683792685927	-0.010806441960016146	0.00013635998669877993
3,7,13	-0.0010443314132352543	0.0013776477026307549	0.44842432793833564	-0.006514948696413529	0.004426285869943021
3,7,14	0.0014383224357961087	0.0013776498925430498	0.29647465161008796	-0.004032303543489324	0.006908948415081542
3,7,15	0.0010651604925944304	0.0013777698743776838	0.43946619438977974	-0.004405941932662613	0.006536262917851474
3,7,16	0.0032089677785826893	0.0013777767519469895	0.01986055297352804	-0.002262161957393516	0.008680097514558895
3,8,9	-0.005633187301086195	0.001378103426786454	4.3687338031436654e-05	-0.011105614257693873	-0.00016076034447851714
3,8,10	-0.05929213531480377	0.0013784492907645551	0.0	-0.06476593569180958	-0.05381833493779796
3,8,11	6197950931504.058	129259.41669151117	0.0	6197950418216.954	6197951444791.161
3,8,12	-0.010069017811911428	0.0013779787480146764	2.794913671982009e-13	-0.015540949671084232	-0.004597085952738624
3,8,13	0.00017013107706329326	0.00137786657162164	0.9017323349447472	-0.005301355331423289	0.005641617485549874
3,8,14	-0.0016546734222774463	0.0013778284681781941	0.2297880267067	-0.007126008522591506	0.0038166616780366137
3,8,15	-0.0013402019448181676	0.0013779929769701857	0.33077192363601327	-0.006812190306948717	0.004131786417312383
3,8,16	-0.021897503946621127	0.001378140045356718	1.2537400125655055e-56	-0.027370076314993358	-0.016424931578248897
3,9,10	-0.004750347063730125	0.0013779619718908046	0.0005668118373462818	-0.010222212305179819	0.0007215181777195691
3,9,11	939162329157.0319	131675.36458474197	0.0	939161806276.2374	939162852037.8263
3,9,12	0.0008455480323722166	0.0013778135456467562	0.5394257839211525	-0.004625727810805032	0.0063168238755494655
3,9,13	0.000299665844373345	0.0013776506489501857	0.827804948010002	-0.005170963138592886	0.005770294827339576
3,9,14	0.0010214235084200342	0.0013776457521231071	0.4584402421760082	-0.004449186029323157	0.006492033046163225
3,9,15	-0.0025607716849103852	0.001377776441776319	0.06308947610682362	-0.008031900189203751	0.002910356819382982
3,9,16	-0.005380202486990837	0.001377778683826707	9.442928890517424e-05	-0.01085133989443091	9.093492044923417e-05
3,10,11	-77523094538.87355	91071.17361893211	0.0	-77523456181.06657	-77522732896.68053
3,10,12	-0.003958789866732863	0.0013778664869674045	0.004066993954683906	-0.009430275939058812	0.001512696205593085
3,10,13	0.0019809752696248796	0.0013777901063396147	0.15050312838945748	-0.0034902074964336624	0.007452158035683422
3,10,14	0.0007982236678656627	0.0013777549376695424	0.5623467462073015	-0.004672819443959103	0.0062692667796904284
3,10,15	0.004113422355212957	0.0013779186176517241	0.00283571473379295	-0.0013582707272376251	0.009585115437663539
3,10,16	-0.013984177930951495	0.0013780735976483204	3.700108936600411e-24	-0.01945648643652245	-0.008511869425380542
3,11,12	-1113432010038.336	126893.09498806624	0.0	-1113432513928.8132	-1113431506147.8586
3,11,13	-3590197994039.184	128524.66367163813	0.0	-3590198504408.5947	-3590197483669.7734
3,11,14	3550675776800.9	nan	nan	nan	nan
3,11,15	-198614155380.7346	897113.115676662	0.0	-198617717802.75745	-198610592958.71173
3,11,16	-5147557141055.36	90847.6752623641	0.0	-5147557501810.045	-5147556780300.676
3,12,13	-0.001275954630003395	0.0013776120054595088	0.354345263869546	-0.006746430160278074	0.004194520900271284
3,12,14	-0.0006141521516922561	0.0013775795976252968	0.6557305542094565	-0.006084498990968785	0.004856194687584274
3,12,15	0.00040718018339385597	0.0013777005990078415	0.767575292569187	-0.005063647150462945	0.0058780075172506566
3,12,16	-0.0030228759382011717	0.0013777654921261738	0.028239672694784192	-0.008493960961606636	0.002448209085204292
3,13,14	-0.0008911805257811884	0.001377513313252908	0.5176698455245421	-0.0063612641508611545	0.004578903099298777
3,13,15	-0.000989393151581919	0.0013775670421208345	0.4726283653154908	-0.0064596901331483965	0.004480903829984559
3,13,16	-0.005539569246463437	0.0013776551223079606	5.8083954974061674e-05	-0.011010215993062789	-6.89224998640858e-05
3,14,15	0.0015606488376010113	0.0013775694017393082	0.2572647737095237	-0.003909657513973183	0.007030955189175206
3,14,16	-0.0006502088690943974	0.0013775945090762484	0.6369382288829291	-0.006120614921507302	0.004820197183318507
3,15,16	-0.0060752353380990375	0.0013777578076909773	1.0394964724798207e-05	-0.011546289846733622	-0.0006041808294644522
4,5,6	-0.010470822431810889	0.0013779041219850762	3.065186987746391e-14	-0.015942457952198	-0.004999186911423774
4,5,7	-0.03278544796929951	0.0013781005592925003	5.298372957876202e-124	-0.038257863539133956	-0.027313032399465066
4,5,8	-0.053808928481266276	0.0013782649739050245	0.0	-0.05928199693893203	-0.04833586002360052
4,5,9	-0.005800637512178767	0.0013781267163591154	2.5713288742762443e-05	-0.011273156951311895	-0.0003281180730456395
4,5,10	-0.0494984731929287	0.0013781726818725673	7.138766832026326e-277	-0.054971175160390254	-0.04402577122546715
4,5,11	-1729036224648.4797	128804.89860578543	0.0	-1729036736130.6992	-1729035713166.2603
4,5,12	-0.01680029699289529	0.0013780614515321431	4.134631380371014e-34	-0.022272557266430612	-0.011328036719359967
4,5,13	-0.0007866520832490144	0.001377893500667434	0.5680652832310941	-0.006258245426551412	0.004684941260053384
4,5,14	0.001788905144587589	0.001377893049634183	0.19419715856983802	-0.0036826864076688883	0.007260496696844066
4,5,15	-0.009360402433131756	0.0013780413392641138	1.1214163134560432e-11	-0.014832582841168174	-0.003888222025095339
4,5,16	0.009599483413125375	0.0013780921584084546	3.330337445085564e-12	0.00412710120306888	0.015071865623181871
4,6,7	-0.00023986214447997576	0.0013778299548787832	0.8617982930467452	-0.005711203148458611	0.005231478859498658
4,6,8	0.004183944620378712	0.0013779473728567566	0.002396496771583974	-0.0012878626485371995	0.009655751889294625
4,6,9	0.000550633277376225	0.0013777989962585808	0.6894192342325685	-0.004920584790410218	0.006021851345162668
4,6,10	0.004781532862211445	0.0013778507553975012	0.0005206081851762756	-0.000689890740298715	0.010252956464721606
4,6,11	155914167615.86346	nan	nan	nan	nan
4,6,12	0.0004848325298032862	0.0013777896344310293	0.7249219619785539	-0.004986348362313711	0.005956013421920284
4,6,13	0.002780371982692734	0.0013776598746965442	0.0435805370839052	-0.002690293635566673	0.008251037600952141
4,6,14	-0.001292044357025384	0.0013776441337086704	0.348320964635501	-0.006762647468070391	0.0041785587540196225
4,6,15	0.0005257578610154317	0.0013777524667518493	0.7027566216664861	-0.004945275438834175	0.005996791160865038
4,6,16	-0.00024146547642451963	0.0013777972777171818	0.8608806209808484	-0.005712676719910191	0.0052297457670611525
4,7,8	0.002529077121851142	0.001378254111496212	0.06651722027144341	-0.0029439482013606673	0.00800210244506295
4,7,9	0.001428576332281649	0.0013780432666626679	0.2998976001984346	-0.0040436117294240055	0.006900764393987304
4,7,10	0.009795042510524968	0.0013781244353467967	1.206722329437609e-12	0.004322532129255756	0.01526755289179418
4,7,11	225316947181.21875	nan	nan	nan	nan
4,7,12	-0.005119920682100749	0.001377993322065232	0.00020316221817177037	-0.010591910414598282	0.0003520690503967831
4,7,13	0.00262867909147834	0.0013777846189345052	0.05641291100838287	-0.002842481884181121	0.008099840067137801
4,7,14	0.0015610226470368803	0.0013778088517904276	0.2572335198481026	-0.0039102345569109725	0.007032279850984733
4,7,15	-0.0018767834658204806	0.0013779555613100923	0.17320584167422506	-0.007348623250955347	0.0035950563193143854
4,7,16	0.0020150375556450125	0.0013779582188465876	0.14365925315968345	-0.003456812782525331	0.007486887893815356
4,8,9	0.013487594041968622	0.0013782025390567188	1.388121570598097e-22	0.008014773512100051	0.01896041457183719
4,8,10	0.010830448441267158	0.0013784115590328731	4.053338784084132e-15	0.005356797896372325	0.01630409898616199
4,8,11	8966883629481.408	92111.84837401887	0.0	8966883263706.713	8966883995256.104
4,8,12	0.004431068994541869	0.0013781200080533885	0.0013044037638427364	-0.0010414238060150972	0.009903561795098836
4,8,13	0.00022826675974296385	0.0013779703141157977	0.8684300509371382	-0.005243631608550508	0.005700165128036437
4,8,14	-0.0004611729868332021	0.0013779283241923653	0.737864384503509	-0.005932904613803468	0.005010558640137064
4,8,15	0.0012395805813897357	0.0013780748645881424	0.36839243949413725	-0.0042327329551792555	0.0067118941179587265
4,8,16	0.0030172793437571077	0.0013782705948181537	0.02859126964521064	-0.0024558114344659693	0.008490370121980185
4,9,10	-0.005948176740561881	0.0013780684917821847	1.5914203131121147e-05	-0.011420464970819	-0.00047588851030476356
4,9,11	-7372739293416.588	nan	nan	nan	nan
4,9,12	-0.0002039390548681619	0.0013779599865413278	0.8823431606572743	-0.005675796412526419	0.005267918302790094
4,9,13	0.0008609959913296116	0.0013777945451051545	0.5320354383435575	-0.004610204400996829	0.006332196383656053
4,9,14	0.0013332926000086413	0.0013777727788038831	0.33319374975360516	-0.004137821358678998	0.006804406558696281
4,9,15	-0.000249784713133726	0.0013779255673186134	0.8561521846182829	-0.0057215053926018365	0.0052219359663343845
4,9,16	0.0019851140247842936	0.0013779112259378352	0.14968819671470163	-0.003486549705287102	0.00745677775485569
4,10,11	3156667587101.0693	130774.62523397201	0.0	3156667067797.0967	3156668106405.042
4,10,12	0.011042412231769876	0.001377969338646179	1.1529136598541591e-15	0.005570517737050863	0.01651430672648889
4,10,13	-0.0002839967975877265	0.0013778780952445023	0.8367049976409506	-0.005755528966198813	0.00518753537102336
4,10,14	-0.0002682454195669677	0.0013778524523044907	0.8456418314057614	-0.005739675760468	0.005203184921334065
4,10,15	0.003113735114638093	0.001378032705786223	0.02385597011690524	-0.002358411009993886	0.008585881239270073
4,10,16	0.005474146719967516	0.0013781477024757559	7.139955719819416e-05	1.5439452964415012e-06	0.010946749494638591
4,11,12	17035630949181.82	129551.15936210557	0.0	17035630434736.21	17035631463627.43
4,11,13	-1660864807232.351	129022.96968518478	0.0	-1660865319580.5273	-1660864294884.1748
4,11,14	-353279329080.5853	129093.0431946865	0.0	-353279841707.02234	-353278816454.1483
4,11,15	4091659646034.136	nan	nan	nan	nan
4,11,16	-3596913259396.904	nan	nan	nan	nan
4,12,13	0.0010088385351743146	0.0013777754103087604	0.4640380793060589	-0.0044622858731776585	0.006479962943526287
4,12,14	0.000899729325758769	0.001377761252887284	0.5137370974979389	-0.004571338863695973	0.006370797515213511
4,12,15	-0.0019965260850247865	0.0013778926922069262	0.14735577880735373	-0.007468116217943268	0.0034750640478936955
4,12,16	0.0002540285671034417	0.0013779056029437006	0.8537334409486022	-0.005217612834146996	0.005725669968353879
4,13,14	-0.001680753118061783	0.0013776570901137028	0.22247089722897762	-0.007151407678786676	0.003789901442663111
4,13,15	-0.0011879632687957777	0.0013777129975536583	0.38854448224778615	-0.006658839837082325	0.00428291329949077
4,13,16	0.0005920414349076273	0.0013777933825500986	0.6674149262224347	-0.004879154340931036	0.00606323721074629
4,14,15	-0.00021636636043056287	0.0013777168577674137	0.8752087834721389	-0.005687258257565006	0.0052545255367038805
4,14,16	0.0016491955689952775	0.0013777412106720734	0.23130447750245645	-0.003821793033139197	0.007120184171129753
4,15,16	-0.002032761976619544	0.0013779553296054661	0.14016838098244125	-0.007504600841658996	0.003439076888419908
5,6,7	-0.0004986736044254698	0.001377639532708775	0.7173717775948918	-0.005969258444972511	0.004971911236121572
5,6,8	-0.0008390497634117774	0.0013777316694139348	0.5425234749524019	-0.006310000477360777	0.004631900950537223
5,6,9	-0.0010767297930433936	0.0013776352662805264	0.4344683621409372	-0.006547297691671198	0.004393838105584412
5,6,10	-0.006183164818921746	0.0013776446804844382	7.207803906150355e-06	-0.011653770101204696	-0.0007125595366387957
5,6,11	-1138873000933.6099	129002.74483856511	0.0	-1138873513201.4736	-1138872488665.746
5,6,12	0.0008745444523928033	0.0013775968704986294	0.5255417353994439	-0.004595870977191104	0.006344959881976711
5,6,13	-0.002551102593311196	0.0013774937025335704	0.06403685955838603	-0.008021108344534197	0.0029189031579118043
5,6,14	0.0006124371715641825	0.0013774876190405187	0.6566086761496897	-0.004857544422203927	0.006082418765332292
5,6,15	0.0011512935229558796	0.0013775847330432965	0.40331129105064567	-0.004319073708984472	0.006621660754896231
5,6,16	0.0003044288330212475	0.0013776079898736157	0.8251066079319431	-0.00516603075142523	0.005774888417467724
5,7,8	-0.01597135571684112	0.001377978452253023	5.330929332367282e-31	-0.021443286401549067	-0.010499425032133174
5,7,9	-0.004617601866171303	0.0013778840317459178	0.0008054939513594991	-0.010089157608535812	0.0008539538761932058
5,7,10	-0.01512592626071824	0.001377904274455607	5.514744041754679e-28	-0.020597562386563427	-0.009654290134873053
5,7,11	-4510211459934.479	nan	nan	nan	nan
5,7,12	0.0039037999712344326	0.0013778350856784927	0.004610164431879773	-0.0015675614070688668	0.009375161349537732
5,7,13	-0.0015460048886963207	0.0013776510842453185	0.2617845138495239	-0.007016635600212654	0.003924625822820013
5,7,14	-0.0003484718604532369	0.0013776484774720443	0.8003109339704071	-0.005819092220514042	0.005122148499607568
5,7,15	0.0035159684675638743	0.001377821024991809	0.010720504183675915	-0.0019553370759745293	0.008987274011102279
5,7,16	0.007498826681658369	0.0013777541592219294	5.2845217923287605e-08	0.002027786661036788	0.01296986670227995
5,8,9	0.0029959330870133723	0.0013779735675952594	0.029700681161729768	-0.002475978200795692	0.008467844374822436
5,8,10	-0.030859018443744456	0.0013780592282668714	3.3685856889339747e-110	-0.03633126988872847	-0.025386766998760437
5,8,11	-1872533365776.8992	nan	nan	nan	nan
5,8,12	0.0035565709500974627	0.0013778597298232374	0.009849435582248161	-0.001914888289715649	0.009028030189910575
5,8,13	-0.0007009129817400328	0.0013777427194508966	0.6109379844735177	-0.006171907575211401	0.0047700816117313355
5,8,14	-0.00201077277564351	0.0013777164903421828	0.14443844769773997	-0.00748166321373816	0.003460117662451141
5,8,15	0.0007698420120373287	0.0013778487586723444	0.5763516894623422	-0.004701573661508749	0.006241257685583406
5,8,16	-0.004341260159572971	0.001377972479999448	0.0016316154028295981	-0.009813167128556233	0.0011306468094102922
5,9,10	-0.011161543625050669	0.001377875183493532	5.667982769362669e-16	-0.01663306423114461	-0.005690023018956728
5,9,11	-1593688468912.617	nan	nan	nan	nan
5,9,12	0.0022879228957976214	0.0013778066175892977	0.09681296671928048	-0.003183325436172808	0.0077591712277680506
5,9,13	-0.0015711362025361444	0.0013776279616727729	0.2541014210366176	-0.007041675094681852	0.003899402689609563
5,9,14	0.0014204981385169367	0.0013776178298111218	0.3024894957557989	-0.00405000052016607	0.006890996797199943
5,9,15	0.001327270279819805	0.0013777564302469114	0.33537620051820893	-0.004143778759006135	0.006798319318645746
5,9,16	-0.0004555802886281976	0.0013777376287233652	0.7408938987632205	-0.0059265546669008875	0.005015394089644493
5,10,11	-1542491444068.8481	92694.0561513126	0.0	-1542491812155.4822	-1542491075982.214
5,10,12	-0.004890381326461726	0.0013777737140773859	0.0003865562346973815	-0.010361498999105682	0.0005807363461822306
5,10,13	-0.0014021535755534863	0.0013776626932255982	0.3087917399177772	-0.006872830386147282	0.0040685232350403085
5,10,14	0.0005848618261828002	0.0013776491451404829	0.6711777807385516	-0.004885761185178836	0.0060554848375444364
5,10,15	-0.004061786538083687	0.0013777830457738975	0.003200111386195244	-0.009532941266747206	0.0014093681905798308
5,10,16	-0.004179041207371511	0.001377860392400977	0.0024233904528304586	-0.00965050307827037	0.0012924206635273475
5,11,12	-914924824740.5607	nan	nan	nan	nan
5,11,13	4473211895141.369	nan	nan	nan	nan
5,11,14	331804308158.80505	128997.149644098	0.0	331803795913.15985	331804820404.45026
5,11,15	470073468805.58594	126670.47774322281	0.0	470072965799.1181	470073971812.0538
5,11,16	6739801205921.797	nan	nan	nan	nan
5,12,13	-0.0001421319627038625	0.0013775897482689212	0.9178252363016578	-0.0056125191100260124	0.005328255184618288
5,12,14	0.001027339176775938	0.0013775814441770943	0.45582061330959367	-0.004443014995128634	0.00649769334868051
5,12,15	0.0026738641707995175	0.0013777433716075367	0.052296792883379295	-0.0027971330123755756	0.00814486135397461
5,12,16	0.0024233833314570973	0.0013777135106802028	0.0785890799516375	-0.00304749527444686	0.007894261937361055
5,13,14	-0.00012262173199937263	0.0013775226213006227	0.9290696601964772	-0.005592742319189901	0.005347498855191156
5,13,15	0.001557525455965749	0.0013775899824841336	0.25822534504272765	-0.0039128626214213124	0.007027913533352811
5,13,16	-0.0020708714741527784	0.001377612322226706	0.13278919941074788	-0.007541348262304999	0.0033996053139994415
5,14,15	0.0009938976182814335	0.0013775826979588019	0.47061995574894455	-0.004476461532370511	0.006464256768933378
5,14,16	6.530322623159262e-05	0.0013775916097199525	0.9621916161889148	-0.005405091312883223	0.005535697765346408
5,15,16	0.0033343759152616565	0.0013777313686346919	0.015517915141242134	-0.0021365736042977175	0.008805325434821031
6,7,8	0.0016457918656282732	0.0013775513289420742	0.23220442302534677	-0.0038244427191533544	0.007116026450409901
6,7,9	0.0022224018042105243	0.001377493245791612	0.10667491750520247	-0.0032476021332973675	0.007692405741718416
6,7,10	-0.003933980258724554	0.001377573683320135	0.004296603720063031	-0.009404303612388634	0.0015363430949395258
6,7,11	1221017609603.2068	nan	nan	nan	nan
6,7,12	0.0004925355287214285	0.0013774811061803432	0.7206731853630811	-0.00497742020258172	0.005962491260024577
6,7,13	0.0006278290040638557	0.0013773666350198478	0.6485237559855992	-0.00484167216406771	0.006097330172195422
6,7,14	-0.0010927287450504845	0.0013773923376870084	0.42759070666474785	-0.00656233197806767	0.004376874487966701
6,7,15	0.0009234162910042269	0.0013774757171454558	0.5026278664609145	-0.004546518040526442	0.006393350622534895
6,7,16	0.00042731126248281623	0.0013774509963776326	0.756396600038768	-0.0050425249032690035	0.005897147428234636
6,8,9	-0.00015899671712412452	0.0013775251700153261	0.9081113773033359	-0.005629127425220513	0.0053111339909722634
6,8,10	-0.004383537027679139	0.0013776416839447229	0.0014644801685422739	-0.009854130410750176	0.0010870563553918976
6,8,11	3972154819211.532	129364.15354308071	0.0	3972154305508.5205	3972155332914.544
6,8,12	-0.002697688580787353	0.0013775105876077042	0.05019434596422388	-0.008167761382373235	0.0027723842207985293
6,8,13	-0.00014270670793688187	0.0013774291740313227	0.9174845434151949	-0.005612456217495936	0.005327042801622172
6,8,14	-0.0009600179328151399	0.0013774067134338232	0.48582365831679386	-0.006429678251696028	0.004509642386065748
6,8,15	0.0005788185944264185	0.0013775030071999934	0.6743465667473973	-0.004891224105480088	0.006048861294332925
6,8,16	-0.0007079971291099515	0.0013775739484803119	0.6072941248802254	-0.006178321535720907	0.004762327277501005
6,9,10	-0.0015449236334158416	0.001377536809349962	0.26207870957439494	-0.0070151005611263605	0.003925253294294677
6,9,11	38733702815.43889	nan	nan	nan	nan
6,9,12	-0.0016029576606921235	0.0013774891579181683	0.24456225731758507	-0.007072945365319092	0.003867030043934844
6,9,13	0.001738516937846281	0.0013773708767176747	0.20688637111130567	-0.003731001074000407	0.007208034949692969
6,9,14	-0.0005611482664960519	0.0013773770082420615	0.6837144106735744	-0.006030690626529303	0.0049083940935372
6,9,15	0.0012405525268916497	0.0013774772234556255	0.36780928932119883	-0.004229387786172927	0.006710492839956227
6,9,16	0.0009038652746831989	0.0013774377881016944	0.5117046563529085	-0.0045659184412133414	0.00637364899057974
6,10,11	6437101677754.215	128074.14111456893	0.0	6437101169173.822	6437102186334.607
6,10,12	-0.0006079173587048571	0.001377472006230492	0.6589783955508999	-0.006077836954250774	0.0048620022368410605
6,10,13	-0.0010655983965180019	0.0013773938448966834	0.43915322824459635	-0.006535207614641017	0.004404010821605014
6,10,14	-0.0004806045256468901	0.0013773975256556156	0.7271500884727282	-0.005950228360005531	0.00498901930871175
6,10,15	-0.0017779794105539095	0.0013775237803965402	0.19681485963131626	-0.007248104600496031	0.003692145779388213
6,10,16	-0.0011697435454240896	0.0013775510265222712	0.39580589433513136	-0.006639976929301453	0.004300489838453274
6,11,12	3400650946114.9746	129844.47834296378	0.0	3400650430504.6006	3400651461725.3486
6,11,13	2165875876492.3616	128851.42706020405	0.0	2165875364825.3784	2165876388159.3447
6,11,14	2461388782202.5024	4224604.13171829	0.0	2461372006366.174	2461405558038.831
6,11,15	1612576240400.422	1417997.080947549	0.0	1612570609556.3945	1612581871244.4497
6,11,16	-804672989850.1353	128412.15649863986	0.0	-804673499772.782	-804672479927.4885
6,12,13	0.0006284607252473117	0.0013773936951378854	0.6482004023162604	-0.00484114789818588	0.006098069348680504
6,12,14	0.0010298151862344403	0.0013773428925381915	0.4546572937888078	-0.004439591700877206	0.006499222073346086
6,12,15	-0.0022538850959346562	0.001377432919259892	0.10178812890604687	-0.007723649477737246	0.0032158792858679344
6,12,16	0.0005794781983605375	0.00137743975306677	0.6739827211388806	-0.004890313320381304	0.0060492697171023796
6,13,14	0.00031257339507447115	0.001377286589067256	0.8204651159368376	-0.00515660991184275	0.005781756701991693
6,13,15	-0.0008547974348267137	0.0013773560143746978	0.5348624336329872	-0.006324256428544018	0.004614661558890591
6,13,16	0.001646418620796247	0.0013773863709797274	0.23197074664602485	-0.0038231609185205	0.007115998160112994
6,14,15	0.0009808067719793373	0.0013773672921155312	0.47641556082229797	-0.004488697005468816	0.00645031054942749
6,14,16	-0.0005218733675089089	0.0013773580164956644	0.7047687798012761	-0.005991340311616971	0.004947593576599154
6,15,16	0.0019533444932171708	0.0013774351902035137	0.1561707380891606	-0.0035164289064666984	0.0074231178929010395
7,8,9	0.008978949416189878	0.0013777759906161593	7.282043124290483e-11	0.0035078227034463835	0.014450076128933372
7,8,10	-0.007985514476939239	0.0013778784335509186	6.8763527315142965e-09	-0.013457047988959765	-0.0025139809649187134
7,8,11	1552880426115.9875	233207.39780260113	0.0	1552879500053.0918	1552881352178.8833
7,8,12	0.005540820283762675	0.0013777541809967425	5.793159540239577e-05	6.978017667365506e-05	0.011011860390851695
7,8,13	-0.00011011703449563587	0.0013775706022349633	0.9362889271491444	-0.005580428153219129	0.005360194084227857
7,8,14	0.002507924501456703	0.0013775484967657786	0.06868166198102918	-0.0029622988367975565	0.007978147839710962
7,8,15	0.00031115741500687403	0.001377666677048786	0.8213131258036251	-0.005159535215285922	0.005781850045299669
7,8,16	0.006008082634259779	0.0013777036705529737	1.2991764989877867e-05	0.000537243103345738	0.01147892216517382
7,9,10	-0.013004855737477226	0.0013777078167004778	3.9960930435191926e-21	-0.018475711732677567	-0.007533999742276886
7,9,11	525341809113.6246	130066.20266610417	0.0	525341292622.7867	525342325604.46246
7,9,12	0.00013301371024915254	0.001377675157339483	0.9230848585788527	-0.005337712595144153	0.005603740015642458
7,9,13	0.0013474917339281907	0.0013774783631591955	0.3279677451878358	-0.0041224531048812746	0.006817436572737656
7,9,14	0.001369572883231075	0.001377521040923817	0.3201185310045736	-0.004100541428308102	0.006839687194770251
7,9,15	0.0056055722791782114	0.0013776197689775928	4.732536962430287e-05	0.00013506592009575585	0.011076078638260666
7,9,16	0.0035158514042599124	0.0013775617155570114	0.010708348023086529	-0.0019544244256056954	0.008986127234125521
7,10,11	-429018582847.74927	nan	nan	nan	nan
7,10,12	-0.003145136896861112	0.0013776841958263173	0.022441996988016192	-0.008615899093942978	0.002325625300220754
7,10,13	-0.00043653079398139693	0.0013775376558112081	0.7513275905108239	-0.005906711082976164	0.00503364949501337
7,10,14	-0.0013388580687281	0.0013775679627434398	0.33110788337387986	-0.006809158706072413	0.004131442568616212
7,10,15	-0.002034007608395974	0.0013776841771890196	0.13984762166219883	-0.007504769731469425	0.0034367545146774775
7,10,16	6.223097598378183e-06	0.001377695019162176	0.9963959679453889	-0.005464582078779354	0.005477028273976109
7,11,12	1108705339623.662	2581028.820032509	0.0	1108695090398.955	1108715588848.3691
7,11,13	4310673046091.5244	nan	nan	nan	nan
7,11,14	11839161877438.809	130234.03111106214	0.0	11839161360281.527	11839162394596.09
7,11,15	-1338678004703.4688	809323.8726417565	0.0	-1338681218515.7932	-1338674790891.1443
7,11,16	-949121999007.7375	3323112.963654976	0.0	-949135195036.8662	-949108802978.6089
7,12,13	0.00026372464181645557	0.001377482947931856	0.8481711442651028	-0.005206238403052881	0.005733687686685793
7,12,14	-0.0003939493651448912	0.0013774928528078123	0.7748875680122	-0.0058639517421203175	0.005076053011830535
7,12,15	0.00671888866794391	0.0013776158113285955	1.081366991983024e-06	0.001248398024623158	0.012189379311264664
7,12,16	0.000740516320497034	0.0013775509825113995	0.5908846603055146	-0.004729716888613853	0.00621074952960792
7,13,14	0.0018481794155273685	0.0013773950683318866	0.17967275798777008	-0.0036214346608375286	0.007317793491892266
7,13,15	0.00421788042454767	0.001377446017794638	0.0021997453535803403	-0.0012519359713296574	0.009687696820424998
7,13,16	-0.0009426098717875095	0.0013774536183682815	0.49378239048881667	-0.006412456449422813	0.004527236705847793
7,14,15	0.000851971471681021	0.001377489266070334	0.536252989451345	-0.0046180166624164905	0.006321959605778532
7,14,16	-0.001978068404555103	0.0013774198307805786	0.1509929995283767	-0.007447780812212921	0.003491644003102715
7,15,16	0.004116510327700555	0.0013775232444256397	0.002807129077869602	-0.0013536127339095804	0.009586633389310692
8,9,10	-0.013890595763554505	0.0013778238511239322	7.249693182202877e-24	-0.019361912529618962	-0.008419278997490046
8,9,11	668379998369.6774	nan	nan	nan	nan
8,9,12	0.012193580748766811	0.0013776846359956677	9.137638336565929e-19	0.006722816803779403	0.01766434469375422
8,9,13	-0.0007377136904560836	0.0013775598653603342	0.5922927097368009	-0.006207982173219889	0.004732554792307721
8,9,14	-0.00012761456581106113	0.0013775369190176412	0.926190419002068	-0.005597791929010203	0.005342562797388081
8,9,15	0.005640469891344231	0.0013776412253211914	4.2451536179638236e-05	0.00016987832945999926	0.011111061453228462
8,9,16	0.000597481628951784	0.001377688465707068	0.6645208140375214	-0.004873297523759149	0.006068260781662718
8,10,11	1967332990244.664	74601.22210362057	0.0	1967332694004.3887	1967333286484.9395
8,10,12	0.02807194385673508	0.001377751033116861	1.0914591942124326e-91	0.022600916249827387	0.033542971463642775
8,10,13	-0.0031961085550017785	0.0013776652374469206	0.020350203275245178	-0.008666795468658287	0.002274578358654731
8,10,14	-0.002693189037106982	0.001377631347074554	0.05059882006719685	-0.008163741372629728	0.002777363298415765
8,10,15	-0.004811472563324218	0.0013777641790416676	0.000479660853658866	-0.010282552372491833	0.0006596072458433973
8,10,16	0.0018859269162145745	0.001377914960988308	0.17110861786307593	-0.0035857516456832975	0.007357605478112446
8,11,12	-2746835717515.7866	128670.00863814501	0.0	-2746836228462.36	-2746835206569.2134
8,11,13	-118717869500.81177	3997141.484299824	0.0	-118733742086.55743	-118701996915.0661
8,11,14	607388310536.3192	129025.75917718845	0.0	607387798177.066	607388822895.5724
8,11,15	7617403972307.992	nan	nan	nan	nan
8,11,16	-2322109736847.1167	nan	nan	nan	nan
8,12,13	0.0045634357574028984	0.0013775555656933012	0.0009250278715398235	-0.0009068156514509818	0.010033687166256779
8,12,14	0.00018422866715862572	0.001377487908332632	0.8936070608328449	-0.0052857540753839	0.005654211409701152
8,12,15	0.003958397265418076	0.001377627275542619	0.004064241733441013	-0.0015121389021156197	0.009428933432951772
8,12,16	-0.0010985706079667883	0.001377662915848183	0.4252154439037432	-0.006569248302591354	0.004372107086657777
8,13,14	-0.0008707197104052981	0.0013774683486083615	0.5273157250620957	-0.006340624781591465	0.004599185360780869
8,13,15	-0.000577152204129622	0.0013774701106976212	0.675223126779603	-0.0060470642725444276	0.004892759864285183
8,13,16	0.004480594716583786	0.0013775885543077103	0.0011451905202615378	-0.0009897876895372396	0.009950977122704811
8,14,15	-0.0034919873864855087	0.0013774761861799188	0.011247565262207432	-0.008961923580544626	0.001977948807573609
8,14,16	0.00019642166641991202	0.0013775284980083174	0.8866149820298685	-0.005273722257084118	0.0056665655899239414
8,15,16	0.0038666874686427203	0.0013776902818693271	0.005009126484647801	-0.0016040988960198794	0.00933747383330532
9,10,11	11960839195759.033	1408908.258925126	0.0	11960833601006.574	11960844790511.492
9,10,12	-0.012156837804373736	0.001377638464551407	1.1563032921280118e-18	-0.017627418403284727	-0.006686257205462744
9,10,13	-0.0005235907900609648	0.0013775361288027746	0.7038795224801966	-0.0059937650153293436	0.004946583435207414
9,10,14	0.001567739050885661	0.001377524873828682	0.25509409651556036	-0.0039023904810582383	0.00703786858282956
9,10,15	-0.007258092349025185	0.0013776572758144446	1.3850262836060004e-07	-0.012728747647164794	-0.0017874370508855764
9,10,16	0.00063897923000841	0.001377659321805998	0.6427834267531523	-0.004831684192731364	0.006109642652748185
9,11,12	409527617062.6696	nan	nan	nan	nan
9,11,13	1581975303902.1208	nan	nan	nan	nan
9,11,14	1683174100197.4832	128589.87597836135	0.0	1683173589569.1152	1683174610825.851
9,11,15	6692907883117.958	91221.101476404	0.0	6692907520880.404	6692908245355.512
9,11,16	131501696515.95033	nan	nan	nan	nan
9,12,13	0.002751120790560711	0.0013774607656532121	0.04580766316499857	-0.002718754168830242	0.008220995749951665
9,12,14	-9.079328422177297e-06	0.0013774776000336278	0.994741006501662	-0.005479021136872058	0.005460862480027704
9,12,15	0.00678197496049219	0.0013775916078795365	8.563095044520272e-07	0.001311580428685638	0.012252369492298743
9,12,16	0.0003602768029770434	0.0013775249634928502	0.7936784275943699	-0.0051098530850218525	0.005830406690975939
9,13,14	0.0007050240845928638	0.0013773815590785335	0.6087538402828176	-0.00476453634674019	0.006174584515925919
9,13,15	0.0016490348414862363	0.0013774515129550695	0.2312518389222798	-0.003820803375586432	0.007118873058558905
9,13,16	-0.0005155926895796844	0.0013774615813496975	0.7081789006973405	-0.005985470888088508	0.0049542855089291385
9,14,15	-0.0003583580769180347	0.0013774296880492657	0.7947387234904996	-0.005828109627634227	0.0051113934737981575
9,14,16	0.0006210675320181594	0.0013774260238048756	0.6520719957817275	-0.004848669468041394	0.0060908045320777135
9,15,16	-0.002145233416532985	0.001377551071906708	0.11941399891710076	-0.007615466980631231	0.003325000147565261
10,11,12	6125681854961.366	1410323.5429050983	0.0	6125676254588.837	6125687455333.8955
10,11,13	154170886902.15436	91402.72237118015	0.0	154170523943.38647	154171249860.92224
10,11,14	-4430050912814.555	nan	nan	nan	nan
10,11,15	-1090759218588.1543	129089.39081894764	0.0	-1090759731200.0878	-1090758705976.2208
10,11,16	-1241412304289.116	nan	nan	nan	nan
10,12,13	0.004047832551436787	0.0013774951383857717	0.003299961825928842	-0.0014221789015326416	0.009517844004406216
10,12,14	0.0013655315417275128	0.0013774485963605504	0.3215231105373409	-0.004104295093594354	0.00683535817704938
10,12,15	-0.004889317613603834	0.0013775870186505657	0.00038698369458246504	-0.010359693921654577	0.0005810586944469086
10,12,16	-0.0017429855094547937	0.0013775965688160655	0.2057959537591471	-0.007213399741062002	0.0037274287221524143
10,13,14	-0.0009643230278936746	0.0013774498654390566	0.4838834806812804	-0.00643415470270626	0.00450550864691891
10,13,15	0.002294180215507937	0.0013774929988270518	0.09582801033930419	-0.0031758227413075848	0.0077641831723234585
10,13,16	0.0014122951913475071	0.0013775880491336046	0.3052795047976011	-0.004058085208735119	0.006882675591430134
10,14,15	0.0007217772490126424	0.0013775123621807862	0.6003020517059616	-0.00474830259937494	0.006191857097400224
10,14,16	0.0019211514798450234	0.001377519853609722	0.16313273388685784	-0.0035489581168886217	0.007391261076578668
10,15,16	0.0016651415454341026	0.0013776789195841838	0.22680368783500593	-0.003805599699773528	0.007135882790641733
11,12,13	-7406732821019.787	128563.54986755489	0.0	-7406733331543.614	-7406732310495.96
11,12,14	-554885622129.9036	4351942.8882164825	0.0	-554902903626.4242	-554868340633.3829
11,12,15	12342261553523.178	nan	nan	nan	nan
11,12,16	260644388270.30826	nan	nan	nan	nan
11,13,14	-415588139256.577	nan	nan	nan	nan
11,13,15	3434399697521.064	129373.24965205559	0.0	3434399183781.9316	3434400211260.1963
11,13,16	-1961817866137.5176	nan	nan	nan	nan
11,14,15	8360223873653.009	nan	nan	nan	nan
11,14,16	2619745708892.7437	nan	nan	nan	nan
11,15,16	-7674104052492.409	75334.48907773718	0.0	-7674104351644.477	-7674103753340.342
12,13,14	0.001558264011825076	0.0013773720589377299	0.25792436326081614	-0.003911258694598792	0.007027786718248943
12,13,15	2.7695754595261563e-06	0.001377415164287173	0.9983957034565145	-0.0054669243016266305	0.005472463452545683
12,13,16	-0.001244827447795184	0.0013774487986595585	0.3661510592854871	-0.00671465488644322	0.004224999990852851
12,14,15	-0.0029529898383035057	0.0013774097331591569	0.032050831703394185	-0.008422662148466032	0.002516682471859021
12,14,16	-0.0010256880419050151	0.0013773991357068623	0.4564855017153767	-0.006495318269751744	0.004443942185941714
12,15,16	-0.0019415527272582164	0.0013775075109642891	0.15870675552943103	-0.007411613311541657	0.0035285078570252244
13,14,15	-0.0006479029855720349	0.0013773538459335216	0.6380747479466584	-0.006117353368443655	0.0048215473972995845
13,14,16	0.0020781466823925985	0.0013773921602933496	0.131371598699883	-0.003391455846197167	0.007547749210982364
13,15,16	-0.022440184815171734	0.0013774340762410548	1.9977845560926914e-59	-0.02790995379132826	-0.016970415839015207
14,15,16	-0.0013732029428129002	0.0013774138292120658	0.3187999199408305	-0.006842891518336879	0.004096485632711078
