Params: 	17
Performance: 	0.6358882954895484
Term	Coefficient	Standard Error	p-value	95% CI lower	95% CI upper
Intercept	-823669608160.5791
1	0.11192220295698888	0.0029561307916010178	7.09037306149006e-307	0.1031305243251337	0.12071388158884405
2	0.14469957660074262	0.00295865533670365	0.0	0.13590038984736014	0.1534987633541251
3	0.36478992521589165	0.00294996521176939	0.0	0.3560165833222528	0.37356326710953053
4	-0.010956523141396347	0.002941529219215422	0.00019582906339599335	-0.019704775977512495	-0.0022082703052802004
5	0.4089837385666793	0.0029387713005453735	0.0	0.400243687916579	0.4177237892167796
6	0.039842857092921756	0.0029550695305583176	2.560129778255111e-41	0.031054334703699157	0.048631379482144355
7	0.1168400601797748	0.0029487388992844345	0.0	0.10807036539989036	0.12560975495965926
8	0.2677683045701152	0.0029578444189756544	0.0	0.25897152952601216	0.2765650796142182
9	0.09310463445332819	0.0029596145148574993	6.031099302217002e-214	0.0843025950568545	0.10190667384980187
10	0.30136819292990086	0.0029498592662198183	0.0	0.29259516612354664	0.3101412197362551
11	823669608168.3043	nan	nan	nan	nan
12	0.03340058823954192	0.0029493663364189185	1.1286643807151112e-29	0.02462902743070377	0.04217214904838008
13	0.010413132374152001	0.0029583592101252326	0.00043230873761636253	0.00161482631580479	0.019211438432499214
14	0.013923069800057792	0.0029536420091220927	2.4408691456656328e-06	0.005138792929924885	0.022707346670190698
15	0.03405358505410716	0.0029493581712823477	8.893800068538404e-31	0.025282048528787487	0.042825121579426834
16	0.17052603276289663	0.002955012826644682	0.0	0.16173767901390715	0.1793143865118861
