Params: 	697
Performance: 	0.9525490821358138
Term	Coefficient	Standard Error	p-value	95% CI lower	95% CI upper
Intercept	5.8380319840964825
1	-0.09966700059623523	0.022981324414236132	1.447501800680457e-05	-0.1909193331852999	-0.00841466800717057
2	0.2699343056796035	0.02301947087690904	1.007622551647751e-31	0.17853050428760214	0.3613381070716049
3	2.194715947609302	0.0230295883681323	0.0	2.1032719725241997	2.2861599226944045
4	-0.36903776137485317	0.02311652593138623	2.936827046080923e-57	-0.46082694090916543	-0.2772485818405409
5	-0.37031084441552875	0.02304667331637322	5.587664121147778e-58	-0.461822658992866	-0.2787990298381915
6	-0.06515858979399797	0.022997977063256934	0.004609462113817985	-0.15647704533749052	0.026159865749494596
7	0.42386756887395577	0.02303482506703058	2.0265558861309123e-75	0.3324028003401852	0.5153323374077263
8	0.10590668001942175	0.022959907417281204	3.982911034625909e-06	0.014739388261510361	0.19707397177733313
9	0.06093846603457562	0.022981086055104	0.008011261866381627	-0.03031292009786153	0.15218985216701275
10	-0.14203287294980438	0.02301336422993125	6.79447704590798e-10	-0.2334124265756206	-0.050653319323988144
11	1.4904111257020056	0.02303665318084977	0.0	1.3989390982458496	1.5818831531581616
12	0.13458159424918595	0.02297326033943737	4.702676413725704e-09	0.04336128181798059	0.2258019066803913
13	-0.039718154004959115	0.022992818491778477	0.08409793582094616	-0.13101612632164752	0.0515798183117293
14	0.042252295540457285	0.02297846448350762	0.06595253491640572	-0.04898868107341135	0.13349327215432594
15	-0.1337360364976327	0.02297693834898898	5.8973515141228485e-09	-0.22497095326341945	-0.04250111973184592
16	-0.04416404256212392	0.023002843421742147	0.05487017992841416	-0.1355018210373582	0.047173735913110346
1,2	0.18243717857806097	0.016197671910857726	2.127623043093708e-29	0.11812080943692811	0.24675354771919383
1,3	-0.08124731730734447	0.016194445313862042	5.263030810732228e-07	-0.1455508745453479	-0.016943760069341035
1,4	0.021923317989465646	0.01623480599506097	0.17689578976441062	-0.04254050008633373	0.08638713606526502
1,5	0.010362454837163498	0.016206704527222938	0.5225695646006161	-0.05398978026616766	0.07471468994049466
1,6	0.008744591382301325	0.016201931505089605	0.5893884336171857	-0.05558869140151529	0.07307787416611794
1,7	0.011891776882540964	0.01619684556547617	0.4628275906905923	-0.05242131107504337	0.0762048648401253
1,8	0.003386035340355198	0.016187160158398266	0.8343081498184263	-0.060888594607934166	0.06766066528864456
1,9	0.015659482528313118	0.016192169147493284	0.3334966460734988	-0.048635036697486755	0.07995400175411299
1,10	0.004186874902602777	0.016199534459013308	0.7960554626052319	-0.060136889889916084	0.06851063969512164
1,11	-0.007702834005078707	0.0161856677906103	0.6341439803738681	-0.0719715381834134	0.05656587017325598
1,12	0.01991869646848199	0.016188276228196654	0.21853710780121702	-0.044360365076986	0.08419775801394998
1,13	0.0026666399538309016	0.016199631256434293	0.8692505803060074	-0.06165750919384061	0.06699078910150241
1,14	-0.01456955580949948	0.01619124556852433	0.36820800088036476	-0.07886040776470485	0.04972129614570589
1,15	-0.0012960639036789512	0.016190911441977658	0.9361986545361578	-0.0655855891369681	0.0629934613296102
1,16	-0.01998131941096673	0.01619481572787864	0.2172784468752245	-0.08428634745815544	0.04432370863622198
2,3	0.11751220421072733	0.016197201117608293	4.059777365608715e-13	0.053197704456293154	0.1818267039651615
2,4	-0.07164870611346419	0.016233931716964967	1.0187382447970875e-05	-0.13610905267847706	-0.0071883595484513035
2,5	0.010660687236312943	0.016214692755674817	0.5108806283913994	-0.05372326686050828	0.07504464133313417
2,6	0.0002104619547474984	0.01620318123444454	0.9896366673129487	-0.064127783150504	0.064548707059999
2,7	0.26606294706758893	0.016212642033759706	2.134999702036268e-60	0.20168713580687553	0.33043875832830233
2,8	0.00067983715410036	0.01619183812381035	0.9665096645673354	-0.0636133676703767	0.06497304197857742
2,9	-0.0024381836020325176	0.016192660565437642	0.88031274407289	-0.06673465410935518	0.06185828690529015
2,10	-0.019847572303870936	0.016206027585814343	0.22069167268390844	-0.08419711946452972	0.04450197485678785
2,11	0.21319020081779538	0.016188592753010846	1.4892644523809303e-39	0.14890988244190734	0.27747051919368343
2,12	-0.039814985736312994	0.016189585618946376	0.01392363409457144	-0.10409924650172275	0.024469275029096765
2,13	0.010905324099789865	0.016200962581214267	0.5008682249648919	-0.0534241113616474	0.07523475956122713
2,14	0.014058241756825157	0.016192781865541003	0.3852993577953242	-0.050238710398864475	0.07835519391251479
2,15	-0.06556922399899623	0.01619123515568386	5.135019926376327e-05	-0.12986003460776024	-0.0012784133902322137
2,16	0.08534565799358028	0.01619409324551899	1.3674237388638038e-07	0.021043498719286652	0.1496478172678739
3,4	-0.7044980815361983	0.01625134406279407	0.0	-0.7690275675965733	-0.6399685954758233
3,5	0.29242001730798334	0.01620938133730217	1.4351582544576975e-72	0.22805715334970783	0.35678288126625884
3,6	-0.04702343190272057	0.01619801558725779	0.003696913416684287	-0.11134116568553362	0.017294301880092483
3,7	0.25679147801671587	0.01619265566996142	1.5790352014546557e-56	0.19249502694794324	0.3210879290854885
3,8	0.0898457856549234	0.016185517680833733	2.85180501134501e-08	0.025577677520011166	0.15411389378983564
3,9	0.030104482855669842	0.016190477791091035	0.06297591054958965	-0.034183320472727305	0.09439228618406699
3,10	-0.6995480300190502	0.016207028581522377	0.0	-0.7639015518502555	-0.6351945081878448
3,11	-0.995812070684403	0.01619572455778538	0.0	-1.060120707437836	-0.93150343393097
3,12	0.003483726253001418	0.016183919969644866	0.8295664826209543	-0.06077803782313684	0.06774549032913968
3,13	-0.017432374587881994	0.016196971450583034	0.2818089739188855	-0.08174596239958407	0.04688121322382008
3,14	0.0045994030632705435	0.01619037684741669	0.7763480734576668	-0.05968799944637576	0.06888680557291685
3,15	-0.0008673551227721815	0.016187426057594323	0.9572683447077379	-0.06514304088148555	0.06340833063594119
3,16	0.21955782040369273	0.01619243758307517	7.990945878470373e-42	0.15526223529619887	0.2838534055111866
4,5	2.2800336477984633	0.016244106114149937	0.0	2.215532901582887	2.3445343940140395
4,6	0.0018965953315613626	0.016237544638087686	0.9070164692674852	-0.06257809712031016	0.06637128778343289
4,7	-0.06775514412858369	0.016231936851606506	2.9945181020279826e-05	-0.13220756964806069	-0.0033027186091067057
4,8	0.10406294434896446	0.016226812813304733	1.436652459273095e-10	0.039630864934824345	0.16849502376310457
4,9	0.04218031208145423	0.016229801774613	0.009353333254726063	-0.022263635651781938	0.1066242598146904
4,10	-0.1284415429127232	0.016241082697034157	2.6484073286617634e-15	-0.19293028399494708	-0.06395280183049931
4,11	-0.4504966655890415	0.016234433317822854	1.8270002977910873e-168	-0.5149590038690437	-0.38603432730903925
4,12	0.031558662662100945	0.01622665537733431	0.051795598468588645	-0.03287279161837518	0.09599011694257707
4,13	0.025011867847385613	0.01623660097283197	0.12345277408745142	-0.03945907757693368	0.0894828132717049
4,14	0.001629836317340927	0.016228715691842862	0.9200039377122252	-0.06280979888871563	0.06606947152339748
4,15	0.007370239809914247	0.016226112213466797	0.6496713800347216	-0.05705905772062897	0.07179953734045746
4,16	0.019130448147510803	0.016233927495485224	0.23863209518161158	-0.04532988165520124	0.08359077795022285
5,6	-0.027559592119654364	0.016212737134718377	0.08915976472545979	-0.0919357809993489	0.03681659676004018
5,7	0.3581384270454459	0.01621150928169469	9.761740478632462e-108	0.29376711362246866	0.42250974046842316
5,8	0.08793094445470401	0.016200747533298296	5.733119656711765e-08	0.023602362887654937	0.15225952602175308
5,9	0.012402848852295978	0.01620171138806301	0.4439606072400345	-0.051929559909129355	0.07673525761372131
5,10	0.6516105910177956	0.01620755252982651	0.0	0.5872549887362191	0.7159661932993722
5,11	0.4763326139251504	0.01620370589112634	1.1469701987632307e-188	0.41199228555676054	0.5406729422935402
5,12	-0.04294517031007805	0.01620033616080647	0.00803020457222908	-0.10727211843343322	0.021381777813277117
5,13	0.03559015741654471	0.016209083872083325	0.028117613514024645	-0.02877152539156752	0.09995184022465695
5,14	0.0006998424571778017	0.016202311232902847	0.9655470330826814	-0.06363494811827355	0.06503463303262916
5,15	-0.014409485502651587	0.016198732241924817	0.37371416182496475	-0.07873006491824229	0.04991109391293912
5,16	0.09337268393267772	0.01620584777533398	8.367342549890338e-09	0.02902385074852705	0.1577215171168284
6,7	0.018214808485183365	0.01620080126731353	0.2608835705665442	-0.04611398644442659	0.08254360341479332
6,8	0.03737357920663992	0.016190942783756438	0.02098558185660043	-0.026916070475979034	0.10166322888925887
6,9	0.03453014265500709	0.016197731823679947	0.03302806490924518	-0.0297864643829798	0.09884674969299398
6,10	0.06123711894804584	0.016204390512805776	0.00015757563374809894	-0.0031059278591973744	0.12558016575528907
6,11	0.0029889281760351327	0.01618816082584558	0.8535146115939318	-0.06128967513937039	0.06726753149144066
6,12	0.008541743513429761	0.016191345898738375	0.5978136014161226	-0.055749506824649256	0.07283299385150878
6,13	0.015191867566856698	0.016204901557702694	0.3485122321358216	-0.04915320845498099	0.07953694358869438
6,14	0.005043194529490799	0.016196701106387577	0.7555190853366411	-0.05926931982195317	0.06935570888093477
6,15	0.008742625641978335	0.016194674370128895	0.5893053378127825	-0.0555618411136085	0.07304709239756517
6,16	-0.016541477036658314	0.016199653872404997	0.30721066908328326	-0.08086571598594627	0.047782761912629645
7,8	-0.022996801417040358	0.016192283675338873	0.1555450520773368	-0.087291775400489	0.04129817256640829
7,9	-0.023162257754213156	0.016192181925123457	0.1525901779927677	-0.08745682771636473	0.04113231220793842
7,10	0.6101020452537959	0.01620183935931404	6.641691186392977e-307	0.545769128354765	0.6744349621528267
7,11	-0.09494988458234177	0.016190580137680814	4.52685483855563e-09	-0.15923809430006974	-0.03066167486461381
7,12	-0.05738578699507582	0.016190213371030514	0.00039368172264107594	-0.1216725403862774	0.006900966396125752
7,13	0.009750835009064929	0.016198682101230866	0.547208007007973	-0.05456954531202633	0.07407121533015619
7,14	0.027563360682899773	0.01619094970243314	0.0886866290458268	-0.036726316471825476	0.09185303783762502
7,15	-0.08434688472239577	0.01619200083011611	1.9028121548433272e-07	-0.14864073560754626	-0.02005303383724527
7,16	0.11954968307385777	0.016197583516410225	1.5937427420197195e-13	0.05523366492204898	0.18386570122566656
8,9	-0.05050152274322586	0.016184399744208197	0.0018069750284874044	-0.11476519186831743	0.013762146381865709
8,10	0.42109146797022373	0.016197658142688965	3.2375139498563116e-148	0.3567751534985909	0.48540778244185656
8,11	0.9165137731629647	0.016176422238957072	0.0	0.8522817804525691	0.9807457658733603
8,12	-0.06272577500644266	0.01617968457066045	0.00010593625526881411	-0.12697072151237448	0.001519171499489158
8,13	-0.06205374290240018	0.01618945086533891	0.00012672602524955144	-0.12633746859938721	0.00222998279458686
8,14	0.014538771197484673	0.01618197789722223	0.36894670695403875	-0.04971528145891868	0.07879282385388803
8,15	0.03347009855030368	0.016179962993012362	0.03858638038584078	-0.030775953491958385	0.09771615059256575
8,16	0.017056272327887867	0.016183964123383146	0.2919329466984949	-0.04720566707024394	0.08131821172601968
9,10	0.20914801105217717	0.0161955490247562	4.1988470570965433e-38	0.14484007129070464	0.2734559508136497
9,11	0.1382064613257186	0.016179569770477603	1.347623144687576e-17	0.07396197065880969	0.2024509519926275
9,12	-0.0874401743145167	0.016183364412381888	6.573889317994593e-08	-0.15169973243005758	-0.023180616198975823
9,13	-0.013147653255113995	0.016194014409004632	0.4168615380605871	-0.07744949949192995	0.05115419298170196
9,14	-0.01651189690987276	0.016187499207379396	0.3077133922751906	-0.08078787312567189	0.04776407930592637
9,15	-0.052260501629412814	0.01618598039344805	0.001243955656848582	-0.11653044706510955	0.012009443806283923
9,16	0.02754287348051354	0.016189981311347263	0.08890482770893049	-0.03674295846738848	0.09182870542841556
10,11	0.9639941675371837	0.01618782536733695	0.0	0.8997168962325381	1.0282714388418293
10,12	0.14087422253731696	0.016192000712201993	3.389902677079799e-18	0.07658037212037004	0.20516807295426387
10,13	-0.044721890164509503	0.016202815336209174	0.00577948764408235	-0.10905868239146445	0.01961490206244544
10,14	-0.0009824540282585836	0.01619444595525151	0.9516253148102352	-0.065286013813038	0.06332110575652083
10,15	0.1546096272215856	0.01619343576883671	1.371729188525697e-21	0.09031007860104716	0.21890917584212405
10,16	0.06131164586253257	0.016199320423000863	0.000153956830939681	-0.0030112690535804842	0.12563456077864563
11,12	0.13551326707343578	0.016176803496975634	5.538721260853216e-17	0.0712797604953933	0.19974677365147825
11,13	0.021613246608962577	0.016187207645255986	0.1818139525029337	-0.042661571896193934	0.08588806511411909
11,14	0.03184691328344953	0.016180601400471853	0.049047595837136616	-0.03240167369408305	0.09609550026098211
11,15	-0.08370737860022204	0.016179913527519175	2.304042005505592e-07	-0.14795323422901574	-0.01946152297142835
11,16	0.22908538268541712	0.016182371933562607	1.9992441116483976e-45	0.1648297654222689	0.29334099994856533
12,13	0.004951773744614141	0.01619041659691479	0.7597229301785117	-0.059335786599034934	0.06923933408826322
12,14	-0.013592246203183111	0.016182942770862678	0.4009609652651793	-0.0778501300996298	0.05066563769326357
12,15	-0.08194955293918055	0.016183386133794966	4.121179033151086e-07	-0.14620919730430282	-0.017689908574058277
12,16	-0.03800801750295818	0.016186743378393466	0.018872756010686186	-0.10228099253585064	0.026264957529934282
13,14	-0.006782600633879657	0.01619662565165008	0.675388376844374	-0.07109481537592438	0.05752961410816507
13,15	0.10074524938627827	0.01619104910553978	4.930448675658132e-10	0.03645517752996036	0.16503532124259618
13,16	0.05240790608466733	0.016196269158911755	0.001213643162932337	-0.01190289312564663	0.1167187052949813
14,15	-0.030416191541163318	0.01618518911475012	0.060213492242947565	-0.09468299503318385	0.033850611950857215
14,16	-0.07550995437964556	0.016188950811734076	3.1031834527397404e-06	-0.13979169450534706	-0.011228214253944047
15,16	0.3610923995917449	0.016186786417403648	8.255219159784573e-110	0.29681925366312856	0.4253655455203612
1,2,3	-0.00377014446595364	0.00833556188152325	0.6510570370861746	-0.036868300665267355	0.029328011733360075
1,2,4	-0.002331480171475787	0.008335356577222012	0.7797011442232901	-0.035428821165536716	0.030765860822585138
1,2,5	-0.012810534914325239	0.008334556664966675	0.1242888793633478	-0.0459046996832979	0.02028362985464742
1,2,6	-0.00441418711257327	0.0083327969413122	0.5962964645195379	-0.03750136451714131	0.02867299029199477
1,2,7	-0.013198114041871989	0.008335194436778185	0.1133307628329907	-0.046294811222137	0.019898583138393024
1,2,8	-0.005458423431310477	0.008333527721691209	0.5124730161367799	-0.03854850255785907	0.027631655695238115
1,2,9	-0.0015255346754939336	0.008332935786290439	0.8547414110280949	-0.03461326339415964	0.03156219404317177
1,2,10	-0.018045185532260463	0.008334804804700996	0.030388357800364005	-0.05114033559386277	0.01504996452934184
1,2,11	-0.06502962386340526	0.008336117101322045	6.238014806343865e-15	-0.09812998468334164	-0.03192926304346888
1,2,12	-0.011253086905047865	0.008333161029838207	0.1768930796589853	-0.04434171000206897	0.02183553619197324
1,2,13	0.005740543740699822	0.008332718738688783	0.4908786251967264	-0.027346323143392	0.03882741062479164
1,2,14	0.0024021792639279393	0.008332731841493596	0.773131586085045	-0.03068473964769202	0.0354890981755479
1,2,15	0.003995542697107807	0.008333337535751826	0.6316096062613399	-0.029093781254922485	0.0370848666491381
1,2,16	-0.00741278008925253	0.008333574896727964	0.37373360790320176	-0.040503046534515495	0.025677486356010436
1,3,4	-0.0036004918408126738	0.008336812423723429	0.6658310397598209	-0.0367036135891396	0.029502629907514254
1,3,5	0.02174760874302241	0.00833794356899361	0.009102254769949985	-0.01136000446291334	0.05485522194895816
1,3,6	-0.008690167595555076	0.008333486790899795	0.2970445029496704	-0.04178008419751962	0.02439974900640947
1,3,7	0.008532091221615135	0.008337852637110703	0.3061718364539748	-0.024575160919558962	0.04163934336278923
1,3,8	0.01157463424170177	0.008335015951737105	0.16493628008452133	-0.021521354224999255	0.044670622708402795
1,3,9	0.0009977397274895591	0.008333816906655613	0.9047038957187752	-0.032093487670676275	0.034088967125655394
1,3,10	0.009245178870492865	0.008335505709221796	0.26737732385353735	-0.023852754284515734	0.042343112025501464
1,3,11	0.05353002120925103	0.008339382327572272	1.38193287653049e-10	0.020416695100352468	0.0866433473181496
1,3,12	0.00789831355349769	0.008333870599791925	0.34326722917930186	-0.025193127044910404	0.04098975415190578
1,3,13	-0.00405894969207124	0.008333418414753232	0.6262111317683029	-0.037148594791717	0.029030695407574518
1,3,14	-0.004009464272952852	0.008333497196462305	0.630428438274214	-0.03709942219246002	0.029080493646554316
1,3,15	0.0061029207120600615	0.008333930883822154	0.46398943295489914	-0.026988759257163965	0.03919460068128409
1,3,16	0.010076033352158273	0.00833422072043268	0.22666919316465348	-0.02301679747618525	0.043168864180501795
1,4,5	-0.010961848441727345	0.008335693212735452	0.18849807287917772	-0.044060526120101154	0.022136829236646463
1,4,6	0.0001927578439114841	0.008333370029445083	0.9815459790600121	-0.03289669513137485	0.03328221081919782
1,4,7	0.0021159838975496614	0.008337718328250263	0.7996628545867945	-0.030990734941166248	0.03522270273626557
1,4,8	-0.016202883172433707	0.00833463490219424	0.05189478074223776	-0.04929735859928586	0.01689159225441845
1,4,9	-0.004684606856868417	0.0083336396066559	0.574027971739691	-0.03777513024693401	0.028405916533197177
1,4,10	0.012058616584013485	0.008336628272914797	0.14805260714260052	-0.021043773953590646	0.045161007121617615
1,4,11	0.00681229394756587	0.008337984746983246	0.41392051642209826	-0.02629548276450807	0.03992007065963981
1,4,12	0.0002408135429552427	0.008333736913507899	0.9769474471266423	-0.03285009622506933	0.03333172331097982
1,4,13	-0.005773962976622901	0.008333258266089012	0.48838628124675854	-0.03886297217126563	0.027315046218019827
1,4,14	-0.0022620242881050967	0.008333220912550367	0.7860484707381274	-0.035350885162421714	0.03082683658621152
1,4,15	0.003236532466494746	0.008333819596748775	0.6977500369975824	-0.029854705613269396	0.03632777054625889
1,4,16	0.0027776936357150755	0.00833394427111707	0.7389098507880001	-0.030314039490666737	0.03586942676209689
1,5,6	0.006895467406082878	0.008333088845785893	0.40796797336401946	-0.026192869068503828	0.039983803880669584
1,5,7	0.009361958443761961	0.00833656559373946	0.26144200460776174	-0.023740183212583137	0.04246410010010706
1,5,8	0.007500238202020809	0.008334007093026131	0.36814719362893367	-0.02559174437237524	0.04059222077641686
1,5,9	-0.012866983390678988	0.008333274751055917	0.12258150749323662	-0.04595605804245794	0.020222091261099966
1,5,10	0.012302956704519322	0.008334896803379538	0.1399279761065264	-0.020792558657788056	0.0453984720668267
1,5,11	-0.008522456127146263	0.008337481199635411	0.30669681620419914	-0.041628233395270386	0.02458332114097786
1,5,12	0.0027727159778020705	0.00833351574966619	0.7393477867634148	-0.030317315611224784	0.035862747566828924
1,5,13	4.9601021871160944e-05	0.008333011149193091	0.9952507564851645	-0.033038426941543624	0.033137628985285945
1,5,14	0.0031914054964168326	0.008333054622554563	0.701734793673761	-0.02989679508740782	0.036279606080241486
1,5,15	0.002199123311025397	0.008333443799854161	0.791864541500064	-0.030890622585668916	0.03528886920771971
1,5,16	0.0028984015449687317	0.008333644560152401	0.7279951568992598	-0.030192141514029	0.03598894460396646
1,6,7	-0.0023393628652053633	0.008333347381565508	0.7789237319730523	-0.035428725912174164	0.030750000181763437
1,6,8	0.0030675386077313738	0.00833247521939135	0.7127681851300692	-0.030018361330177504	0.03615343854564025
1,6,9	-0.016558140296262236	0.008332247722861686	0.04690059445603828	-0.049643136909862495	0.016526856317338023
1,6,10	-0.005481392732175849	0.008332744312807725	0.5106602970493134	-0.03856836116385323	0.027605575699501533
1,6,11	0.0040586067079786264	0.008333677409572538	0.6262510238929893	-0.02903206678676587	0.03714928020272312
1,6,12	-0.0009247475328159824	0.008332268921659197	0.9116294825171417	-0.03400982832083918	0.032160333255207216
1,6,13	0.005036361086305952	0.008332141245734007	0.5455468085989157	-0.028048212736766963	0.038120934909378866
1,6,14	1.579784048991173e-05	0.00833208274851601	0.9984871975059318	-0.03306854370669255	0.033100139387672374
1,6,15	0.005487387903402183	0.008332358857489413	0.5101784712463281	-0.027598049994339437	0.0385728258011438
1,6,16	0.001400421658129744	0.008332359998764576	0.8665285677831115	-0.03168502077129242	0.03448586408755191
1,7,8	0.007215338423612688	0.008334601745272044	0.38665313921286193	-0.02587900534648909	0.04030968219371447
1,7,9	0.0038388426178590437	0.008333560191360062	0.6450523426246461	-0.029251365436551484	0.03692905067226957
1,7,10	-0.01830897232785028	0.008336612626682512	0.02808036434450363	-0.05141130073869589	0.014793356082995326
1,7,11	-0.009801003589672314	0.008338282441269296	0.23983021591526402	-0.04290996236147053	0.023307955182125903
1,7,12	-0.0032429572527325895	0.008333617125406543	0.6971727004675653	-0.036333391376122064	0.029847476870656885
1,7,13	-0.0042169211070436224	0.008333303811630523	0.6128357236645731	-0.037306111150136476	0.02887226893604923
1,7,14	0.008089237394629224	0.008333300214985793	0.3316952608566519	-0.02499993836720571	0.04117841315646416
1,7,15	0.006088445959679334	0.008333739709158357	0.4650397326535568	-0.027002474909081683	0.03917936682844035
1,7,16	-0.009403812161128969	0.00833376569018409	0.25915577314339394	-0.04249483619318721	0.023687211870929273
1,8,9	0.001601994990881643	0.008332600881046977	0.8475420678376124	-0.03148440391388338	0.034688393895646666
1,8,10	0.005366326498886104	0.008333620394459491	0.5196186278215613	-0.027724120604987065	0.03845677360275927
1,8,11	-0.010153306498737094	0.008335108895777064	0.22317637799166756	-0.04324966401990572	0.022943051022431535
1,8,12	0.0012868471775961676	0.00833282180688163	0.8772702949405147	-0.03180042896110794	0.03437412331630028
1,8,13	-0.0007676212917652192	0.00833249898672795	0.9265999884487169	-0.03385361560303853	0.032318373019508094
1,8,14	0.003543853059897739	0.008332432607072733	0.6706133658032729	-0.029541877676558657	0.036629583796354136
1,8,15	-0.004667679860565821	0.008332826403690296	0.575375256265636	-0.037754974251895654	0.028419614530764012
1,8,16	-0.004121887555866538	0.00833315766846335	0.6208581474020504	-0.03721049730581979	0.028966722194086712
1,9,10	-0.0011762423838353048	0.008332900399295153	0.8877468238262998	-0.03426383059076179	0.03191134582309118
1,9,11	0.0018553706450929186	0.008334000447829126	0.8238268091658801	-0.031236585543107265	0.0349473268332931
1,9,12	-0.010816512864050748	0.00833250497344958	0.19425408067039757	-0.04390253094690065	0.022269505218799154
1,9,13	0.009013949787437303	0.008332145675911482	0.2793330248173944	-0.024070641626616054	0.04209854120149066
1,9,14	0.0036733849611366304	0.008332078627669614	0.6593067582688316	-0.029410940223331516	0.03675771014560478
1,9,15	0.0005539835635104406	0.008332368525901464	0.9469913327504937	-0.032531492724758033	0.033639459851778915
1,9,16	-0.0051505102581016204	0.008332430521924967	0.5364930658360949	-0.0382362327150266	0.02793521219882336
1,10,11	0.013955524210622211	0.008336716082024978	0.09413881746139889	-0.019147214992097213	0.047058263413341635
1,10,12	-0.013312033266707851	0.008333150105599131	0.11016395308132015	-0.046400612986668546	0.019776546453252844
1,10,13	0.0028841531920398567	0.008332686326611868	0.7292497364827162	-0.030202584992871304	0.03597089137695102
1,10,14	-0.005615440480406103	0.00833260702170576	0.5003699874900618	-0.03870186376798856	0.02747098280717635
1,10,15	-0.0011617150132935128	0.008333191381896112	0.8891280563127197	-0.03425045862974304	0.031927028603156014
1,10,16	0.0011293474177812846	0.008333256795391708	0.8921988641422993	-0.03195965593713885	0.03421835077270142
1,11,12	-0.0008755075151579278	0.00833418867236905	0.9163363728358404	-0.033968211089714484	0.03221719605939863
1,11,13	-0.0007341301636265701	0.008333717202357925	0.9298041824041023	-0.03382496166425538	0.03235670133700224
1,11,14	0.006012527118997829	0.008333698365492675	0.47062204788776896	-0.027078229585772322	0.03910328382376798
1,11,15	-0.0028636298357642004	0.008334285783301086	0.7311510446805412	-0.03595671901033703	0.030229459338808627
1,11,16	0.023410950235946998	0.008334437071074334	0.00497198678179143	-0.009682739659539571	0.05650464013143357
1,12,13	-0.00339220756012696	0.008332230648373662	0.6839221322529769	-0.03647713637576954	0.02969272125551562
1,12,14	0.0016836370462258443	0.008332182589614441	0.8398670697085003	-0.03140110094169066	0.034768375034142346
1,12,15	0.005624428989417771	0.008332498966494416	0.49967883220947285	-0.027461565241513913	0.038710423220349455
1,12,16	-0.006951374819022527	0.00833257202758638	0.4041482393966349	-0.04003765915486474	0.02613490951681969
1,13,14	-0.0034242682353731596	0.0083322778551951	0.6811001510544453	-0.03650938449593809	0.02966084802519177
1,13,15	-0.004731410584381604	0.008332250346974487	0.5701435531246408	-0.03781641761759083	0.028353596448827623
1,13,16	-6.795177126049656e-05	0.008332261397400608	0.9934931405855199	-0.033153002682583164	0.03301709914006217
1,14,15	0.006386039990823211	0.008332300482918534	0.44342942604785707	-0.026699166118024933	0.039471246099671356
1,14,16	0.005403773233562448	0.008332303204634902	0.5166426605365784	-0.027681443682450797	0.03848899014957569
1,15,16	-0.012632593864238248	0.00833258893704134	0.1295125530395605	-0.04571894534273857	0.020453757614262075
2,3,4	0.12888994582662996	0.008342489225577952	9.492588256765254e-54	0.09576428310540114	0.1620156085478588
2,3,5	-0.11288910601682668	0.008342060687083604	1.149270412985423e-41	-0.14601306713302575	-0.0797651449006276
2,3,6	0.013608741432737503	0.008335553988464533	0.1025552089706614	-0.019489383425474797	0.046706866290949806
2,3,7	-0.18797585109336423	0.008343016622628938	5.723341315513973e-112	-0.22110360795896158	-0.15484809422776688
2,3,8	-0.055744457631220004	0.008338857128107604	2.3299145027549105e-11	-0.08885569832174312	-0.022633216940696886
2,3,9	-0.009803331118249659	0.00833631163826286	0.23960752445724462	-0.042904464389299124	0.023297802152799807
2,3,10	0.07363108395723861	0.008341164759047783	1.0977544977590406e-18	0.04051068031760732	0.10675148759686989
2,3,11	-0.16224017226893264	0.008344481309263184	5.908073869177832e-84	-0.19537374499046056	-0.12910659954740472
2,3,12	0.0032100478440222346	0.008336736872251388	0.7002027959653584	-0.029892773910799968	0.03631286959884444
2,3,13	-0.004215873201767195	0.008335426511784478	0.6130144509244378	-0.03731349188617523	0.028881745482640837
2,3,14	-0.002552263475180852	0.008335445079765635	0.7594579313118749	-0.03564995588778495	0.030545428937423243
2,3,15	0.02222992783090623	0.008336862437767215	0.007667377198788019	-0.01087339250902819	0.05533324817084065
2,3,16	-0.07307982293081403	0.008337604600102085	1.9115850669467145e-18	-0.10618609018725317	-0.03997355567437489
2,4,5	-0.02288774344036757	0.008339790881522965	0.006063827097300178	-0.05600269180133121	0.010227204920596068
2,4,6	0.010979914142485947	0.008335340598779486	0.18775211204704612	-0.02211736340570366	0.04407719169067555
2,4,7	-0.14007326819480376	0.008343317698638372	4.0504960032417765e-63	-0.17320222054799148	-0.10694431584161604
2,4,8	-0.020357093193807713	0.008338956323641936	0.014641111604236636	-0.05346872776171261	0.012754541374097185
2,4,9	-0.011797646644771759	0.008336138725287998	0.15700273178654559	-0.04489809332735458	0.021302800037811064
2,4,10	0.03292135282542652	0.008341404316961738	7.930826093243075e-05	-0.00020000203085549645	0.06604270768170853
2,4,11	0.11578712229192217	0.008342454542278032	9.811929268307148e-44	0.0826615972882575	0.14891264729558684
2,4,12	-0.006095710954103897	0.008336734770742423	0.4646677358075849	-0.03919852436442899	0.027007102456221198
2,4,13	-0.003967538073120724	0.008335302826888024	0.634081672010324	-0.03706466563982362	0.029129589493582173
2,4,14	-0.006596006655876632	0.008335188870775067	0.428745904669094	-0.039692681735119154	0.02650066842336589
2,4,15	0.003071563516327716	0.008336331124226848	0.7125351720508231	-0.030029647127967726	0.03617277416062316
2,4,16	-0.050525008636119695	0.008337845160889893	1.3712758154237426e-09	-0.08363223109133769	-0.0174177861809017
2,5,6	-0.0011528783758277886	0.008334568461708533	0.8899840858639023	-0.03424708998632238	0.0319413332346668
2,5,7	-0.06673073523094575	0.008340229379156645	1.2542492829883538e-15	-0.0998474247418617	-0.033614045720029795
2,5,8	0.06345441070724384	0.008336931810242105	2.752272675163778e-14	0.030350814908852934	0.09655800650563473
2,5,9	0.009949993824214354	0.008335254041885029	0.23259038559976858	-0.023146940031054053	0.04304692767948276
2,5,10	-0.03731485572628271	0.008339001570125727	7.66381476189455e-06	-0.0704266699551642	-0.004203041497401229
2,5,11	-0.08920947901641363	0.008342286199985673	1.1488489126249247e-26	-0.12233433558049778	-0.05608462245232948
2,5,12	0.006534485285512759	0.008335594310654401	0.4330867421690042	-0.026563799680699163	0.03963277025172468
2,5,13	-0.011936737382976487	0.00833441892045305	0.1520852734465412	-0.04503035520748489	0.021156880441531918
2,5,14	-0.006077848751329509	0.008334439250025924	0.46585446997911095	-0.039171547298815924	0.027015849796156906
2,5,15	0.02113308384777393	0.00833567013610321	0.011238808946378631	-0.011965502199826887	0.05423166989537475
2,5,16	-0.0179507487767938	0.008336333109461613	0.03129772718934007	-0.05105196730389441	0.015150469750306816
2,6,7	-0.008043933658650637	0.00833515808753568	0.33451809606991834	-0.04114048650636516	0.025052619189063888
2,6,8	-0.007029748353803267	0.008333529285278909	0.39892412840361635	-0.04011983368891592	0.026060336981309384
2,6,9	-0.003988313861238824	0.008333078322312634	0.6322161168191516	-0.037076608550092705	0.029099980827615057
2,6,10	0.009927477513740568	0.008334760281205304	0.23362141893299299	-0.023167495757666197	0.04302245078514733
2,6,11	0.0005259880086425361	0.008336037063091346	0.9496885957379659	-0.032574055002140806	0.03362603101942588
2,6,12	-0.0018496966479147336	0.008333205120585236	0.8243402805737309	-0.03493849481680896	0.031239101520979494
2,6,13	-0.009167739087944049	0.008332805540038256	0.2712498941483363	-0.04225495063561872	0.02391947245973062
2,6,14	0.002126453719865789	0.00833280364765993	0.7985766703847752	-0.030960750313710334	0.035213657753441915
2,6,15	-0.00029651394313973123	0.008333309813468111	0.9716159541518188	-0.03338572781783035	0.03279269993155089
2,6,16	0.005976406473916035	0.008333483199733373	0.47328057227635256	-0.027113495868543412	0.03906630881637548
2,7,8	0.008116939937568873	0.008338674870703739	0.33035386978196735	-0.024993577060405697	0.041227456935543444
2,7,9	0.023457735279485005	0.008335859963401603	0.004893293446257876	-0.00964160451857228	0.05655707507754229
2,7,10	-0.07162104681042514	0.008340956214007962	9.152485497984112e-18	-0.10474062237674828	-0.038501471244102005
2,7,11	-0.1771884512225918	0.008342763358914191	9.406274467178416e-100	-0.210315202449684	-0.14406169999549961
2,7,12	0.012741115474254161	0.008336451614775902	0.1264277047873631	-0.020360573603897307	0.04584280455240563
2,7,13	0.0014147513658897964	0.008335000398653562	0.8652181406916798	-0.031681175343919996	0.03451067807569959
2,7,14	0.007433672929695295	0.008334984824511033	0.37246922965762574	-0.025662191939603986	0.040529537798994576
2,7,15	-0.010660586697353439	0.008336262775836508	0.2009648477598187	-0.04376152594954219	0.022440352554835313
2,7,16	0.05849464007894836	0.008337302446674579	2.3057383303538914e-12	0.025389572588221714	0.091599707569675
2,8,9	0.008966297620541644	0.008334172751592313	0.28199964510146	-0.02412634273711811	0.0420589379782014
2,8,10	0.08264024628950326	0.00833734798062726	3.836361335092979e-23	0.04953499799634245	0.11574549458266406
2,8,11	-0.16770943044936834	0.008338901265308278	1.114710202250501e-89	-0.20082084639621883	-0.13459801450251785
2,8,12	0.010018195673549182	0.008334926913577219	0.22938600123726643	-0.023077439247828145	0.04311383059492651
2,8,13	0.00363349638301709	0.00833344142344466	0.6628281275681234	-0.02945624007762792	0.0367232328436621
2,8,14	0.0012923459082730682	0.00833335130089059	0.8767578187941176	-0.031797032701225955	0.03438172451777209
2,8,15	-0.022321199316580984	0.008334549199727998	0.007404851236207639	-0.05541533444320448	0.01077293581004251
2,8,16	0.0005897797809088223	0.008336110347153761	0.9435969528179736	-0.03251055422013759	0.03369011378195524
2,9,10	-0.01821276434238124	0.008335428773538085	0.028893807049077496	-0.05131039200757248	0.014884863322809999
2,9,11	-0.044893725111221694	0.00833687473311611	7.271936930238452e-08	-0.07799709427250542	-0.011790355949937971
2,9,12	0.012242981807349632	0.008333985884536654	0.1418261675248696	-0.020848916554139424	0.04533488016883869
2,9,13	0.00342984881416903	0.008332954975831499	0.6806336287215826	-0.02965795610073113	0.03651765372906919
2,9,14	0.003661998155891983	0.008332899933749536	0.6603278549997604	-0.02942558820248466	0.03674958451426863
2,9,15	0.01510255508041411	0.008333627526022498	0.06995346216801382	-0.017987920340876616	0.048193030501704835
2,9,16	-0.011739991069205757	0.00833402338073327	0.15893406047919975	-0.04483203831747535	0.021352056179063834
2,10,11	-0.16346728920512119	0.00834107825930952	2.893837528770628e-85	-0.19658734937878233	-0.13034722903146004
2,10,12	0.011575382843731136	0.008335914462389125	0.16495449689403982	-0.021524173354375405	0.044674939041837676
2,10,13	0.006863831164475566	0.00833463617939896	0.4102092132690972	-0.026230649333794924	0.039958311662746056
2,10,14	-0.006232639106630827	0.008334537240488327	0.45457836415438957	-0.039326726746499584	0.02686144853323793
2,10,15	0.001188442528968714	0.008335937968619358	0.8866313977456184	-0.0319112070057228	0.03428809206366023
2,10,16	-0.024230154361389117	0.00833669495897281	0.003656869369727169	-0.05733280969044891	0.008872500967670678
2,11,12	-0.01771536281722022	0.008337445835369744	0.03360759920678349	-0.050820999663857995	0.015390274029417554
2,11,13	0.002733846295482678	0.008336035388420163	0.7429466105446922	-0.030366190065655545	0.0358338826566209
2,11,14	-0.016541403748705247	0.008335973527672425	0.04722229773164318	-0.04964119447832872	0.01655838698091823
2,11,15	0.028302020306196288	0.008337304679267831	0.00068764991697514	-0.004803056049526057	0.06140709666191863
2,11,16	-0.053967436707775825	0.008337969801575681	9.710385521160809e-11	-0.0870751540758678	-0.020859719339683856
2,12,13	-0.005442551967916376	0.0083331986621433	0.5136833662263031	-0.038531324492166244	0.027646220556333492
2,12,14	0.0012905965369357092	0.008333078099311624	0.8769193109893818	-0.031797697266444304	0.03437889034031572
2,12,15	-0.0007319280966072705	0.008333882734689232	0.9300155838031101	-0.033823416879256836	0.032359560686042295
2,12,16	-0.002192231409486753	0.008334272370475355	0.7925220492439542	-0.03528526732552616	0.03090080450655265
2,13,14	-0.006908679070092391	0.00833286082087727	0.407057465243876	-0.039996110122327226	0.026178751982142444
2,13,15	0.01304611397579905	0.008333303436591595	0.11746152268854486	-0.0200430745781204	0.0461353025297185
2,13,16	-0.009456181522027166	0.008333377504391845	0.25649035358235184	-0.04254566417821073	0.023633301134156397
2,14,15	-0.00031326824388899777	0.008333197613894044	0.9700124662657574	-0.033402036605837855	0.03277550011805986
2,14,16	0.005883834855465869	0.008333386959141733	0.4801561422857874	-0.027205685342852594	0.03897335505378433
2,15,16	0.016305295824762117	0.00833431139173385	0.05042176141613932	-0.016787895033646756	0.04939848668317099
3,4,5	-0.6724989797648254	0.00834352946339511	0.0	-0.7056287729759055	-0.6393691865537453
3,4,6	0.06077852320943586	0.008336869306199741	3.128042230981858e-13	0.027675175596900525	0.09388187082197119
3,4,7	0.21922929915261707	0.008347289572444266	3.267377621278309e-151	0.18608457561309544	0.2523740226921387
3,4,8	0.15688905407923076	0.00834123615061183	1.0499831562928156e-78	0.12376836696391161	0.1900097411945499
3,4,9	0.01506696400893276	0.008337711684382257	0.07075359243876098	-0.018039728448864367	0.048173656466729886
3,4,10	0.21099651396551047	0.008344191506779137	2.2485850666293396e-140	0.17786409196759545	0.2441289359634255
3,4,11	0.5115021677382641	0.008348265181497996	0.0	0.47835357033141246	0.5446507651451157
3,4,12	0.026956048345967324	0.008338348117784155	0.0012265466238477838	-0.006153171208676523	0.060065267900611174
3,4,13	-0.010422702406926256	0.008336843328695985	0.21123196770807406	-0.043525946870149136	0.022680542056296625
3,4,14	0.006395729182494203	0.00833666637655065	0.4429769806428645	-0.026706812653859685	0.03949827101884809
3,4,15	0.015125717211463219	0.008337956094777855	0.06967019453731234	-0.01798194573081536	0.048233380153741796
3,4,16	0.03146269902061069	0.008338959130253067	0.00016145856853396845	-0.0016489466915523832	0.06457434473277376
3,5,6	0.018972464592121263	0.008337849051645944	0.02288152253055574	-0.014134773312187425	0.05207970249642995
3,5,7	-0.2507416430789694	0.008343678461393993	5.1202137516460773e-197	-0.2838720279189176	-0.21761125823902122
3,5,8	-0.016297621697960705	0.008340841781949061	0.05071105829509514	-0.04941674288697688	0.016821499491055467
3,5,9	0.01708107421061293	0.008338571274273836	0.0405208988157893	-0.016029031435269556	0.05019117985649542
3,5,10	-0.3228941873539692	0.008341362016428416	0.0	-0.35601537424680985	-0.2897730004611285
3,5,11	-0.05715620346770136	0.008345829422186207	7.532172137027826e-12	-0.09029512916395788	-0.024017277771444835
3,5,12	0.017331938331536817	0.008338991771078821	0.037674598783894446	-0.015779836988103785	0.05044371365117742
3,5,13	0.0012058096774614085	0.008337844157072175	0.8850122520027447	-0.03190140879188064	0.034313028146803454
3,5,14	-0.0029040252340305356	0.008337818998316612	0.7276193983932027	-0.03601114380507739	0.030203093337016318
3,5,15	0.004567644156773326	0.008338855026512111	0.5838625203140868	-0.028543588188909105	0.03767887650245576
3,5,16	-0.08640156281060626	0.008339606805388417	3.9327038143541266e-25	-0.11951578025735675	-0.05328734536385578
3,6,7	-0.004964741448831078	0.008337829164089226	0.5515463628311879	-0.03807190038528277	0.028142417487620613
3,6,8	-0.006684255373628947	0.008335020541794644	0.42258589552700787	-0.03978026206614888	0.026411751318890987
3,6,9	-0.014028699749886658	0.008333974772691898	0.09231918747465255	-0.04712055398938626	0.019063154489612946
3,6,10	-0.023211183773821836	0.008335369117356377	0.005359953318330732	-0.05630857456120586	0.009886207013562187
3,6,11	0.03914707188555075	0.00833939447797158	2.6816799898748476e-06	0.006033697530856655	0.07226044624024484
3,6,12	-0.008354709809679839	0.008333977617038973	0.31611195990697044	-0.041446575343276365	0.024737155723916687
3,6,13	0.0017002870096511843	0.008333636000317534	0.8383330331087661	-0.031390222060665815	0.034790796079968184
3,6,14	-0.006089929437191832	0.008333491838177106	0.46491769933781324	-0.03917986608046555	0.027000007206081887
3,6,15	-0.014021706091343067	0.008333987162349262	0.09248215377793555	-0.0471136095266642	0.019070197343978065
3,6,16	-0.0074399240272572525	0.008334099096297308	0.3720165113733327	-0.04053227192059443	0.025652423866079924
3,7,8	-0.13243119889435093	0.008341588096780811	1.1961577951136554e-56	-0.16555328348826123	-0.09930911430044062
3,7,9	-0.06319137647192366	0.008338572754120204	3.551432036900645e-14	-0.0963014879938571	-0.03008126494999023
3,7,10	-0.07079942840682539	0.008345042555978243	2.221932981054819e-17	-0.10393522968015406	-0.03766362713349672
3,7,11	-0.11585363544886725	0.008347791117754187	9.936204470465247e-44	-0.149000350482813	-0.0827069204149215
3,7,12	-0.0430559975877656	0.008339048631224621	2.4352583116686626e-07	-0.07616799868294646	-0.009943996492584734
3,7,13	0.01208453677308681	0.00833786510420691	0.14724309042511577	-0.021022764871396545	0.045191838417570164
3,7,14	-0.005890203444205724	0.008337692590514787	0.4799079221335977	-0.03899682008566114	0.02721641319724969
3,7,15	-0.028865003402268122	0.008338830464954096	0.000537495319231871	-0.061976138220957745	0.004246131416421502
3,7,16	-0.09727845518379957	0.008339621242014567	2.081803000245822e-31	-0.13039272995430506	-0.06416418041329407
3,8,9	-0.000691223809582614	0.008335798638282191	0.9339135646898212	-0.03379032010295358	0.032407872483788354
3,8,10	-0.1759730977298048	0.008338689930184466	1.6295608162704342e-98	-0.20908367452471358	-0.14286252093489601
3,8,11	-0.3457518356389676	0.008342127992152979	0.0	-0.3788760640045412	-0.312627607273394
3,8,12	-0.006477094099199613	0.008336317912359654	0.4371775993228266	-0.03957825228291108	0.02662406408451185
3,8,13	0.016169461041941904	0.00833500566878047	0.05239069775401142	-0.016926486594049717	0.049265408677933525
3,8,14	-0.005754326628547621	0.008334872072097686	0.4899504227157775	-0.038849743789936886	0.027341090532841644
3,8,15	0.0012711035841321827	0.008335822582625297	0.8788034242925167	-0.03182808778544594	0.03437029495371031
3,8,16	-0.02463832230859843	0.008336872894093477	0.003124365284159423	-0.05774168416764395	0.008465039550447091
3,9,10	0.09002931150855463	0.008336159053754845	3.6413494200025245e-27	0.05692878410738552	0.12312983890972373
3,9,11	-0.11962181306229552	0.008340239981668163	1.4006382404715214e-46	-0.15273854467278286	-0.0865050814518082
3,9,12	0.013118993261821824	0.00833479541947138	0.11549175855912899	-0.019976119533690898	0.046214106057334545
3,9,13	0.0036830083368328548	0.008333932300120772	0.6585419270198701	-0.029408677256111987	0.036774693929777696
3,9,14	0.0001361638060300846	0.008333765399079688	0.9869641477135243	-0.032954859070135	0.03322718668219517
3,9,15	-0.012006947963382114	0.008334369719665691	0.14968724912355713	-0.045100370425494044	0.021086474498729815
3,9,16	-0.011089623009650638	0.008334607417709963	0.18334148999319844	-0.04418398930339737	0.02200474328409609
3,10,11	0.3558219586323287	0.008344832923054827	0.0	0.3226869897519859	0.38895692751267147
3,10,12	0.059200290491718086	0.0083365948287341	1.2492828361210456e-12	0.02609803275148652	0.09230254823194965
3,10,13	-0.001941580412215399	0.008335357028812537	0.8158141232650791	-0.03503892319941444	0.031155762374983645
3,10,14	0.017023848916484882	0.008335219618969662	0.04111605772807247	-0.016072948255132696	0.05012064608810246
3,10,15	0.023388395031117087	0.008336414755305206	0.005024303195854138	-0.009713147688512197	0.05648993775074637
3,10,16	0.001041909454161466	0.00833699184041975	0.9005443194577387	-0.03206192470706863	0.03414574361539156
3,11,12	-0.07726234795044667	0.008340530114456157	2.0385853693552354e-20	-0.11038023159609037	-0.04414446430480298
3,11,13	0.01837232464455249	0.008339423353354651	0.027593487474759138	-0.014741164366112343	0.05148581365521732
3,11,14	-0.012175414095152076	0.008339278236958462	0.14429281231889024	-0.045288326889694176	0.020937498699390024
3,11,15	0.03272404901424966	0.00834032943041728	8.733076648309994e-05	-0.0003930377718949496	0.06584113580039427
3,11,16	-0.1602504824470814	0.008341016661206199	5.00835547158367e-82	-0.19337029803211442	-0.12713066686204838
3,12,13	-0.0031655056929381503	0.008334036272140941	0.7040738959247925	-0.03625760412933768	0.029926592743461378
3,12,14	0.0015168976632463707	0.008333845382595665	0.8555703335611509	-0.03157444280481507	0.03460823813130781
3,12,15	-0.013119976654851609	0.008334591358419208	0.1154555762696525	-0.04621427918170159	0.01997432587199837
3,12,16	-0.0019852223310684036	0.00833485577286652	0.8117398063880339	-0.03508057477282548	0.031110130110688673
3,13,14	-0.007687775374971263	0.008333643965017673	0.3562720547328345	-0.04077831607085749	0.025402765320914962
3,13,15	-0.020969518014890054	0.008333969867166603	0.011866927387500682	-0.0540613527759376	0.012122316746157491
3,13,16	-0.0023654194478657936	0.008334006964898643	0.776543593498644	-0.035457401513503864	0.030726562617772277
3,14,15	0.015058441679590015	0.008333840114770619	0.07078214459259488	-0.01803287787142964	0.04814976123060967
3,14,16	0.0012998166330075583	0.008334018310759181	0.8760609693287092	-0.03179221048383037	0.03439184374984549
3,15,16	-0.021756226941954837	0.00833468338127045	0.009047776997029211	-0.054850894865492834	0.01133844098158316
4,5,6	-0.038724352793195305	0.008335779985790916	3.398407320783667e-06	-0.07182337502280446	-0.005625330563586148
4,5,7	-0.1147906690510244	0.00834312957475008	5.209968106111852e-43	-0.1479188744175149	-0.08166246368453392
4,5,8	-0.4092532468110534	0.00833823653956252	0.0	-0.44236202332017005	-0.37614447030193676
4,5,9	-0.04818446695809303	0.008336577890172434	7.510194889866791e-09	-0.081286657440092	-0.015082276476094059
4,5,10	-0.21042982212427538	0.00834103026497457	9.696642378095268e-140	-0.243549691726021	-0.17730995252252976
4,5,11	-0.4292634578443726	0.00834478468660583	0.0	-0.46239823519143347	-0.3961286804973117
4,5,12	-0.11058755187249242	0.008336719276735101	4.1743751409615555e-40	-0.14369030376050124	-0.0774847999844836
4,5,13	-0.0004681016606287447	0.008335623960623305	0.9552171024487479	-0.033566504358472436	0.03263030103721495
4,5,14	-0.0002765974070242372	0.008335615277868106	0.9735290766864935	-0.033374965628105366	0.03282177081405689
4,5,15	-0.055400449256510165	0.008336747653359868	3.049854488487408e-11	-0.08850331382006171	-0.022297584692958623
4,5,16	0.01948622543518727	0.008337166978741841	0.01942816269179907	-0.013618304150733264	0.052590755021107806
4,6,7	0.004623987778904992	0.008337798382621707	0.5791829884139037	-0.028483048933054277	0.03773102449086426
4,6,8	0.00812943672611624	0.00833461457791065	0.32937432605169237	-0.02496495799876016	0.04122383145099264
4,6,9	-0.008232834932704616	0.008333781342865167	0.32321173810438175	-0.0413239211171277	0.02485825125171847
4,6,10	0.0033962832798725834	0.008336605443873626	0.683719992819768	-0.0297060166100726	0.036498583169817765
4,6,11	-0.016169504490946257	0.008338025858229304	0.05247553013246079	-0.04927744444413855	0.016938435462246035
4,6,12	-0.002791448658578194	0.008333809049273952	0.7376603575559612	-0.0358826448573061	0.03029974754014971
4,6,13	0.007320053696963466	0.008333460735997375	0.3797338163544034	-0.025769759448360442	0.040409866842287374
4,6,14	-0.003022911068310631	0.008333272958366694	0.7167913980925349	-0.03611197860182824	0.03006615646520698
4,6,15	0.0054416672111522735	0.008333812095478559	0.5137827984420793	-0.027649541083191655	0.0385328755054962
4,6,16	-0.006864068582948024	0.008333975998415549	0.41015594073815165	-0.03995592768944921	0.02622779052355316
4,7,8	-0.012034423680555373	0.008341279081498705	0.14909440670791826	-0.04515528126227137	0.021086433901160627
4,7,9	-0.032368013249957917	0.008338610311073733	0.00010383266540602815	-0.06547827389992038	0.0007422474000045448
4,7,10	-0.11652079132630332	0.00834336902934033	2.939005794476249e-44	-0.14964994749917535	-0.08339163515343129
4,7,11	0.19439019002595118	0.008346839527419938	1.8291085820765156e-119	0.16124725348780072	0.22753312656410163
4,7,12	0.004386258998787668	0.008339244095854178	0.5989053342723234	-0.028726518231095628	0.037499036228670964
4,7,13	-0.0013085787604360521	0.008337734217698607	0.8752874613774618	-0.03441536069165259	0.031798203170780484
4,7,14	-0.00852465499107341	0.008337561807340573	0.30657671052868285	-0.04163075232957242	0.024581442347425597
4,7,15	0.012206626473440174	0.008338699335920997	0.14323921246501567	-0.020903987668985338	0.045317240615865687
4,7,16	-0.065006597285996	0.008339725427261737	6.548448609954684e-15	-0.09812128574662024	-0.03189190882537176
4,8,9	0.003543054854211622	0.008335351183841102	0.6707917191150155	-0.029554264724260725	0.03664037443268397
4,8,10	-0.0637417057634852	0.008339785986801731	2.150570799720448e-14	-0.09685663468889666	-0.03062677683807375
4,8,11	0.06838304471793559	0.008341489337643365	2.4907828829158115e-16	0.035261352268598584	0.1015047371672726
4,8,12	-5.0047453957924315e-05	0.008335983666150269	0.9952097203615345	-0.03314987844060643	0.03304978353269058
4,8,13	-0.009342907732390202	0.008334609341978364	0.2623017956292656	-0.042437281666861934	0.02375146620208153
4,8,14	-0.0019683452328339013	0.008334419336833212	0.8133010192441505	-0.03506196471067004	0.031125274245002235
4,8,15	-0.004804719197028934	0.008335457025680436	0.564333784444397	-0.03790245904347848	0.02829302064942061
4,8,16	-0.009819280613253017	0.008336887325119684	0.23887625712787813	-0.04292269977381778	0.023284138547311747
4,9,10	-0.0035884322818929976	0.008337448829198242	0.6669066610160799	-0.036694081016176106	0.02951721645239011
4,9,11	0.009158722320154924	0.00833899331124223	0.27207738748518534	-0.023953059115038512	0.04227050375534836
4,9,12	-0.010394613601426766	0.0083345731268922	0.21234049845422456	-0.04348884373604485	0.022699616533191316
4,9,13	0.006250483237100646	0.008333725870243355	0.4532438523890723	-0.026840382681247082	0.039341349155448374
4,9,14	-0.004342621446312089	0.008333597605142093	0.6023002979897727	-0.037432978060258165	0.028747735167633987
4,9,15	-0.0008726671138278852	0.008334229852865393	0.916607220392149	-0.03396553420447606	0.03222019997682029
4,9,16	0.000565103498491315	0.00833441981161214	0.945942208766801	-0.03252851786455752	0.03365872486154015
4,10,11	0.09887399180524897	0.008343589396872004	2.3207957069922373e-32	0.06574396061530093	0.13200402299519703
4,10,12	-0.022110743495099977	0.008337882491560783	0.008007408780132707	-0.05521811417984271	0.010996627189642755
4,10,13	0.0023760954461845563	0.008336526490220151	0.7756280387676766	-0.03072589094115668	0.03547808183352579
4,10,14	0.010270329476747553	0.00833632171359506	0.2179545176058825	-0.02283084380059347	0.043371502754088576
4,10,15	-0.004762303729956452	0.008337647277993148	0.5678791500167375	-0.03786874044821768	0.02834413298830478
4,10,16	-0.008444625985886578	0.008338175846331007	0.31117553937508946	-0.041553161499364874	0.024663909527591718
4,11,12	0.031618298126780464	0.008339427020433925	0.0001499256569218895	-0.0014952054448179111	0.06473180169837883
4,11,13	-0.015330594675596318	0.008338043311373645	0.065973999643001	-0.04843860393028331	0.017777414579090677
4,11,14	0.008705354098232032	0.008337896317316303	0.2964566303324918	-0.024402071484671405	0.04181277968113547
4,11,15	0.0180451171962856	0.00833904223661968	0.030473334707287112	-0.015066858507729541	0.05115709290030074
4,11,16	0.0317128213573348	0.00833973153645138	0.00014330907536912413	-0.001401891361151826	0.06482753407582142
4,12,13	0.014977477530551939	0.008333881264584531	0.07231196227489285	-0.018114005414728088	0.048068960475831965
4,12,14	-0.003182843155089321	0.008333668732361755	0.7025176828381237	-0.03627348219508656	0.02990779588490792
4,12,15	0.0017351517915975556	0.00833445306226953	0.8350810996840152	-0.031358601600397586	0.0348289051835927
4,12,16	0.0020954889413775935	0.008334491966909524	0.8014873519365147	-0.03099841892992796	0.03518939681268315
4,13,14	-0.004880355674732842	0.008333400644409402	0.5581209327307806	-0.03796993021337453	0.02820921886390885
4,13,15	-0.004045575616745442	0.008333845634055356	0.6273664936625831	-0.03713691708328212	0.02904576584979124
4,13,16	-0.007963107419319992	0.008333827914089511	0.3393203847257671	-0.04105437852488932	0.025128163686249337
4,14,15	-0.00025965124207388834	0.008333659917183895	0.9751444881676038	-0.03335025527949567	0.032830952795347895
4,14,16	0.0019010830377718113	0.008333808893766597	0.8195560646253685	-0.031190112543480412	0.034992278619024035
4,15,16	-0.015583562418998553	0.008334567449802592	0.06152308451523806	-0.04867777001150115	0.017510645173504043
5,6,7	0.0020553176726037514	0.008336513149350126	0.805261914911153	-0.03104661574191979	0.03515725108712729
5,6,8	-0.0023658496318855193	0.008333961739206064	0.7765028541586125	-0.03545765211910302	0.03072595285533198
5,6,9	-0.004886756379102103	0.008333294328160172	0.5575997637672476	-0.03797590876601922	0.028202396007815017
5,6,10	0.022089026924230815	0.008334887119810145	0.00804667806919283	-0.011006449987364199	0.05518450383582583
5,6,11	0.016648158851112177	0.008337401846600949	0.045850744280955195	-0.01645730332857917	0.049753621030803524
5,6,12	-0.004909809911874757	0.008333503319708283	0.5557525861781042	-0.03799979214505804	0.028180172321308525
5,6,13	-0.009794342415544888	0.00833313093372303	0.23985929554603355	-0.04288284600941369	0.023294161178323912
5,6,14	0.004034403395006603	0.008333102152551959	0.6282868896920037	-0.029053985916980628	0.03712279270699383
5,6,15	0.0016814721002577637	0.008333480699830718	0.8400947746901903	-0.031408420315796035	0.03477136451631156
5,6,16	0.005207550439832703	0.008333640366785139	0.5320500891630848	-0.027882975968490882	0.03829807684815629
5,7,8	-0.0727194690175033	0.008339023864035408	2.8385213062130918e-18	-0.10583137176918808	-0.03960756626581851
5,7,9	-0.010854309882885146	0.008337183547005175	0.19294996526632377	-0.04395890525668844	0.022250285490918148
5,7,10	0.001573046387904703	0.008342178424410394	0.8504340424780671	-0.031551382229884316	0.03469747500569372
5,7,11	-0.27465240727840623	0.008345662667030754	1.5942304554857392e-235	-0.3077906708371535	-0.24151414371965893
5,7,12	0.0044169829537243355	0.008337457550667181	0.5962692726296877	-0.028688700411042635	0.037522666318491306
5,7,13	-0.008497011191189667	0.008336417976714963	0.3080815290784873	-0.04159856670212503	0.024604544319745694
5,7,14	0.006337990487919304	0.008336381444895933	0.44708961385539736	-0.026763419965505873	0.03943940094134448
5,7,15	0.0018349051718893616	0.00833744441611636	0.8258095243127603	-0.03127072603929505	0.034940536383073775
5,7,16	-0.03422431137766904	0.008338002093194357	4.054922805417433e-05	-0.06733215696663611	-0.0011164657887019758
5,8,9	0.026748996103197017	0.008334394421716285	0.0013304595468843522	-0.006344524443763974	0.05984251665015801
5,8,10	0.03579636897176641	0.008336862135592113	1.7594514025525315e-05	0.0026930498316837734	0.06889968811184904
5,8,11	-0.3116632491748909	0.008340269026465244	2.5875270852952404e-302	-0.34478009611404403	-0.2785464022357378
5,8,12	0.03810289043082639	0.008334914089574666	4.8520911448501896e-06	0.005007306429932364	0.07119847443172042
5,8,13	-0.015438349182066324	0.008333928087527405	0.06396306943324395	-0.04853001804799561	0.01765331968386296
5,8,14	0.0020991938303107777	0.008333816154826723	0.8011279405369482	-0.030992030582555403	0.03519041824317696
5,8,15	0.014524997213754581	0.008334522656478816	0.0813819969679227	-0.01856903251714155	0.047619026944650714
5,8,16	0.03014577603241303	0.0083356615108569	0.00029886573565543294	-0.002952775766776737	0.0632443278316028
5,9,10	-0.015156640907525831	0.008335430319853647	0.06901701835348405	-0.048254274712698365	0.017940992897646703
5,9,11	-0.09334208564628438	0.00833806978669288	4.6111801078283686e-29	-0.12645020002696813	-0.060233971265600615
5,9,12	0.03121698688851411	0.008334133077362776	0.00018006634569980596	-0.0018754959340130453	0.06430946971104126
5,9,13	-0.0050690491716256225	0.008333306970114435	0.542998782486681	-0.03815825175616383	0.028020153412912585
5,9,14	0.006302497695943626	0.008333267569986258	0.4494687578237909	-0.026786548441840877	0.03939154383372813
5,9,15	0.00033957987350365093	0.008333728240803574	0.9674971996839148	-0.032751295457667536	0.03343045520467484
5,9,16	-0.006521552975735326	0.008333869844734183	0.433902585523426	-0.039612990576022904	0.026569884624552252
5,10,11	-0.5381903676995298	0.008341020660808067	0.0	-0.5713101991658495	-0.5050705362332101
5,10,12	-0.017542708733440215	0.008335819015835357	0.03533903042976913	-0.050641885940305345	0.015556468473424914
5,10,13	0.00017226455639358929	0.008334774976443462	0.9835104245766868	-0.03292276706564327	0.033267296178430446
5,10,14	-0.004231839273299731	0.008334753542364596	0.611641546594565	-0.037326785786678	0.02886310724007854
5,10,15	-0.01808286542768517	0.008335814625392119	0.030063790395722552	-0.05118202520134326	0.015016294345972923
5,10,16	-0.03227845720367645	0.00833590536089757	0.00010795722544691077	-0.0653779772623369	0.0008210628549840115
5,11,12	-0.021112715622214354	0.008338580738591495	0.011346016817010257	-0.05422285884822265	0.011997427603793943
5,11,13	0.006828321064489523	0.008337459094952267	0.4127934690560816	-0.026277368432196288	0.039934010561175334
5,11,14	-0.01289925631383411	0.008337450969413325	0.12183298613783661	-0.04600491354630536	0.020206400918637138
5,11,15	0.02393727141974053	0.008338357863561834	0.0040964609994540435	-0.009171986832627183	0.05704652967210824
5,11,16	-0.10517470938850548	0.008339219389128774	2.00511089967865e-36	-0.13828738851497738	-0.07206203026203359
5,12,13	-0.007864484274878666	0.008333519143075313	0.34531785902900736	-0.04095452933817238	0.02522556078841505
5,12,14	0.007153554903475766	0.008333489749474482	0.39066910328126114	-0.025936373446151205	0.04024348325310274
5,12,15	0.006517421547230187	0.008334110584807057	0.43420713518457654	-0.026574971963726483	0.03960981505818686
5,12,16	0.006157409950803355	0.008334343657132473	0.4600314269557315	-0.026935909024368203	0.03925072892597491
5,13,14	0.0007221943465388278	0.00833309914851874	0.9309374706627456	-0.032366183037283024	0.03381057173036068
5,13,15	-0.0008044197418717591	0.008333433230958896	0.9231005808888788	-0.03389412367247532	0.0322852841887318
5,13,16	-0.008942791036578218	0.00833344675135253	0.28322123649585684	-0.0420325486528369	0.024146966579680462
5,14,15	0.006692346675562774	0.008333391788905568	0.4219338499980617	-0.026397192700380434	0.03978188605150598
5,14,16	0.0020414326135997918	0.008333578375065336	0.8064845520055324	-0.03104884764315606	0.035131712870355644
5,15,16	-0.004193956591671558	0.008334111360737815	0.6148058712354477	-0.03728635318362958	0.028898440000286463
6,7,8	-0.007933340607007705	0.008334628326457478	0.3411752044431121	-0.041027789923470954	0.025161108709455544
6,7,9	-0.0012800079598450087	0.008333623609568833	0.8779290933848243	-0.034370467830007086	0.03181045191031707
6,7,10	-0.00045579519581132044	0.008336582357112906	0.9563982710936627	-0.03355800341476619	0.03264641302314355
6,7,11	-0.0046205799819579035	0.008338205574676714	0.5794811630355048	-0.037729233538280074	0.028488073574364267
6,7,12	0.004373017898924886	0.00833364555128541	0.599764059114416	-0.028717529095581402	0.037463564893431174
6,7,13	-0.012129293035097313	0.008333366761857862	0.1455332818988505	-0.04521873303571994	0.02096014696552531
6,7,14	-0.0019431753426426696	0.008333278478235123	0.8156203910915008	-0.03503226479399498	0.031145914108709642
6,7,15	0.010321790872321296	0.008333715467197435	0.21551379409702145	-0.022769033738476482	0.043412615483119074
6,7,16	0.011161908504494611	0.008333721655137303	0.18045617534142053	-0.021928940676860402	0.044252757685849624
6,8,9	-0.009602006686442927	0.008332722227694852	0.2491917846489864	-0.042688887424390004	0.02348487405150415
6,8,10	-0.023450731378814815	0.008333501501507095	0.004893963802407809	-0.05654070639243596	0.009639243634806331
6,8,11	0.0057788142671371945	0.008335075134461661	0.4881158230829655	-0.027317409197406745	0.038875037731681134
6,8,12	-0.010987965141307232	0.008332899110256229	0.18729945260346045	-0.04407554822982511	0.022099617947210645
6,8,13	-0.0038725256615586706	0.008332630219680323	0.6421176211062722	-0.03695904106173012	0.029213989738612778
6,8,14	-0.0017203966399444038	0.008332450053313319	0.8364248672890836	-0.034806196650482644	0.03136540337059384
6,8,15	0.0005555194908690997	0.008332764006638618	0.9468471018569404	-0.032531527139434885	0.033642566121173084
6,8,16	0.0019177998211993702	0.00833304067009658	0.8179805733862037	-0.031170345361364968	0.03500594500376371
6,9,10	-0.007615948863127289	0.008333078999283988	0.36075094031034494	-0.04070424624004275	0.02547234851378817
6,9,11	0.006295379521047029	0.008334125486807925	0.45002758382095165	-0.026797073161535907	0.039387832203629965
6,9,12	-0.0014140891491393054	0.008332628280189767	0.8652426412769973	-0.03450059684814288	0.031672418549864266
6,9,13	-0.0011583117726649828	0.008332356664131263	0.8894397623771635	-0.03424374096120239	0.031927117415872425
6,9,14	-0.0014945577238911073	0.00833218934128822	0.8576465437857504	-0.0345793225207926	0.031590207073010385
6,9,15	0.006745351678083059	0.008332498189023577	0.41821723955894474	-0.026340639465732042	0.03983134282189816
6,9,16	-0.0009779565056696748	0.008332437515802597	0.9065692918361833	-0.034063706733302564	0.032107793721963214
6,10,11	-0.006558500385911908	0.008336742248220537	0.43146149189703753	-0.03966134348718551	0.026544342715361692
6,10,12	-0.0034377009541842335	0.008333202374353272	0.6799519593182959	-0.03652648821856887	0.0296510863102004
6,10,13	-0.0007318342144364415	0.008332854744161292	0.9300159270191364	-0.033819241137752615	0.03235557270887973
6,10,14	-0.0022812229151399493	0.00833265901358277	0.7842631183859547	-0.03536785264774565	0.03080540681746575
6,10,15	-0.011355006212480465	0.008333101244652839	0.17300126691841883	-0.04444339191945734	0.021733379494496413
6,10,16	0.007908728931970338	0.008333112280353994	0.3425872971919618	-0.025179700594651307	0.04099715845859198
6,11,12	0.009766596538529404	0.00833425816903972	0.2412570755030031	-0.023326382987629922	0.04285957606468873
6,11,13	0.0022289547393583853	0.00833387883305594	0.7891181441632069	-0.03086251855101004	0.03532042802972681
6,11,14	-0.0009209411573275761	0.008333699493811225	0.9120067908495556	-0.034011702342331224	0.03216982002767607
6,11,15	0.00017748468725774236	0.008334158334997671	0.9830095587430765	-0.03291509842618643	0.033270067800701915
6,11,16	-0.0032743455342023053	0.008334398743271793	0.6944159136288728	-0.03636788324083667	0.029819192172432056
6,12,13	0.00160675774245235	0.00833243883277279	0.8470914532090446	-0.031478997714496304	0.034692513199401004
6,12,14	0.002603803130780985	0.00833237066290312	0.7546673129853	-0.030481681642916016	0.035689287904477986
6,12,15	-0.0008758355855422034	0.008332524638635284	0.9162884849084096	-0.03396193175327677	0.03221026058219236
6,12,16	-0.0021670508576847117	0.008332617483287352	0.7948118271281269	-0.0352535156852457	0.030919413969876276
6,13,14	-0.000381908099337247	0.008332331928716923	0.9634423217302508	-0.0334672390705476	0.032703422871873104
6,13,15	-0.009255937632962064	0.008332423751177171	0.2666441403787138	-0.04234163320516454	0.023829757939240415
6,13,16	0.004341639826771715	0.008332359889480083	0.602328441981417	-0.028743802168712668	0.0374270818222561
6,14,15	-0.004509504477776177	0.008332280286179473	0.58836549407749	-0.037594630391091774	0.02857562143553942
6,14,16	0.007613958462136403	0.008332285712962777	0.36083074786455693	-0.025471188999399222	0.04069910592367203
6,15,16	0.0002568641028748986	0.00833249777531894	0.9754077780488571	-0.03282912539823622	0.03334285360398602
7,8,9	0.010421251302427575	0.00833513549851205	0.21120199874735546	-0.022675211850669695	0.043517714455524846
7,8,10	-0.07807251653424302	0.008339664025017998	8.102438779659031e-21	-0.11118696118394208	-0.04495807188454396
7,8,11	0.1361740345962613	0.008340941870541687	8.556121088201749e-60	0.10305451598378171	0.16929355320874087
7,8,12	-0.036715247540056895	0.008335835351672642	1.0619866104235155e-05	-0.06981448961190675	-0.003616005468207041
7,8,13	0.01464998281620037	0.008334575895918074	0.07879731050272303	-0.01844425831343547	0.04774422394583621
7,8,14	-0.003095983619768067	0.008334442122842208	0.7102897790030751	-0.03618969357439457	0.029997726334858435
7,8,15	-0.010091478352213024	0.008335297481337472	0.22601798398810283	-0.04318858469324815	0.0230056279888221
7,8,16	-0.006654176739959078	0.008336486581167436	0.42475791603314395	-0.039756004659751355	0.0264476511798332
7,9,10	-0.09038020361156376	0.008337293336693544	2.339627407890918e-27	-0.12348523492913502	-0.05727517229399251
7,9,11	0.03619257972135674	0.008339179250007229	1.4266167237874536e-05	0.0030800599759719938	0.06930509946674149
7,9,12	0.009126055004836292	0.008334468097911272	0.27353067244634816	-0.023967758089435187	0.04221986809910777
7,9,13	-0.0032153825687705195	0.008333620116185452	0.6996219273713709	-0.03630582856769626	0.029875063430155224
7,9,14	-0.0011963418581294322	0.008333457244424643	0.8858492647411174	-0.03428614113940659	0.031893457423147725
7,9,15	0.020900131900459182	0.00833402880490236	0.01215080421158206	-0.01219193688565013	0.053992200686568494
7,9,16	0.0065838077899926795	0.00833411419663861	0.42954071537059	-0.026508600062524472	0.03967621564250983
7,10,11	-0.48291303337671965	0.008343889677861817	0.0	-0.5160442568974603	-0.44978180985597904
7,10,12	-0.06377033568352569	0.008337769458280762	2.0641435218119616e-14	-0.09687725754511636	-0.03066341382193502
7,10,13	0.01743130027003592	0.008336536573968255	0.03653632782408348	-0.015670726157014044	0.050533326697085885
7,10,14	-0.014206503525047494	0.008336382085848361	0.0883566881836059	-0.047307916523513294	0.018894909473418306
7,10,15	-0.04355169908558297	0.00833752544210432	1.7605566793551261e-07	-0.07665765202802484	-0.010445746143141102
7,10,16	-0.05227894793472529	0.008338133068259396	3.6369590016015916e-10	-0.08538731358859289	-0.019170582280857683
7,11,12	0.03416346867474471	0.008339424360104375	4.1974504839578224e-05	0.0010499756665617588	0.06727696168292766
7,11,13	-0.003787301901341661	0.008338197774319874	0.6496784628467548	-0.03689592448465532	0.029321320681971998
7,11,14	-0.010654309267510181	0.008338139268284717	0.20133163500587117	-0.043762699539922935	0.022454081004902572
7,11,15	0.03333626498375408	0.008339314140477942	6.409232516835201e-05	0.00022320962650142218	0.06644932034100674
7,11,16	-0.08771224555985399	0.00833976586889357	7.54943078700467e-26	-0.12082709460274808	-0.0545973965169599
7,12,13	-0.0106438011925655	0.008333693957502676	0.20153603536816708	-0.04373454039445539	0.022446938009324388
7,12,14	-0.004966574654090367	0.008333533679855445	0.5511943111958575	-0.03805667743882221	0.02812352813064148
7,12,15	0.0342411521375776	0.00833428997302832	3.987964689794018e-05	0.001148046326784155	0.06733425794837104
7,12,16	0.027867397451766446	0.008334324348398167	0.0008272010070239504	-0.00522584485388803	0.06096063975742092
7,13,14	-0.0015992537169490506	0.00833340855914098	0.847814328905181	-0.03468885968274896	0.031490352248850856
7,13,15	0.009644859876424758	0.008333732502905308	0.24714285852105553	-0.023446032378345694	0.04273575213119521
7,13,16	-0.014514345564265427	0.008333545843692435	0.0815698396627253	-0.047604496648150044	0.018575805519619185
7,14,15	-0.006860702287065312	0.008333606280901277	0.41036479390232916	-0.039951093349994755	0.02622968877586413
7,14,16	0.0013231535569004083	0.008333604366459538	0.873848022461088	-0.03176722990432292	0.03441353701812374
7,15,16	0.02549684973017252	0.008334233940721286	0.0022195422037258887	-0.007596033592194018	0.05858973305253906
8,9,10	-0.07589194453749734	0.008334089973459724	8.772250888846549e-20	-0.10898425620662941	-0.04279963286836528
8,9,11	0.020507344810192674	0.00833562612335391	0.013888445442369042	-0.01259106647524192	0.05360575609562727
8,9,12	0.04437257063916659	0.008333538952619788	1.0153309045897644e-07	0.011282446917780402	0.07746269436055278
8,9,13	0.008778739858016985	0.00833277626521892	0.2921071266089684	-0.024308355447638624	0.04186583516367259
8,9,14	-0.00602851845655103	0.008332584370781871	0.469383271621886	-0.03911485180372784	0.02705781489062578
8,9,15	0.017745409002095508	0.008332910220167451	0.03321204389357893	-0.015342218200734302	0.05083303620492532
8,9,16	-0.019572699310531017	0.00833348075523596	0.018843036513566887	-0.052662591946583334	0.013517193325521301
8,10,11	-0.5415930571949986	0.008339227016956326	0.0	-0.5747057666094141	-0.5084803477805832
8,10,12	0.06305491445469547	0.008334638677191138	3.9187969211284984e-14	0.02996042403839943	0.0961494048709915
8,10,13	0.008961735928841419	0.008333491310691409	0.28220519464807176	-0.024128198619935946	0.042051670477618784
8,10,14	0.008478429218003125	0.008333250295310903	0.30895678804853854	-0.024610548326936488	0.04156740676294274
8,10,15	-0.023475232411463404	0.008334340181623443	0.004853675183718602	-0.05656853758637262	0.009618072763445812
8,10,16	0.07107491044206796	0.008334940767408552	1.529985185729246e-17	0.037979220511048815	0.10417060037308709
8,11,12	-0.05026450420239664	0.008336499407364745	1.654287346333606e-09	-0.08336638305138698	-0.017162625353406305
8,11,13	-0.008421044463751512	0.00833512884333646	0.3123517868365487	-0.04151748119103078	0.02467539226352776
8,11,14	-0.014968758534996851	0.008334980775630746	0.07251583963338085	-0.04806460732733887	0.018127090257345164
8,11,15	0.01905521335189704	0.008335793365682926	0.022260434960718865	-0.014043862005475069	0.05215428870926915
8,11,16	-0.10073620745266694	0.008336721614522627	1.4073537984854575e-33	-0.13383896862336814	-0.06763344628196576
8,12,13	0.012057474742998203	0.0083330040312928	0.14791473037385666	-0.021030524957249795	0.0451454744432462
8,12,14	0.00422980095720887	0.008332797878927637	0.6117295393108102	-0.02885738017036461	0.037316982084782346
8,12,15	-0.0006887225119869833	0.008333376168131937	0.9341330656591289	-0.033778199862260785	0.03240075483828682
8,12,16	-0.0037520265135130293	0.008333764349226698	0.6525534376684317	-0.03684304522100913	0.029338992193983074
8,13,14	0.0015024552620875042	0.008332599110827083	0.8569093774628774	-0.03158393661363552	0.034588847137810526
8,13,15	0.01527983131844507	0.008332873338913142	0.06670606818268085	-0.017807649439366004	0.04836731207625614
8,13,16	0.017001545054538485	0.008333062562119062	0.04132941440213106	-0.016086687055048877	0.05008977716412585
8,14,15	-0.010269293716652944	0.008332633286586085	0.2177972794563728	-0.043355821294638844	0.022817233861332956
8,14,16	0.006205102726271686	0.008333038657346742	0.45649296242748405	-0.02688303446423291	0.03929323991677628
8,15,16	-0.010846488459702486	0.008333616734194594	0.19308036239726573	-0.04393692102970007	0.0222439441102951
9,10,11	-0.045940964151839334	0.008337354165793629	3.597053124534642e-08	-0.07904623700454459	-0.012835691299134075
9,10,12	-0.03569897566887477	0.008333795240671293	1.841320805854594e-05	-0.06879011703755111	-0.002607834300198418
9,10,13	-0.0017320716354401813	0.008333048361196683	0.8353423069920198	-0.03482024735718546	0.0313561040863051
9,10,14	0.00024406100017143606	0.008332858904662399	0.9766342024144159	-0.032843362443316676	0.03333148444365955
9,10,15	-0.021464254030189353	0.008333376952088526	0.010006079083600471	-0.05455373449333281	0.011625226432954106
9,10,16	-0.001345340106675863	0.00833344354393153	0.8717484222596834	-0.03443508498717386	0.031744404773822135
9,11,12	-0.014460497965968808	0.00833498059567079	0.08276042028340315	-0.04755634604374079	0.018635350111803173
9,11,13	-0.002387277557402173	0.008334220072838586	0.7745399168605616	-0.0354801058143329	0.03070555069952855
9,11,14	-0.0038529842116567375	0.008333995630166046	0.6438524756267712	-0.036944921270280845	0.02923895284696737
9,11,15	0.008423600824576882	0.008334587492538185	0.312173488805307	-0.024670686351954088	0.04151788800110785
9,11,16	-0.014951755465179975	0.008334897882135378	0.07283808675190637	-0.04804727511092137	0.01814376418056142
9,12,13	0.003250308586622931	0.008332644767001303	0.6964866479139016	-0.029836264576841368	0.03633688175008723
9,12,14	0.0051330124382790235	0.00833252007297789	0.53788247730457	-0.027953065600522693	0.03821909047708074
9,12,15	0.022442759501790137	0.008332866113590147	0.007077104753685841	-0.010644692566309018	0.05553021156988929
9,12,16	0.02186789037053885	0.00833297499917768	0.00868584428584394	-0.011219994051399819	0.05495577479247752
9,13,14	0.006873455345220825	0.008332275791974767	0.40942050877153346	-0.02621165272288032	0.03995856341332197
9,13,15	0.004035902736254718	0.008332437445673118	0.6281317970067297	-0.029049847212913864	0.0371216526854233
9,13,16	-0.00018889118241580127	0.008332454542591693	0.9819141103123106	-0.03327470901860743	0.032896926653775825
9,14,15	0.012300252816510558	0.008332294248053047	0.13989132969136822	-0.020784928535452003	0.04538543416847312
9,14,16	0.004145924560639003	0.008332397618991051	0.6187911298032942	-0.02893966724805115	0.03723151636932916
9,15,16	-0.013534423305702717	0.008332750658032505	0.10432865702146554	-0.04662141693247119	0.019552570321065756
10,11,12	-0.185306195603162	0.008337809777951151	5.189537387415136e-109	-0.21841327756274814	-0.15219911364357586
10,11,13	-0.0021939214869217544	0.008336663214214677	0.7924239401402499	-0.035296450766534836	0.030908607792691327
10,11,14	-0.011411225836441219	0.00833652651644438	0.1710596064299493	-0.044513212327911444	0.021690760655029007
10,11,15	-0.05296599315926075	0.008337724767170183	2.1318138531292516e-10	-0.08607273756510463	-0.01985924875341688
10,11,16	-0.1137683272055991	0.00833791980029689	2.4937566195794197e-42	-0.14687584603276976	-0.08066080837842843
10,12,13	0.006154742813939802	0.008333180553842542	0.46016319065888645	-0.026933957807374724	0.03924344343525433
10,12,14	0.007163787944201236	0.008333004591283182	0.38996405756491925	-0.025924213979610027	0.0402517898680125
10,12,15	-0.04805425432122894	0.008333787420965383	8.145732546485897e-09	-0.0811453646400671	-0.01496314400239078
10,12,16	0.02035012862307914	0.00833383307601675	0.014614172111722556	-0.012741162979041772	0.05344142022520005
10,13,14	0.0024649143170416	0.008332763426266657	0.7673761980426517	-0.03062213000876965	0.03555195864285285
10,13,15	-0.002426840581086359	0.008333109239327868	0.7708773696234709	-0.03551525803265426	0.030661576870481544
10,13,16	0.012274956650178165	0.008332958013235853	0.14073953451402355	-0.020812860325394707	0.045362773625751036
10,14,15	-0.008137790349438873	0.008332978805316723	0.3287826543400997	-0.041225689884478056	0.02495010918560031
10,14,16	0.0003461014283679398	0.008332922335111136	0.9668701441970878	-0.032741573879473164	0.033433776736209044
10,15,16	0.007308660843650179	0.008333534052739223	0.38048010175844615	-0.025781443421697574	0.04039876510899793
11,12,13	-0.011290041670953127	0.008334384157836354	0.1755389839635228	-0.04438352146295291	0.021803438121046653
11,12,14	-0.010281973760468438	0.008334189944299818	0.21731556565879934	-0.043374682385501954	0.02281073486456508
11,12,15	0.05349184007710722	0.00833489690167019	1.392188045860607e-10	0.02039632432451549	0.08658735582969895
11,12,16	0.0027725938908987335	0.008335280723946749	0.7394120306285878	-0.03032444591128232	0.035869633693079786
11,13,14	0.004493457527916037	0.008333825154596707	0.5897624340743061	-0.02859780262048866	0.03758471767632073
11,13,15	-0.0042622965743576435	0.008334266324537244	0.609059950011717	-0.037355308483688586	0.0288307153349733
11,13,16	0.006987369264488695	0.008334391589833486	0.4018217015976572	-0.026106140037867487	0.04008087856684488
11,14,15	0.01522453181705044	0.008334159574567429	0.06774017536950014	-0.017868056218374284	0.048317119852475165
11,14,16	0.004775815159532085	0.008334339933285449	0.5666273687175327	-0.028317489029297267	0.03786911934836144
11,15,16	-0.06111896975569983	0.00833500993273242	2.2808105895307143e-13	-0.0942149343226374	-0.02802300518876226
12,13,14	0.0069315579878507505	0.008332438910757198	0.4054819478722419	-0.026154197778751907	0.04001731375445341
12,13,15	0.009000594686039295	0.008332616534065293	0.28007316014059525	-0.024085866372429647	0.04208705574450824
12,13,16	-0.000943432300419475	0.008332547225270576	0.9098544729610188	-0.034029618153287866	0.032142753552448916
12,14,15	0.0028065105332586715	0.008332511710071162	0.7362578820771157	-0.030279534298808204	0.03589255536532555
12,14,16	0.008889057609803852	0.008332500254402337	0.2860691460603447	-0.024196941735045545	0.04197505695465325
12,15,16	-0.019096085572892767	0.008332891180362494	0.021929016221749153	-0.0521836371740478	0.013991466028262269
13,14,15	-0.007544144971818101	0.00833235156473441	0.3652548180043542	-0.040629553912094385	0.025541263968458183
13,14,16	0.009719902503781588	0.00833231767679041	0.24340443998000988	-0.02336537187706371	0.042805176884626886
13,15,16	-0.10578345766617285	0.008332529475967599	6.972022162933907e-37	-0.13886957304158445	-0.07269734229076125
14,15,16	0.006530026494536045	0.008332442863198135	0.4332267781229916	-0.026555744966090526	0.03961579795516262
