Params: 	17
Performance: 	0.7371294775748006
Term	Coefficient	Standard Error	p-value	95% CI lower	95% CI upper
Intercept	5.856601558830039
1	-0.0302845100420622	0.004876160300941103	5.306337192129403e-10	-0.044785891732290126	-0.015783128351834277
2	0.31570008591298737	0.004876480053386531	0.0	0.301197753299908	0.33020241852606674
3	1.089396626897142	0.004876911878840581	0.0	1.0748930100634164	1.1039002437308676
4	0.0006778574438446039	0.004876798838941192	0.8894534385744546	-0.013825423216616357	0.015181138104305564
5	0.6564455003258807	0.004876645192416343	0.0	0.6419426766001316	0.6709483240516297
6	-0.017475655843600252	0.004876183674039458	0.0003387800927697459	-0.031977107043893394	-0.00297420464330711
7	0.5199461082868105	0.004876769754560576	0.0	0.5054429141213945	0.5344493024522265
8	0.39724057792755063	0.004876319596128256	0.0	0.3827387225038587	0.41174243335124255
9	0.09434532634307671	0.004876186584371978	3.659194557750632e-83	0.07984386648764508	0.10884678619850835
10	0.3930360486587102	0.00487641773230638	0.0	0.3785339013844456	0.40753819593297486
11	1.3718539076048348	0.004877036364315025	0.0	1.3573499205594532	1.3863578946502164
12	0.04450983080278323	0.0048762290312617165	7.179735677211276e-20	0.03000824471307879	0.059011416892487664
13	0.004151268277364322	0.004876170503976515	0.39458492604201556	-0.010350143756023339	0.018652680310751985
14	0.01706139121724884	0.0048761720734659154	0.0004674449114481693	0.0025599745163023928	0.03156280791819528
15	-0.02800724802894433	0.004876226863044861	9.308708045526072e-09	-0.042508827670513706	-0.013505668387374955
16	0.2539057441471397	0.004876222699687336	0.0	0.23940417688712318	0.2684073114071562
