Params: 	137
Performance: 	0.9084610245070509
Term	Coefficient	Standard Error	p-value	95% CI lower	95% CI upper
Intercept	5.049322042515154
1	-0.07947008444163373	0.010810824223280845	1.9910723491625225e-13	-0.11800411853184675	-0.0409360503514207
2	0.5494240108988238	0.010814905614907217	0.0	0.5108754291218832	0.5879725926757643
3	2.347872681913163	0.01079736688192195	0.0	2.3093866150861277	2.3863587487401983
4	-0.2518877235970527	0.010819106989526296	2.133577595711803e-119	-0.2904512807273477	-0.21332416646675767
5	0.6798342115202123	0.010816274499025537	0.0	0.6412807505013017	0.7183876725391228
6	-0.05297027430986777	0.010815924083053445	9.733254487287396e-07	-0.09152248630828408	-0.01441806231145145
7	1.0123154716129428	0.01082356126742285	0.0	0.9737360376824364	1.050894905543449
8	0.5842893719345339	0.010809635668178658	0.0	0.5457595743226763	0.6228191695463915
9	0.151541928441076	0.010811789725262045	1.4412519459115678e-44	0.11300445292165376	0.19007940396049824
10	0.48786180023192427	0.010808631907010301	0.0	0.4493355804200827	0.5263880200437658
11	2.1016046173324794	0.010804380942298112	0.0	2.0630935496326095	2.1401156850323493
12	0.18028580716637535	0.010812711534913734	2.7659217867532908e-62	0.1417450459544093	0.2188265683783414
13	0.009355410960409705	0.010815303584709245	0.3870332330352675	-0.029194589337598345	0.047905411258417754
14	0.042468092883084105	0.010813431401495786	8.597814499214871e-05	0.0039247657831857075	0.0810114199829825
15	-0.10265688017058985	0.010815132011841136	2.3417473302749494e-21	-0.14120626891534238	-0.06410749142583733
16	0.22033143921974735	0.010813123603852226	5.323608505974656e-92	0.1817892092318401	0.2588736692076546
1,2	0.11778285825824088	0.005394621742257064	2.714631412137284e-105	0.09855430233812139	0.13701141417836038
1,3	-0.02866948641897378	0.005395842348272413	1.0804330174031625e-07	-0.04790239305952261	-0.009436579778424953
1,4	0.01177499118741425	0.005394890780730172	0.02906750016886452	-0.0074545236917522295	0.031004506066580728
1,5	0.03142604213240855	0.0053948838690724785	5.733126113201462e-09	0.012196551889111423	0.05065553237570568
1,6	0.0019953385764286125	0.0053945618885339625	0.7114734005526564	-0.01723300400145547	0.021223681154312696
1,7	-0.0021643171126939226	0.005394828550026457	0.6882862425368416	-0.021393610177130193	0.017064975951742348
1,8	-0.0011403297918717269	0.005394604859971134	0.8325888000706837	-0.02036882553687708	0.018088165953133627
1,9	-0.002849758819670145	0.005394552872276121	0.5973165641479552	-0.022078069260061298	0.016378551620721007
1,10	-0.004677108528774336	0.005394969438842311	0.3859787728782609	-0.02390690377642263	0.014552686718873959
1,11	-0.00013281879023666066	0.005395543422312836	0.9803610242842414	-0.019364659940969087	0.019099022360495765
1,12	-0.00017271347550217725	0.005394573740851197	0.9744592724625469	-0.01940109829971151	0.019055671348707157
1,13	-0.004608269466294659	0.00539453453070302	0.3929708788011438	-0.02383651453009763	0.014619975597508312
1,14	-0.003400880076022121	0.005394519533415397	0.5284139471656156	-0.022629071683587108	0.015827311531542865
1,15	0.00958610752091453	0.005394556086901522	0.07557355659679935	-0.009642214377667248	0.028814429419496308
1,16	-0.012105024213711083	0.005394531602175431	0.024839439743784587	-0.031333258839088676	0.007123210411666511
2,3	-0.09285434585056704	0.005396242829107431	3.305504391605124e-66	-0.11208867996249365	-0.07362001173864043
2,4	-0.04419791971730423	0.005395311795986105	2.618040678843991e-16	-0.06342893526060969	-0.02496690417399878
2,5	-0.13661462965934468	0.005395187274508368	9.157627930794385e-141	-0.15584520135907548	-0.11738405795961386
2,6	-0.002368078317058056	0.00539465461784901	0.6606865316482471	-0.02159675141873139	0.01686059478461528
2,7	-0.024732540499123837	0.0053951239432197306	4.565017981034576e-06	-0.04396288646120644	-0.005502194537041229
2,8	-0.06108850523301418	0.005394805683726076	1.0704216574707985e-29	-0.08031771679295271	-0.04185929367307564
2,9	-0.010929078261416418	0.005394677406997653	0.0427791484109306	-0.030157832592588314	0.008299676069755478
2,10	-0.07813056673539354	0.005395330857792495	1.8953349612765978e-47	-0.0973616502224822	-0.05889948324830488
2,11	-0.15903934915045081	0.005395988724631909	1.1720289507087577e-189	-0.17827277753397783	-0.1398059207669238
2,12	-0.025777643113259474	0.005394653482835347	1.7711436176774733e-06	-0.04500631216929722	-0.006548974057221726
2,13	0.0034598113131627667	0.005394650497651482	0.5213033606240274	-0.015768847102504324	0.022688469728829857
2,14	0.003092168499967858	0.0053946481632817225	0.5665167982790172	-0.016136481595086297	0.022320818595022014
2,15	-0.0017188608607643374	0.005394613274131235	0.7500116230156513	-0.02094738659714921	0.017509664875620536
2,16	-0.004821016905893424	0.005394740157372732	0.3715118147898746	-0.02404999490410888	0.014407961092322032
3,4	-0.3204710125448526	0.005396763178158154	0.0	-0.3397072013856736	-0.3012348237040316
3,5	-0.455436169489329	0.005397064685757907	0.0	-0.47467343302194853	-0.4361989059567095
3,6	-0.025277728635926408	0.005395844581364966	2.809923458963275e-06	-0.04451064323609633	-0.006044814035756484
3,7	-0.10441627645388174	0.005397088608475424	3.7534793476857594e-83	-0.12365362525648559	-0.0851789276512779
3,8	-0.2108435870056971	0.005396143389768239	0.0	-0.23007756667666648	-0.19160960733472773
3,9	-0.015528572003650092	0.00539587853417192	0.004005177996114361	-0.03476160762499228	0.0037044636176920935
3,10	-0.5876278726520316	0.005396682633780458	0.0	-0.6068637744009777	-0.5683919709030856
3,11	-0.9330707795426657	0.005397782726863813	0.0	-0.9523106024565018	-0.9138309566288296
3,12	0.01264394830717716	0.00539589308799394	0.01911940585023457	-0.006589139189716996	0.03187703580407132
3,13	-0.02550120866949921	0.005395835689999158	2.293691897236925e-06	-0.04473409157734059	-0.006268325761657832
3,14	0.001357045367518711	0.005395817489270415	0.8014287608882146	-0.01787577266575923	0.020589863400796653
3,15	0.02185137982572946	0.005395795446279314	5.134257377644921e-05	0.0026186403623508145	0.04108411928910811
3,16	0.008361968395376188	0.005395906318095139	0.12122149189060541	-0.010871166258807748	0.027595103049560123
4,5	1.169966671411915	0.005395642775039052	0.0	1.1507344761289482	1.1891988666948818
4,6	0.012554659123397274	0.005394901380983038	0.019961230424441527	-0.006674893539244071	0.031784211786038616
4,7	-0.05285976561078342	0.005396126324725468	1.216616646030394e-22	-0.07209368445522131	-0.03362584676634553
4,8	-0.05325550170992056	0.005395120426364384	5.772120266753334e-23	-0.07248583513654601	-0.034025168283295104
4,9	-0.010830879417530179	0.005394910894325239	0.044688899777148704	-0.030060465989468828	0.00839870715440847
4,10	-0.09568342785116683	0.005396164367029252	3.5131776220217974e-70	-0.11491748229335386	-0.07644937340897981
4,11	-0.11357562193552248	0.005396772850077754	5.4555504169779865e-98	-0.1328118452508731	-0.09433939862017185
4,12	-0.0203932123309467	0.0053949309276829695	0.00015692695858005514	-0.03962287030966006	-0.0011635543522333439
4,13	0.0081445468801217	0.00539491420736373	0.13113226684572934	-0.011085051500790578	0.027374145261033978
4,14	-0.0036369744158924605	0.005394884226046109	0.5002168315654552	-0.022866465931584156	0.015592517099799235
4,15	-0.012215730786777908	0.0053948836080799385	0.023557908432940852	-0.03144522009979486	0.007013758526239044
4,16	-0.010991139183619186	0.005394982152790289	0.041625168570485	-0.03022097974878395	0.008238701381545577
5,6	-0.0164963500643309	0.005394913688643172	0.002230902562907814	-0.03572594659631888	0.002733246467657071
5,7	-0.019762570799658638	0.005395818775343655	0.0002498973772096224	-0.03899539341700797	-0.0005297481823093031
5,8	-0.20385362721529496	0.005395062299590266	5.131016703185473e-309	-0.22308375345521114	-0.18462350097537877
5,9	-0.038097729524269264	0.005394925833198658	1.6606193110740744e-12	-0.05732736934423468	-0.01886808970430385
5,10	0.06298172897861211	0.005395702059006465	1.8943480311206019e-31	0.04374932238424338	0.08221413557298084
5,11	-0.43851927755415754	0.005396794888252107	0.0	-0.45775557942223866	-0.4192829756860764
5,12	-0.04361510988065663	0.0053949334572290794	6.352360432057451e-16	-0.06284477687566828	-0.024385442885644974
5,13	0.0015263059983505155	0.00539489837296502	0.777241727770956	-0.017703235942530263	0.020755847939231294
5,14	0.0077453802527754564	0.005394881592670888	0.1510953164822332	-0.011484101876530109	0.026974862382081022
5,15	-0.0004035539654747705	0.005394876673489982	0.9403715403060202	-0.019633018560882756	0.018825910629933214
5,16	-0.033585742952193506	0.005394951240221076	4.832910182896104e-10	-0.05281547333279035	-0.014356012571596657
6,7	0.006066232300792514	0.005394812203647215	0.26082358030328906	-0.013163002498712061	0.02529546710029709
6,8	0.012915723711787758	0.005394646388180583	0.0166606902950508	-0.0063129200561070214	0.03214436747968254
6,9	0.01040404404763709	0.00539456137743445	0.05378281477080844	-0.008824296708487094	0.029632384803761274
6,10	0.037971866540272306	0.005394998315626432	1.964827101726142e-12	0.018741968364395716	0.05720176471614889
6,11	0.026211152115758377	0.0053955392899160005	1.1889916084701967e-06	0.006979325694515325	0.045442978537001424
6,12	0.004407745924415743	0.005394609886944719	0.4138944306414487	-0.014820767738702743	0.02363625958753423
6,13	0.0032630107149564797	0.005394555532658324	0.5452667942275702	-0.01596530920808432	0.02249133063799728
6,14	0.003233061846459495	0.005394528817623633	0.5489600483551462	-0.015995162853679124	0.022461286546598114
6,15	0.00039932909294682073	0.005394553383081568	0.9409911254176534	-0.018828983168156066	0.019627641354049707
6,16	-0.003565585915314022	0.005394552690896341	0.5086400634474495	-0.022793895709196224	0.01566272387856818
7,8	-0.12038010604124474	0.005395026000920493	7.24140912014632e-110	-0.13961010289840994	-0.10115010918407956
7,9	-0.06587719479029058	0.005394862997414311	2.9611734167207913e-34	-0.08510661063878018	-0.046647778941800985
7,10	0.022509099234070518	0.00539595178348533	3.0302748587087665e-05	0.0032758025233348004	0.041742395944806235
7,11	-0.4044053106692094	0.005396757431189217	0.0	-0.42364147902557037	-0.3851691423128484
7,12	-0.06811515254499034	0.005394835891598904	1.6784051899182417e-36	-0.08734447177768143	-0.04888583331229926
7,13	0.009971546651309952	0.005394832073346972	0.06455610093233656	-0.009257758971627877	0.02920085227424778
7,14	0.011366749296732342	0.0053948137838153	0.035123441960825216	-0.007862491135113451	0.030595989728578136
7,15	-0.06586729109514294	0.005394802605513334	3.0235169505749915e-34	-0.08509649168311928	-0.04663809050716661
7,16	-0.011455427612180553	0.005394882625553591	0.03372519941610845	-0.03068491342308675	0.007774058198725644
8,9	-0.0465632392323265	0.005394660252696629	6.199176708772428e-18	-0.06579193241881537	-0.027334546045837634
8,10	0.05896866402546379	0.005395188575981977	8.780693147903663e-28	0.039738087686768606	0.07819924036415897
8,11	0.25591731729091594	0.005395863538850553	0.0	0.2366843351188032	0.27515029946302866
8,12	-0.02651307396940953	0.005394643955135003	8.913641729673251e-07	-0.0457417090649719	-0.0072844388738471585
8,13	-0.02929607455499264	0.005394637311216327	5.637127967519389e-08	-0.04852468596901293	-0.01006746314097235
8,14	0.0034151761944757122	0.005394630762041691	0.5266905209555401	-0.01581341187570756	0.022643764264658986
8,15	0.035280038064485486	0.00539461859843491	6.203924789724878e-11	0.016051493350185974	0.054508582778784995
8,16	-0.014897727410330738	0.00539467081923319	0.005754167679621515	-0.034126458260116274	0.004331003439454802
9,10	0.1445394088145483	0.005395003445829469	3.020652856964184e-157	0.12530949235260816	0.16376932527648844
9,11	0.02051926223131446	0.005395552125020755	0.00014308940010188025	0.0012873900607044825	0.03975113440192444
9,12	-0.04314086479315042	0.005394584195857153	1.2953000035834022e-15	-0.06236928688311744	-0.0239124427031834
9,13	0.0012698601215182966	0.005394587087679909	0.8139027334210267	-0.017958572276043628	0.02049829251908022
9,14	-0.005190927282230834	0.005394560246780531	0.33592658590346425	-0.024419264008259278	0.01403740944379761
9,15	-0.02579902261601289	0.005394564369595592	1.7358997984474277e-06	-0.04502737403737749	-0.006570671194648291
9,16	0.004923352956175124	0.005394562972059473	0.3614295926144905	-0.014304993483820496	0.024151699396170744
10,11	0.12286830628619502	0.005396953143675372	2.825395601854774e-114	0.10363144033347528	0.14210517223891478
10,12	0.033828989348461166	0.005395046003769069	3.6245821491232756e-10	0.01459892119326791	0.053059057503654423
10,13	-0.022200815743097894	0.0053949690326607945	3.875021137261065e-05	-0.04143060954295534	-0.002971021943240452
10,14	-0.005169134928705906	0.005394959885846236	0.337995033123453	-0.02439889612571488	0.014060626268303067
10,15	0.053644296925557215	0.005394962964107923	2.801499810844642e-23	0.03441452475641159	0.07287406909470284
10,16	0.0038905957625325893	0.005395026900614752	0.4708230448132925	-0.015339404301497175	0.023120595826562354
11,12	0.030161393454869498	0.005395599478556698	2.2799379465580076e-08	0.010929352497612857	0.04939343441212614
11,13	0.0043471154497582085	0.0053955435585304355	0.42042675218818004	-0.014884726186507376	0.023578957086023793
11,14	0.0035560044059003357	0.005395509581426177	0.5098548674653738	-0.015675716122587828	0.0227877249343885
11,15	0.00485291093211801	0.005395516056310577	0.3684248857743688	-0.01437883267540752	0.02408465453964354
11,16	-0.06450120404844825	0.005395622336220791	6.678935899387282e-33	-0.0837333264794195	-0.04526908161747701
12,13	0.012505778653012084	0.005394574777247645	0.020440830018139493	-0.006722609865322249	0.03173416717134642
12,14	0.005901455870198621	0.005394556201466038	0.27397442995221055	-0.013326866436736202	0.025129778177133445
12,15	-0.06479483328520853	0.005394559391811292	3.371518803894163e-33	-0.08402316696378997	-0.04556649960662709
12,16	-0.0045914761785016515	0.005394602116256547	0.39470357173606085	-0.023819962143827932	0.01463700978682463
13,14	-0.015767606434819083	0.005394541668563675	0.003469297548615664	-0.03499587694076783	0.00346066407112966
13,15	0.03962010487491868	0.005394553273556413	2.0903174563202064e-13	0.020391793004206574	0.058848416745630794
13,16	-0.001378254908023728	0.00539456383185616	0.7983458029185806	-0.020606604412673268	0.01785009459662581
14,15	-0.022011691600277026	0.0053945358925350725	4.501889824348583e-05	-0.04123994151818563	-0.0027834416823684233
14,16	-0.03675321493968507	0.005394555566426506	9.641275886394454e-12	-0.05598153498308897	-0.017524894896281177
15,16	0.2594288255556463	0.005394575771156474	0.0	0.24020043349462955	0.278657217616663
