Params: 	137
Performance: 	0.9158228341423928
Term	Coefficient	Standard Error	p-value	95% CI lower	95% CI upper
Intercept	5.0159314482540935
1	-0.09018358902756485	0.011088181099968702	4.251821904091478e-16	-0.12970624225964106	-0.050660935795488624
2	0.5819643683629011	0.011088205682373618	0.0	0.5424416275094327	0.6214871092163695
3	2.5367519184351055	0.011086401096055543	0.0	2.4972356098394286	2.5762682270307824
4	-0.1869283276479951	0.011111627587812112	2.2788780254330678e-63	-0.2265345534155657	-0.14732210188042452
5	0.7074087925095247	0.011094344451482132	0.0	0.6678641706603763	0.7469534143586731
6	-0.05735174043359405	0.011091114384317164	2.3359336905616618e-07	-0.09688484904866682	-0.017818631818521273
7	0.9972366191459239	0.011087324867408151	0.0	0.9577170178645934	1.0367562204272545
8	0.5781567630491727	0.011081322728983337	0.0	0.5386585557578462	0.6176549703404993
9	0.15490693985821405	0.011084582050059966	2.576270097751886e-44	0.11539711506032604	0.19441676465610205
10	0.5250370151836576	0.011089462036789639	0.0	0.4855097961872482	0.5645642341800671
11	2.358110847572041	0.011080441742777733	0.0	2.3186157804632197	2.397605914680862
12	0.17625122429584464	0.011081835592456814	7.588700317110547e-57	0.1367511889567044	0.21575125963498487
13	-0.011333521880720232	0.011089635733892454	0.30678844496944946	-0.05086136000215114	0.028194316240710678
14	0.038572280432799255	0.011084905164425212	0.0005022879935337686	-0.000938696072198944	0.07808325693779745
15	-0.11647489899653019	0.011083228130860228	8.233943459886334e-26	-0.15597989789208552	-0.07696990010097485
16	0.22298412702207054	0.011086308735180156	1.0696787367701171e-89	0.18346814763700264	0.26250010640713844
1,2	0.11541167809724841	0.005524372410307998	1.354973270957288e-96	0.0957206347124981	0.1351027214819987
1,3	-0.028748308199096025	0.0055248285703952925	1.9620040227507265e-07	-0.04844097751841449	-0.009055638879777558
1,4	0.013361731542488903	0.005524691717976811	0.015585378494773053	-0.0063304499808032495	0.03305391306578105
1,5	0.02158592475252779	0.0055245342739725705	9.343575345569286e-05	0.0018943044217997682	0.04127754508325581
1,6	0.0024346094846683583	0.005523963255456048	0.6594056247072118	-0.017254975510722498	0.022124194480059214
1,7	0.004611582253733884	0.005524682859733968	0.4038765739337493	-0.015080567695285	0.024303732202752767
1,8	0.0031245437414218723	0.005524165424127858	0.5716583928748997	-0.016565761862898286	0.02281484934574203
1,9	0.0005170101166082769	0.005523979509315016	0.9254321460162042	-0.019172632813950298	0.020206653047166852
1,10	0.00048050242111499775	0.005524297845475756	0.9306878275925137	-0.019210275185147258	0.020171280027377253
1,11	-0.0015426053809670312	0.005524967040002266	0.7800874466140311	-0.021235768260609796	0.018150557498675734
1,12	0.004121065786088321	0.0055240225488819746	0.45565431543756807	-0.015568730554471841	0.023810862126648485
1,13	0.00038823930211569907	0.005523958740014902	0.9439687907470957	-0.01930132959846096	0.02007780820269236
1,14	-0.0018530643941424702	0.005523953687751584	0.7372793699388049	-0.02154261528645886	0.01783648649817392
1,15	0.005676191507519385	0.005524048912316204	0.3041692854056379	-0.014013698802724319	0.02536608181776309
1,16	-0.019702203554777784	0.005524053025769714	0.00036187882960121644	-0.03939210852699311	-1.2298582562454002e-05
2,3	-0.07357267830838146	0.005526067694250772	2.180942613785883e-40	-0.09326976435412333	-0.05387559226263959
2,4	-0.059719560656676746	0.005525967759479682	3.364696685499772e-27	-0.07941629049545662	-0.04002283081789687
2,5	-0.1213363926548629	0.0055254278224764475	1.7435185043128413e-106	-0.14103119794508484	-0.10164158736464095
2,6	0.0038948338465137865	0.005524357339097212	0.48079457349777965	-0.01579615581849364	0.023585823511521213
2,7	-0.015083880402593435	0.005525803563911829	0.006340610687264565	-0.03478002498357206	0.004612264178385186
2,8	-0.04865783940996127	0.005524755545554804	1.3140832477997929e-18	-0.06835024843993003	-0.02896543037999251
2,9	-0.013501797126475694	0.005524462088638629	0.01452803352852894	-0.03319316016018664	0.006189565907235253
2,10	-0.08137674834604215	0.00552554895762215	5.180727328577319e-49	-0.10107198540972764	-0.06168151128235667
2,11	-0.19912897847426655	0.005526428851655148	1.8132246023210465e-281	-0.21882735182752322	-0.1794306051210099
2,12	-0.032073900884525525	0.005524566201717757	6.4405875298541564e-09	-0.05176563501833721	-0.012382166750713835
2,13	0.003814355166335339	0.00552432009762929	0.4899037036613435	-0.015876501755383604	0.023505212088054284
2,14	0.0038015374641194033	0.00552432130879983	0.49136359580640265	-0.015889323774689317	0.023492398702928123
2,15	-0.022583772444061456	0.005524640298995307	4.359664901147274e-05	-0.04227577068981177	-0.0028917741983111485
2,16	0.0043472123303642946	0.00552475049078503	0.4313659939459219	-0.015345178682410199	0.024039603343138788
3,4	-0.35154951903551923	0.005526956458647948	0.0	-0.37124977298831074	-0.3318492650827277
3,5	-0.42730388216990595	0.005527627913334359	0.0	-0.44700652945217983	-0.40760123488763206
3,6	-0.026550615851707066	0.005524837174834026	1.5457476728350368e-06	-0.0462433158406408	-0.0068579158627733346
3,7	-0.1345150722917804	0.005527572165060462	3.2739019631696733e-130	-0.15421752086520585	-0.11481262371835493
3,8	-0.20770474974048464	0.005525735908775835	7.518199817010821e-306	-0.22740065317185945	-0.18800884630910983
3,9	-0.017477565743419937	0.005525039776971643	0.0015604460055107312	-0.03717098788632617	0.0022158563994862934
3,10	-0.5710028503938528	0.005525974061578478	0.0	-0.5906996026957998	-0.5513060980919058
3,11	-1.0195616921340191	0.005528647428523278	0.0	-1.0392679733707635	-0.9998554108972749
3,12	-0.009988390717693585	0.005525091526279863	0.07063867782823365	-0.029681997315556433	0.009705215880169264
3,13	-0.018072043076293592	0.005524841820723171	0.0010720524564910377	-0.03776475962500967	0.001620673472422486
3,14	0.0012180943502121677	0.005524811056700309	0.8255003074155183	-0.01847451254338585	0.020910701243810184
3,15	0.002640444157385638	0.005525071446640896	0.632721409212638	-0.01705309086871979	0.022333979183491066
3,16	-0.002827759365909812	0.005525194963635181	0.6087972510524071	-0.022521734655327082	0.01686621592350746
4,5	1.21049032666682	0.0055261997854532344	0.0	1.1907927697959046	1.2301878835377356
4,6	0.014067918681498953	0.0055247387929493194	0.010887930569533678	-0.0056244306355726845	0.03376026799857059
4,7	-0.0933023439391356	0.0055274693252036775	8.730538274193914e-64	-0.1130044259507272	-0.073600261927544
4,8	-0.052174710835740684	0.005525464632290255	3.754433518878543e-21	-0.0718696473306655	-0.03247977434081586
4,9	-0.002824347012531578	0.005524936077874613	0.6092128297388847	-0.02251739953093263	0.016868705505869476
4,10	-0.15226948504296517	0.0055267201714573775	4.025099652756306e-166	-0.17196889677496216	-0.13257007331096818
4,11	-0.12586437850949656	0.005527706051335706	2.6234735458609277e-114	-0.14556730430644327	-0.10616145271254983
4,12	-0.004596975132322809	0.0055249825188649175	0.4053926857362352	-0.02429019318474058	0.015096242920094961
4,13	0.00872505988566632	0.00552471351511226	0.11427721373756326	-0.0109671993312185	0.028417319102551138
4,14	-0.002617642891057363	0.005524674161569467	0.635637410533245	-0.022309761836385358	0.01707447605427063
4,15	-0.004254546288018468	0.005524951974268092	0.4412669675875509	-0.023947655467439162	0.015438562891402226
4,16	-0.018259307878872463	0.0055250524620982676	0.0009508960624415226	-0.03795277523657599	0.001434159478831059
5,6	-0.0187132270041991	0.005524555624355023	0.0007063150356854065	-0.038404923436115804	0.0009784694277176036
5,7	-0.03869727105088407	0.005526711305096953	2.5507222969008305e-12	-0.058396651179673534	-0.018997890922094616
5,8	-0.21429241172762092	0.005525024240925764	0.0	-0.23398577849392857	-0.19459904496131328
5,9	-0.04027727307131028	0.005524653852237716	3.1246733514604815e-13	-0.05996931962616513	-0.020585226516455432
5,10	0.08727653894536491	0.005525631208374411	4.315362198552157e-56	0.06758100870753929	0.10697206918319054
5,11	-0.4713084593434723	0.005527351561712888	0.0	-0.4910101215995091	-0.45160679708743556
5,12	-0.06317316829089353	0.005524776651504283	3.008718143920137e-30	-0.0828656525507954	-0.04348068403099167
5,13	0.005924739230742208	0.00552451698108218	0.2835243801105667	-0.013766819461300067	0.025616297922784484
5,14	0.007225131645908392	0.005524532099949389	0.19093675023516044	-0.012466480935743061	0.026916744227559845
5,15	-0.011576277803613415	0.0055247421042981795	0.03614367662021517	-0.031268638923639167	0.008116083316412337
5,16	-0.021539477542891507	0.0055248403708136554	9.68252602768163e-05	-0.041232188923557886	-0.0018467661622251288
6,7	0.01225652121048515	0.0055246998802554416	0.02652458515646515	-0.007435689406389168	0.03194873182735947
6,8	0.010787234958315225	0.005524164546944482	0.05085525903940446	-0.008903067519377212	0.030477537436007663
6,9	0.006303520980187272	0.0055240178889166686	0.2538277676349275	-0.013386258750417549	0.025993300710792092
6,10	0.041019210219802024	0.005524300568979496	1.139821009383605e-13	0.021328422905897648	0.0607099975337064
6,11	0.029413687312032963	0.005524971487576781	1.0198060004516526e-07	0.009720508579479453	0.04910686604458647
6,12	-0.0015531286850746645	0.005524081126931644	0.7785916457169698	-0.021243133820920836	0.018136876450771507
6,13	0.0031737998007440454	0.0055240133453356086	0.565600407027779	-0.01651596373474482	0.02286356333623291
6,14	0.002260166357443999	0.005523993828671692	0.6824277347825571	-0.017429527612952696	0.021949860327840694
6,15	0.0030244398017685477	0.00552408970408821	0.584037102947472	-0.016665595906448477	0.022714475509985572
6,16	-0.0032628576663561865	0.005524047866375785	0.5547474922280944	-0.022952744248455476	0.016427028915743103
7,8	-0.10937854936177663	0.005525446663268042	5.959414539754714e-87	-0.12907342180801507	-0.08968367691553819
7,9	-0.06737776084817763	0.005524834281422463	3.589231291993375e-34	-0.0870704505238507	-0.04768507117250456
7,10	0.05939714341216926	0.005526733106129742	6.439549540243327e-27	0.03969768557589548	0.07909660124844305
7,11	-0.4659571297271696	0.005527848011082752	0.0	-0.4856605615246772	-0.4462536979296621
7,12	-0.07096714993081867	0.005524866515101655	1.0215292287983159e-37	-0.09065995450004494	-0.05127434536159239
7,13	0.0063103529513705015	0.00552467431132417	0.25336992717979767	-0.013381766527742353	0.026002472430483356
7,14	0.009536363962696984	0.0055246645951718895	0.08432644570138524	-0.010155720884214802	0.02922844880960877
7,15	-0.057500941090348506	0.005524897614001246	2.3988985713681765e-25	-0.07719385650832566	-0.03780802567237135
7,16	0.0031687895078822553	0.005524888534869868	0.5662756429564801	-0.01652409354848772	0.02286167256425223
8,9	-0.032201577824845874	0.005524251404854094	5.598487918765012e-09	-0.0518921898984054	-0.012510965751286348
8,10	0.06564601955477299	0.005524739045068949	1.5854717110491984e-32	0.0459536693390475	0.08533836977049848
8,11	0.26126123139061197	0.005525790422024621	0.0	0.24156513365250562	0.28095732912871835
8,12	-0.029291238864474184	0.005524376919888318	1.1480849436965586e-07	-0.04898229832314839	-0.009600179405799974
8,13	-0.03280765006333405	0.005524160589232573	2.8835578166429505e-09	-0.05249793843417939	-0.013117361692488706
8,14	0.005791229501978343	0.005524150132521357	0.29448246629524977	-0.013899021597021631	0.025481480600978317
8,15	0.02432541519029166	0.0055242837253870174	1.0675990742818167e-05	0.00463468791359796	0.04401614246698536
8,16	-0.009723183068924432	0.005524492230708625	0.07841025000013051	-0.029414653540867978	0.009968287403019114
9,10	0.09632223877774271	0.005524437799696138	6.365853010421827e-68	0.07663096231940808	0.11601351523607734
9,11	0.008430004640932215	0.005525161145712588	0.12707755151595979	-0.011263850108063175	0.028123859389927605
9,12	-0.04118390297806368	0.005524190805619142	9.087024909436456e-14	-0.060874299052035216	-0.021493506904092144
9,13	0.002406467705417595	0.005524003501514954	0.6631006263615029	-0.017283260742809736	0.022096196153644925
9,14	-0.003563434731475891	0.005523987096527026	0.5188751877245594	-0.023253104705852252	0.01612623524290047
9,15	-0.021053869458095967	0.005524070046129395	0.0001383697022649462	-0.04074383509759004	-0.0013639038186018908
9,16	0.0024538340662204478	0.005524109120297204	0.6568962563157881	-0.01723627084902776	0.022143938981468655
10,11	0.11709120083589955	0.005526820451502425	2.83429087805158e-99	0.09739143166624792	0.13679097000555118
10,12	0.03013588580385068	0.005524539413463451	4.9178459358236494e-08	0.010444247153948937	0.04982752445375242
10,13	-0.01887543362919021	0.005524288689075653	0.0006339951428800466	-0.038566178598429056	0.0008153113400486342
10,14	-0.004086180309502852	0.005524254505153396	0.4594969410610201	-0.023776803433752578	0.015604442814746874
10,15	0.05211335969678434	0.005524488386891952	4.107655734039024e-21	0.03242190292572032	0.07180481646784835
10,16	0.007936110549320322	0.005524488082779255	0.1508555868293013	-0.011755345137766028	0.02762756623640667
11,12	0.00681402277223718	0.005525283943379189	0.21748932818070887	-0.012880269676102316	0.026508315220576676
11,13	0.01758599176218735	0.005525012266666696	0.0014583876737792243	-0.002107332323135501	0.0372793158475102
11,14	0.0037592414081887016	0.005524968464369049	0.4962476369432445	-0.015933926548459387	0.02345240936483679
11,15	-0.027393911186163942	0.005525235844844394	7.14190177874098e-07	-0.04708803219234403	-0.007699790179983852
11,16	-0.08979440932454981	0.0055253697431127775	2.879366285930045e-59	-0.10948900759699945	-0.07009981105210017
12,13	0.00937249246102563	0.005524066368886477	0.0897648167327936	-0.010317460071323514	0.029062444993374775
12,14	0.002153315071299025	0.005524058312548683	0.696680774837396	-0.017536608745082904	0.021843238887680954
12,15	-0.053418403051585864	0.005524174173708871	4.1905394759707817e-22	-0.07310873984286564	-0.03372806626030608
12,16	-0.008022639592343577	0.005524199629103483	0.14643095769931477	-0.02771306711669537	0.011667787932008214
13,14	-0.006448145189851061	0.005524025915235127	0.24309728101014053	-0.02613795352942234	0.01324166314972022
13,15	0.04599470063231158	0.005524058501338164	8.507598753041907e-17	0.026304776143009436	0.06568462512161372
13,16	0.001165529671807386	0.005524045386584707	0.8328941481820076	-0.018524348071337886	0.02085540741495266
14,15	-0.016764907572108217	0.005524033137812032	0.0024070967891971756	-0.036454741655793876	0.002924926511577438
14,16	-0.04305713942173947	0.005524033019794306	6.563194644914876e-15	-0.06274697308476337	-0.023367305758715564
15,16	0.2583532233960831	0.005524153083523754	0.0	0.23866296177854598	0.2780434850136202
