Params: 	17
Performance: 	0.7249056321141458
Term	Coefficient	Standard Error	p-value	95% CI lower	95% CI upper
Intercept	5.808953570982324
1	-0.02338380139830369	0.004671410636642454	5.579898349665875e-07	-0.03727626846073551	-0.009491334335871876
2	0.2916398717821769	0.0046714908848991075	0.0	0.2777471660667237	0.30553257749763
3	0.9618393194258746	0.004672509589770154	0.0	0.9479435841493385	0.9757350547024107
4	-0.02165726472334826	0.004671697939039705	3.5618250845506255e-06	-0.035550586204156284	-0.007763943242540233
5	0.6196214420102392	0.004671710116200188	0.0	0.6057280843153592	0.6335147997051191
6	-0.017261021406420708	0.004671417574679853	0.00022004477261419544	-0.031153509102118046	-0.0033685337107233673
7	0.5707611459071267	0.004671642586745281	0.0	0.5568679890403907	0.5846543027738627
8	0.3839341639208238	0.004671477521799755	0.0	0.37004149794634655	0.39782682989530105
9	0.11083846721196573	0.004671421629291611	6.52536756613164e-124	0.09694596745812051	0.12473096696581096
10	0.3604293513114326	0.004671777758339003	0.0	0.34653579245329413	0.3743229101695711
11	1.2705172120174586	0.004672249531106719	0.0	1.2566222501382316	1.2844121738966856
12	0.08130815466527583	0.004671435343592383	1.0752882891301915e-67	0.06741561412600483	0.09520069520454683
13	0.0024703566075605227	0.0046714160460061644	0.5969294238338495	-0.011422126541962114	0.016362839757083157
14	0.016333470580306732	0.0046714142751767725	0.0004717720825528455	0.002440992697113887	0.030225948463499578
15	0.013441742684928946	0.004671408196436459	0.00401035949174302	-0.0004507171204912192	0.02733420249034911
16	0.26059899492106886	0.00467142817917873	0.0	0.24670647568829143	0.27449151415384626
