Params: 	697
Performance: 	0.9439367009496965
Term	Coefficient	Standard Error	p-value	95% CI lower	95% CI upper
Intercept	5.853358654778399
1	-0.07464549408669652	0.023352488822732012	0.0013918917679570032	-0.16737158615671752	0.01808059798332448
2	0.26229122419448414	0.02337675950981651	3.4587819190324464e-29	0.1694687601282154	0.35511368826075285
3	2.0165394761268365	0.023310686399215783	0.0	1.92397936959271	2.1090995826609626
4	-0.3971438770142801	0.02337933985030745	1.4258456259830889e-64	-0.48997658687883405	-0.30431116714972617
5	-0.3685293815848364	0.02338125565713133	7.283563386031149e-56	-0.46136969857346555	-0.27568906459620723
6	-0.06888760769361388	0.023359937970623745	0.0031895774014883463	-0.16164327821150376	0.023868062824276004
7	0.4379132894879105	0.023436308367592827	1.0562293861885445e-77	0.34485437384208006	0.5309722051337409
8	0.14605216800175647	0.02335463717390467	4.0346606398202056e-10	0.05331754544018287	0.23878679056333008
9	0.03141503098186327	0.023350410688487165	0.1785093569938904	-0.06130280940805698	0.12413287137178351
10	-0.13035259027310908	0.0233519287738959	2.3861250587172273e-08	-0.2230764585484701	-0.037628721997748055
11	1.2233696654718595	0.023363707519762227	0.0	1.1305990271463355	1.3161403037973836
12	0.10379950363481302	0.023359878490018825	8.865879560346157e-06	0.011044069297490022	0.19655493797213602
13	-0.008697991118427006	0.023358571465875836	0.7096199100213714	-0.10144823563457332	0.08405225339771931
14	0.04703357440311745	0.023359747036946314	0.044072011730871496	-0.0457213379714376	0.1397884867776725
15	-0.1471405280958798	0.023368705552894796	3.06471091413724e-10	-0.23993101218961885	-0.054350044002140746
16	-0.044916694809235325	0.02335919772290229	0.05450087999896345	-0.137669426013937	0.04783603639546634
1,2	0.16310631723094984	0.016462942896881574	4.0149608297388744e-23	0.09773665276444746	0.22847598169745223
1,3	-0.08099391910557599	0.016433727788742046	8.30642673186828e-07	-0.1462475786859292	-0.015740259525222802
1,4	0.03724627798410807	0.016470603040415848	0.023739160667432087	-0.02815380273395622	0.10264635870217236
1,5	0.02861219576777045	0.016464984878795903	0.0822579246679825	-0.0367655768282093	0.0939899683637502
1,6	0.0021809305363852394	0.016464200262620205	0.8946169131170002	-0.06319372657189212	0.0675555876446626
1,7	-0.0025781448930057987	0.01647748397345082	0.8756672250142268	-0.06800554783933328	0.06284925805332169
1,8	-0.02056838289173782	0.016454394648126206	0.21129550920683904	-0.08590410469340715	0.04476733890993151
1,9	0.0016344621635370205	0.01645788606543053	0.9208910295237747	-0.06371512306334892	0.06698404739042296
1,10	-0.0022641757483826616	0.016453016545846657	0.8905454309011164	-0.06759442549780842	0.06306607400104311
1,11	-0.009757402596166212	0.016446699999574644	0.5529997846824333	-0.07506257113666262	0.055547765944330196
1,12	-0.0014528503102905072	0.016460340504977994	0.9296673799713944	-0.06681218141861915	0.06390648079803814
1,13	-0.008804506876439355	0.016464462296538196	0.5928189173443713	-0.07418020444688712	0.056571190694008414
1,14	-0.002909432302733189	0.016460608022359942	0.8597043824371743	-0.06826982564650821	0.062450961041041836
1,15	0.0014506649518949422	0.0164635727540901	0.9297866513976821	-0.06392150049846197	0.06682283040225186
1,16	-0.005447832459045315	0.016461152850317518	0.7406827074921014	-0.0708103891597002	0.05991472424160957
2,3	0.11173221612066465	0.0164406368609573	1.0843498985701033e-11	0.046451122579365664	0.17701330966196366
2,4	-0.10456300579789474	0.01647467149489521	2.2118254611765457e-10	-0.16997924119169827	-0.03914677040409119
2,5	-0.006103009940109559	0.016473045419786708	0.7110226723384578	-0.07151278865208496	0.05930676877186584
2,6	-0.021075075318049585	0.01647190185560424	0.20074116803906708	-0.08648031326186634	0.04433016262576717
2,7	0.1840385243849118	0.016489077525632605	6.714590916650288e-29	0.11856508673987673	0.24951196202994688
2,8	-0.025320088076737357	0.016463029139311223	0.12405435525882096	-0.09069009498740202	0.040049918833927306
2,9	0.016876109157536512	0.01646540761633579	0.3053938515703207	-0.048503342008994865	0.08225556032406789
2,10	-0.004334214208770559	0.016460737799937022	0.7923154415875803	-0.06969512286239767	0.06102669444485655
2,11	0.27970075329203015	0.016450872885879743	1.101107895476467e-64	0.21437901540671309	0.3450224911773472
2,12	-0.050073214656353476	0.01646786349561341	0.0023615453144422583	-0.11546241742108658	0.015315988108379627
2,13	0.0031062561498239327	0.016470748953179723	0.8504129846560724	-0.06229440394633062	0.06850691624597849
2,14	0.00748911437684785	0.016467414915149067	0.6492663051301487	-0.05789830720242989	0.07287653595612559
2,15	0.001701772851860739	0.016470329170915	0.9177065133544646	-0.06369722040829943	0.06710076611202091
2,16	0.06663018521724845	0.016466438222585283	5.2067614028050724e-05	0.0012466418063869777	0.13201372862810992
3,4	-0.6464530489226719	0.016455997074363883	0.0	-0.7117951335032286	-0.5811109643421151
3,5	0.24184390850776394	0.016445921385806576	7.164902507899174e-49	0.1765418316211162	0.3071459853944117
3,6	-0.05220130960321917	0.01644283305087498	0.0015005534515067178	-0.11749112359012272	0.013088504383684377
3,7	0.2612324354608152	0.016451133830561106	1.1341124948448119e-56	0.19590966143837663	0.3265552094832538
3,8	0.025843397943793756	0.0164331072742381	0.11580667734138049	-0.03940779774992788	0.09109459363751539
3,9	0.0407923436222051	0.01643539496199961	0.013067979397027786	-0.024467935829038556	0.10605262307344876
3,10	-0.7202318946787567	0.01644006937565999	0.0	-0.7855107348973231	-0.6549530544601903
3,11	-0.862352661654403	0.016437137658919892	0.0	-0.9276198608595242	-0.7970854624492819
3,12	0.04225662234681016	0.01643644465178295	0.010145421842825084	-0.02300782512404946	0.10752106981766978
3,13	-0.023425469559437473	0.016440343165788428	0.15419763049016402	-0.08870539692074271	0.041854457801867764
3,14	0.005920152827705666	0.016438618418028808	0.7187459695236773	-0.05935292605073464	0.07119323170614597
3,15	0.0078694197752337	0.016440887272360646	0.6321897635958129	-0.05741266807853529	0.07315150762900269
3,16	0.23173031375232453	0.016436625704640814	4.544031610354364e-45	0.16646514737205464	0.2969954801325944
4,5	2.132959941227229	0.016475874998223953	0.0	2.067538927063963	2.1983809553904954
4,6	0.04209004794397775	0.016478059583646742	0.010642208006834656	-0.023339640586744134	0.10751973647469963
4,7	-0.011344836043403972	0.016489175537866642	0.4914444784370934	-0.07681866286714742	0.054128990780339475
4,8	0.06143634897338518	0.016468025884179338	0.00019115692351335834	-0.00395349859016271	0.12682619653693306
4,9	0.00698804529556285	0.0164703592288045	0.6713630051156411	-0.058411067315928586	0.07238715790705429
4,10	-0.012970926173771144	0.01647486080626038	0.43109968114266084	-0.07838791326916889	0.0524460609216266
4,11	-0.44994665686170987	0.01646479186571898	1.7651509642201117e-163	-0.5153236630576508	-0.384569650665769
4,12	-0.027511939141344588	0.01647334441546996	0.09490683511005676	-0.09292290508014897	0.037899026797459795
4,13	0.026361055650280407	0.016477792319714444	0.1096495070521791	-0.03906757165137156	0.09178968295193238
4,14	0.005089506900888885	0.016473689310216515	0.7573623958657612	-0.06032282851687196	0.07050184231864973
4,15	0.0031397082035881096	0.016476941430145157	0.8488774915754692	-0.062285540457562544	0.06856495686473876
4,16	-0.013518754008151807	0.01647393230871757	0.4118687515653534	-0.07893205430385575	0.051894546287552135
5,6	-0.03059510958953668	0.016474002616572215	0.06329085862312557	-0.09600868905773707	0.034818469878663716
5,7	0.4575997574425724	0.016484455466899604	1.3724976834346474e-168	0.3921446726783323	0.5230548422068125
5,8	0.10080178150126906	0.01646579833962642	9.30128988467572e-10	0.03542077888366556	0.16618278411887255
5,9	0.01553566489401359	0.01646738782720274	0.34546965157818466	-0.04985164912673262	0.0809229789147598
5,10	0.55879917628413	0.01645539818076675	1.6388713170020404e-250	0.4934594697397324	0.6241388828285276
5,11	0.46406344442822833	0.016459099203688626	8.019310822782486e-174	0.3987090421743151	0.5294178466821415
5,12	0.0012341567749892535	0.016469166836260523	0.9402647443522782	-0.06416022118480592	0.06662853473478443
5,13	0.025173564226516898	0.01647242945479909	0.12646188407720227	-0.0402337686636625	0.0905808971166963
5,14	0.0036918132071769583	0.01647007537249503	0.8226391452401046	-0.061706172291633415	0.06908979870598733
5,15	0.013443206342454661	0.01647372502555949	0.4144807466283459	-0.0519692708907763	0.07885568357568562
5,16	0.07093647951389248	0.01646939327646305	1.6560450704681358e-05	0.005541202424448763	0.13633175660333618
6,7	0.01010134284099412	0.01648524848620548	0.5400435784234964	-0.055356890777388604	0.07555957645937685
6,8	0.05023740320785969	0.01646137134612002	0.002275404317699231	-0.015126021077490504	0.11560082749320988
6,9	0.04746743920396143	0.016467864652994296	0.0039475536447566364	-0.01792176815640202	0.11285664656432488
6,10	0.05882638872742968	0.016460623901938545	0.0003521466382935266	-0.006534067669636101	0.12418684512449546
6,11	0.00578206836418263	0.016454410979720197	0.7252899805753129	-0.059553718285602006	0.07111785501396727
6,12	0.025418384484844236	0.01646689525834737	0.12268900180284532	-0.03996697368505539	0.09080374265474386
6,13	0.0207591659345209	0.01647183072016647	0.20757197593357052	-0.04464578955070217	0.08616412141974397
6,14	0.012551267115126871	0.016469802665897756	0.4460165447702953	-0.05284563554333878	0.07794816977359252
6,15	-0.013688617490668908	0.01647128227169184	0.4059430804232208	-0.0790913952429685	0.051714160261630684
6,16	-0.020679235404548524	0.016468832258324365	0.2092442994404513	-0.08607228485050741	0.044713814041410366
7,8	-0.04013896448206644	0.0164787942047325	0.014861836489116055	-0.1055715699842063	0.02529364102007342
7,9	-0.009376554910476786	0.016479771812001446	0.5693760777201	-0.07481304221306698	0.056059932392113404
7,10	0.49399097223281985	0.01647485197440062	3.687669637423036e-196	0.4285740202062256	0.5594079242594141
7,11	-0.009580444653193187	0.01646393927845893	0.5606329009032538	-0.07495406546758551	0.05579317616119914
7,12	0.006400318286423262	0.016482595323012515	0.6977896602527931	-0.059047380375434055	0.07184801694828058
7,13	0.0069782133265355595	0.01648401741317307	0.6720544290342583	-0.0584751320509314	0.07243155870400252
7,14	0.017350651863581035	0.01648088244743002	0.2924483895430374	-0.048090245456450464	0.08279154918361253
7,15	-0.06355563138005854	0.016484580909702704	0.0001156263815859597	-0.129011214241996	0.0018999514818789087
7,16	0.08665519166497143	0.016482936891984774	1.4668451594409425e-07	0.021206136729861602	0.15210424660008126
8,9	-0.046097865233403645	0.01645514909260659	0.005089287530280237	-0.11143658271955359	0.0192408522527463
8,10	0.3943739249689181	0.01645212882318966	2.043661991612396e-126	0.32904720011371025	0.45970064982412595
8,11	0.8883488424558378	0.01644323840718974	0.0	0.8230574189142846	0.9536402659973909
8,12	-0.0471497502619454	0.01645945872323641	0.004176745247477198	-0.11250558006574174	0.01820607954185094
8,13	-0.058503182853305885	0.016462401934719546	0.00038006254160993184	-0.12387069931290316	0.006864333606291392
8,14	0.01421216139314714	0.016459576821716997	0.3878886953482159	-0.05114413734613042	0.0795684601324247
8,15	0.033999954201955895	0.01646157806204456	0.038888009209245455	-0.0313642908935442	0.09936419929745599
8,16	0.011739873235002363	0.01645817958610681	0.4756532232366093	-0.053610877479016855	0.07709062394902158
9,10	0.2706727610060972	0.016455901988040224	1.1511059465815414e-60	0.2053310539862908	0.3360144680259036
9,11	0.15151921286444803	0.016446938784576155	3.276666362028889e-20	0.08621309617661695	0.21682532955227912
9,12	-0.06767258545317195	0.01646132220064327	3.944349026652305e-05	-0.1330358145958101	-0.0023093563105338194
9,13	-0.02083704700393635	0.016465681921519787	0.20570274563965057	-0.08621758735834571	0.044543493350473015
9,14	-0.02355334122021007	0.016461709746127914	0.15249374100356233	-0.08891810919575649	0.04181142675533634
9,15	-0.03253514614737707	0.01646546026242363	0.048163252713487675	-0.09791480635655161	0.032844514061797475
9,16	0.0454603214996018	0.016462911919922402	0.005757457320321639	-0.019909219966205025	0.11082986296540863
10,11	0.934381442794253	0.016444178985523812	0.0	0.8690862844836195	0.9996766011048864
10,12	0.12225700117106576	0.01645593131323772	1.1049100970041554e-13	0.056915177709239664	0.18759882463289185
10,13	-0.03438352497020225	0.01646068681808894	0.03672728564263196	-0.09974423118940898	0.030977181249004476
10,14	-0.004058833978337603	0.01645612124352847	0.8051831168911283	-0.06940141159933537	0.06128374364266016
10,15	0.10374961009070363	0.01645954391119208	2.9326310244204705e-10	0.03839344202976132	0.16910577815164596
10,16	0.06654709518898948	0.016455989846813342	5.262161339979635e-05	0.0012050393069805293	0.1318891510709984
11,12	0.2019248499077286	0.01644751984548194	1.3192375230628884e-34	0.13661642599228435	0.26723327382317286
11,13	-0.006401222338287382	0.016453001467245848	0.6972322772701423	-0.07173141221487743	0.058928967538302665
11,14	0.02695804102283267	0.0164496598858552	0.10125559182971916	-0.03835888038434322	0.09227496243000856
11,15	-0.020325963054030963	0.01645255252074422	0.2166754024260572	-0.08565437029173568	0.04500244418367376
11,16	0.27344839960860745	0.016447835246326967	6.195494709144411e-62	0.20813872332610217	0.33875807589111273
12,13	0.009788197660081155	0.016465593449669507	0.5522041317974757	-0.055591991397770615	0.07516838671793293
12,14	-0.011361780929422749	0.016463893009298756	0.49013198027508165	-0.07673521802213819	0.05401165616329269
12,15	-0.06422432243419696	0.01646584750431669	9.61103313237283e-05	-0.12960552027080394	0.0011568754024100236
12,16	-0.029728913565421095	0.016463805335732502	0.07096785948602731	-0.09510200253133778	0.035644175400495595
13,14	-0.03679719140433546	0.01646806007991012	0.025456410186039474	-0.10218717474940561	0.02859279194073469
13,15	0.09894272491894704	0.016471137832675713	1.8997002665308737e-09	0.03354052069290453	0.16434492914498955
13,16	0.048812008647268035	0.01646829043155629	0.0030378132904184947	-0.016578889358681015	0.11420290665321708
14,15	-0.022425240256870357	0.016467253218821813	0.17326326238128537	-0.08781201978601622	0.0429615392722755
14,16	-0.06318449053721771	0.01646608601452531	0.00012454019147682422	-0.12856663543003494	0.0021976543555995015
15,16	0.36515662283818473	0.016467355877766827	1.5655123335442279e-108	0.29976943567956266	0.4305438099968068
1,2,3	-0.008792904421218807	0.00848409436297519	0.30002012373229775	-0.04248083040648634	0.024895021564048728
1,2,4	-0.005566622825215334	0.00848261089839341	0.5116725319059199	-0.03924865839450037	0.0281154127440697
1,2,5	-0.009316513769622926	0.008482309519068993	0.27205744428356243	-0.042997352647317785	0.024364325108071933
1,2,6	0.0031757336883219273	0.008481455496120161	0.7080837217023699	-0.030501714107112513	0.03685318148375637
1,2,7	-0.005901459679825416	0.008482232644286238	0.4865919194034827	-0.03958199330961981	0.02777907394996898
1,2,8	0.0033335782110116563	0.008481749798567627	0.6942989851010251	-0.03034503817574713	0.03701219459777044
1,2,9	0.00021295204661544997	0.008481519135830312	0.9799690801355245	-0.03346474844400996	0.03389065253724086
1,2,10	-0.027332516720124336	0.008482592460492554	0.0012727933769426567	-0.06101447907774849	0.006349445637499819
1,2,11	-0.05023076662038972	0.008483599501010198	3.217748696639881e-09	-0.08391672764952449	-0.016544805591254957
1,2,12	-0.00016971479361105324	0.008481556841788142	0.9840355672296881	-0.033847565003872086	0.03350813541664998
1,2,13	0.007773682433248316	0.008481451521762853	0.35938148210880094	-0.02590374958114349	0.041451114447640124
1,2,14	-0.0012705311468031652	0.008481383147543316	0.8809210295583365	-0.03494769166661364	0.03240662937300731
1,2,15	0.008734277238078708	0.008481392990264578	0.3031001462495916	-0.024942922364378797	0.042411476840536214
1,2,16	-0.006354458202317725	0.008481592961305219	0.4537359826691968	-0.04003245183290931	0.027323535428273857
1,3,4	-0.010964516998692483	0.00848492792871489	0.19628063767634066	-0.04465575283646065	0.022726718839075684
1,3,5	0.01318504809180468	0.00848541648577996	0.12022564734171198	-0.020508127667131684	0.046878223850741044
1,3,6	-0.005639910506763546	0.008483387969674159	0.5061692128384772	-0.039325031605118764	0.028045210591591672
1,3,7	0.01804948437823392	0.008485462338382686	0.0334150595778214	-0.015643873448348174	0.051742842204816016
1,3,8	0.02003183148061094	0.008483936781050246	0.01822145723024592	-0.013655468791646232	0.05371913175286811
1,3,9	0.00159977295960851	0.008483501555072463	0.8504268406533417	-0.032085799154061644	0.035285345073278664
1,3,10	0.017741463477803456	0.008484805918749781	0.03653483927654502	-0.015949287893090795	0.051432214848697706
1,3,11	0.04953879074353501	0.008486519433887658	5.3294620497044626e-09	0.0158412354913224	0.08323634599574761
1,3,12	0.009608743858097568	0.008483549461928624	0.2573728938216565	-0.02407701848007452	0.04329450619626966
1,3,13	0.004401707914214736	0.008483384940045914	0.603858637272473	-0.0292834011543483	0.03808681698277777
1,3,14	-0.0029285317382017756	0.008483311748889293	0.7299369644775273	-0.03661335018549617	0.03075628670909262
1,3,15	-0.001900951816101143	0.008483403300130579	0.8226966194317052	-0.03558613378733909	0.0317842301551368
1,3,16	-5.755677002983184e-05	0.008483502277404471	0.9945867728441973	-0.033743131751874975	0.03362801821181531
1,4,5	-0.013997984664303215	0.008483183797688988	0.09893025335939268	-0.04768229505376831	0.01968632572516188
1,4,6	-0.006921842051350435	0.00848195002167053	0.41446470904449473	-0.040601253467110854	0.026757569364409983
1,4,7	-0.011072978669085687	0.008483963452813903	0.19184114141107947	-0.04476038484733135	0.022614427509159978
1,4,8	-0.013580250596997995	0.00848227579930009	0.10937858064696829	-0.04726095558307986	0.020100454389083873
1,4,9	-0.0032445865046315525	0.008481990199169655	0.702072115930964	-0.03692415745381521	0.0304349844445521
1,4,10	0.007427301199815273	0.008484022531811457	0.3813347473853581	-0.026260339564328626	0.04111494196395917
1,4,11	0.006534171891924068	0.00848490245355485	0.441247042616868	-0.027156962791228284	0.04022530657507642
1,4,12	-0.0003753923569803641	0.008482050495875828	0.9646994751025799	-0.03405520272723689	0.03330441801327616
1,4,13	0.0024454000400738196	0.008481924439177278	0.773112524121576	-0.031233909794881116	0.036124709875028756
1,4,14	-0.0005107772069898597	0.008481800875297292	0.9519803100375586	-0.03418959640491681	0.03316804199093709
1,4,15	-0.004546289599984862	0.00848194309338345	0.5919630285933333	-0.03822567350548758	0.029133094305517852
1,4,16	0.0020157304739319426	0.008482023355627198	0.812155380543653	-0.03166397213011549	0.03569543307797938
1,5,6	0.008978759029798486	0.00848201521920669	0.2898022545255146	-0.024700911266836968	0.04265842932643394
1,5,7	0.0008026453652116225	0.008483494471873642	0.9246228498899081	-0.03288289862309036	0.0344881893535136
1,5,8	0.011924349736619703	0.008482082844777398	0.15978009639429563	-0.021755589081925486	0.04560428855516489
1,5,9	-0.003920758985300157	0.008481920834005554	0.6439043902345067	-0.03760005450514343	0.029758536534543113
1,5,10	0.009598705863895052	0.00848326702714889	0.2578544732564571	-0.024085935006086294	0.0432833467338764
1,5,11	-0.028022747383602678	0.008484981582318963	0.0009583590727796394	-0.061714196264574465	0.005668701497369109
1,5,12	0.008006667574235293	0.008481973186248583	0.3451922278538041	-0.025672835821476968	0.041686170969947554
1,5,13	0.0020390847571868376	0.008481858846122023	0.8100167610014348	-0.03163996462639922	0.03571813414077289
1,5,14	0.007883374847032346	0.00848182425673191	0.35266292554987755	-0.025795537191922194	0.041562286885986885
1,5,15	-0.00014764007056916606	0.008481856518270221	0.9861123186931882	-0.03382668021091771	0.03353140006977938
1,5,16	8.063526006726884e-06	0.008481969417195733	0.9992414808083889	-0.03367142490386852	0.033687551955881974
1,6,7	0.0009618535210798584	0.008481840130258688	0.9097125974388129	-0.03271712154713536	0.034640828589295077
1,6,8	-0.0023555195633954695	0.008481478412024429	0.7812242850481305	-0.03603305835136887	0.03132201922457793
1,6,9	-0.011956837988778363	0.008481364626922503	0.15861026048573787	-0.04563392496847054	0.021720248990913814
1,6,10	-0.010334372435338163	0.008482077882552487	0.22308510021356265	-0.0440142915502994	0.023345546679623075
1,6,11	0.013194957283999068	0.008482951721590073	0.11983971269631782	-0.020488431597275675	0.04687834616527381
1,6,12	-0.005879252986120478	0.008481411842110317	0.48819115060453777	-0.039556527443896275	0.027798021471655318
1,6,13	-0.0036802034788316618	0.008481328331321541	0.6643492536643422	-0.03735714633901426	0.02999673938135094
1,6,14	-0.0014873133708925151	0.008481280740216233	0.8607939952900406	-0.03516406726033002	0.03218944051854499
1,6,15	0.015236545260541634	0.00848135029392058	0.07242354509936491	-0.018440484806875962	0.04891357532795923
1,6,16	0.006176153340285748	0.008481416170518976	0.4664948575719511	-0.027501138304369913	0.03985344498494141
1,7,8	-0.004846959358339495	0.00848215935689112	0.567710299213994	-0.03852720198472955	0.028833283268050562
1,7,9	0.010393757326292961	0.00848189363145662	0.22042710365997367	-0.023285430179964428	0.04407294483255035
1,7,10	-0.006093787031778108	0.00848367260381586	0.4725775184216061	-0.03978003833136498	0.027592464267808762
1,7,11	-0.004207533525119687	0.008484946054782935	0.6199792589727263	-0.037898841336349326	0.02948377428610995
1,7,12	0.0008949063559913206	0.008481886833983623	0.9159731082823409	-0.032784254159433875	0.034574066871416516
1,7,13	-0.0075994587671250335	0.008481851553719883	0.3702738080425383	-0.04127847919465602	0.026079561660405953
1,7,14	0.007675152209593611	0.00848170467111636	0.3655182018272306	-0.026003284988889666	0.04135358940807689
1,7,15	0.009629311543863955	0.008481764840302641	0.2562557127113366	-0.024049364569346962	0.04330798765707487
1,7,16	-0.0066406766919545335	0.008481866082769485	0.4336732686829621	-0.040319754810209676	0.02703840142630061
1,8,9	0.009442182565111479	0.008481505358128015	0.2655978640667975	-0.024235463218176254	0.04311982834839921
1,8,10	0.004399715350980742	0.008482360678152175	0.6039787707130491	-0.029281326664884665	0.03808075736684615
1,8,11	-0.004984915537834714	0.00848343753177813	0.5567991317572697	-0.038670233433210195	0.028700402357540768
1,8,12	0.0014184088883848756	0.008481552450939164	0.8671860071546554	-0.03225942388706355	0.0350962416638333
1,8,13	0.004320112934020848	0.008481430070964005	0.6105007122462343	-0.029357233905348973	0.03799745977339067
1,8,14	6.268808081313915e-05	0.008481405893214637	0.9941027230687319	-0.033614562755589675	0.03373993891721595
1,8,15	0.005257630851632639	0.008481445946500233	0.5353272098344211	-0.02841977902497682	0.038935040728242096
1,8,16	0.005411234728876432	0.008481497640713702	0.5234729715061945	-0.028266380410753765	0.03908884986850663
1,9,10	-0.0037903886720788565	0.008482131034868072	0.6549722578944019	-0.037470518839769686	0.029889741495611973
1,9,11	-0.00037559684354901424	0.008483005169234774	0.9646842307650824	-0.034059197950221276	0.03330800426312325
1,9,12	-0.004130496729176231	0.00848140230701126	0.6262555176917655	-0.03780773332578529	0.02954673986743283
1,9,13	-0.0040451341672949614	0.008481370759614245	0.6334040387356695	-0.03772224549816201	0.02963197716357209
1,9,14	0.0019029954645730512	0.008481290769535091	0.8224657079422343	-0.03177379824843748	0.03557978917758358
1,9,15	0.004714374379453379	0.008481393167042103	0.5783160073654829	-0.02896282592493741	0.03839157468384417
1,9,16	-0.005481674481112447	0.008481414763281599	0.5180770339930336	-0.03915896053802868	0.028195611575803782
1,10,11	0.026521814754044304	0.008485266397452215	0.0017750383654812026	-0.007170765046825116	0.060214394554913724
1,10,12	-0.0030333162108430456	0.008482159818693637	0.7206354092375457	-0.03671356067091957	0.030646928249233478
1,10,13	0.0017670145326287579	0.0084820045434328	0.8349757952238743	-0.031912613373544584	0.0354466424388021
1,10,14	-0.013206810333418834	0.008481913904040293	0.11946230705635111	-0.046886078336340814	0.020472457669503147
1,10,15	-0.004068052328560806	0.008482037229383257	0.6315078588587376	-0.0377478100213481	0.029611705364226484
1,10,16	-0.005932797673131589	0.008482131844887178	0.4842755829658836	-0.03961293105717793	0.027747335710914756
1,11,12	0.0017385092038364608	0.008483045623194702	0.8376202283028475	-0.03194525253400627	0.03542227094167919
1,11,13	0.009495159437117762	0.008482927452451374	0.26300541658857446	-0.024188133078308936	0.04317845195254446
1,11,14	0.005845926328157558	0.008482808532911931	0.4907314850507313	-0.027836893991596674	0.03952874664791179
1,11,15	-0.010785096710911019	0.008482956733207762	0.20359668042918838	-0.044468505491894385	0.022898312070072348
1,11,16	0.0030634321541220116	0.008483071325793857	0.718008703752079	-0.030620431641432584	0.03674729594967661
1,12,13	-0.004473474957668519	0.008481380706564727	0.5978853720121695	-0.038150625785047194	0.029203675869710156
1,12,14	-0.004327387939699501	0.008481297093009071	0.6098941170391898	-0.03800420676142692	0.02934943088202792
1,12,15	0.0014469873547009737	0.008481339135847652	0.8645322685527639	-0.03222999840718219	0.035123973116584134
1,12,16	0.0013497426883835317	0.00848142156564105	0.8735582206743376	-0.03232757037876761	0.03502705575553467
1,13,14	-0.004005492351289441	0.008481264046976566	0.6367318528903769	-0.0376821799566195	0.02967119525404062
1,13,15	0.00044625445702079977	0.00848132739796389	0.9580379463202635	-0.033230684697064	0.03412319361110559
1,13,16	-0.0025940069437147446	0.008481284179145974	0.7597193058168843	-0.03627077448816428	0.031082760600734793
1,14,15	-0.000316093990370539	0.008481288604348432	0.9702701844697168	-0.03399287910604059	0.03336069112529951
1,14,16	0.0030992845888004605	0.00848130624256278	0.7147951141326265	-0.03057757056320276	0.03677613974080368
1,15,16	-0.009185130564236553	0.008481354565404848	0.2788217722217519	-0.04286217759250344	0.024491916464030337
2,3,4	0.10967442074736813	0.008486758315713543	3.730417716337325e-38	0.07597591696335881	0.14337292453137745
2,3,5	-0.11973625772093786	0.008486496250527336	3.910769353349403e-45	-0.1534337209186196	-0.08603879452325613
2,3,6	0.021536376735430542	0.008484134106243832	0.011137491265136312	-0.012151707059054478	0.05522446052991556
2,3,7	-0.14989567702006407	0.008486820459415928	1.2050026909277847e-69	-0.18359442755904298	-0.11619692648108516
2,3,8	-0.026884753353726448	0.008485083766067672	0.0015331498905950946	-0.06057660797730506	0.006807101269852164
2,3,9	-0.020803928098599656	0.008484310740632979	0.01420728833013028	-0.0544927132580122	0.012884857060812889
2,3,10	0.05647579592982539	0.00848627391227983	2.8567750597683505e-11	0.022779215574095353	0.09017237628555544
2,3,11	-0.19232236596063482	0.008487971563869724	3.2652739334845695e-113	-0.2260256872080455	-0.15861904471322413
2,3,12	0.008958746531079226	0.00848428821765352	0.2910078756243588	-0.024729949195987033	0.042647442258145485
2,3,13	-0.007712996393002963	0.008484075833981197	0.36329314078064423	-0.04140084880490469	0.025974856018898762
2,3,14	-0.006363554080241418	0.008484133431378474	0.45322525753500276	-0.040051635195028024	0.027324527034545187
2,3,15	-0.005676551187637165	0.008484004918007155	0.5034413800381721	-0.03936412201237324	0.028011019637098913
2,3,16	-0.06113180249976943	0.008484559411761653	5.865896102587703e-13	-0.09482157506151617	-0.0274420299380227
2,4,5	-0.04685973471937761	0.008484213243575832	3.3424317185661344e-08	-0.08054813274570272	-0.013171336693052517
2,4,6	0.007083606134075354	0.008482647777050923	0.40368134461197225	-0.026598575869871008	0.040765788138021716
2,4,7	-0.037860902834705834	0.008485386677358587	8.137758799856658e-06	-0.07155396023287793	-0.004167845436533743
2,4,8	0.007603549888378004	0.008483741017152744	0.3701228460215302	-0.02608297306111406	0.04129007283787007
2,4,9	0.009705988382024938	0.008482734677109402	0.25254290029718723	-0.023976538677340765	0.04338851544139064
2,4,10	0.026256042520077766	0.008485538156162736	0.0019742309006576682	-0.007437616357347639	0.05994970139750317
2,4,11	0.07084639681655869	0.008486464919563999	7.070980504891345e-17	0.03714905802522239	0.10454373560789498
2,4,12	0.013249539233907537	0.008482854930344038	0.11831186667118249	-0.020433465316854964	0.04693254378467004
2,4,13	-0.014802292394101031	0.00848260563834597	0.08098672359723276	-0.04848430707723355	0.018879722289031488
2,4,14	-0.001269932507536209	0.008482661427924395	0.8809945205399016	-0.034952168715219056	0.03241230370014664
2,4,15	-0.014551047434526523	0.008482568013661176	0.08627571238308357	-0.04823291272073554	0.01913081785168249
2,4,16	0.00010580004091167994	0.008483238816824811	0.9900493549683218	-0.03357872881389528	0.03379032889571864
2,5,6	-0.0009583339522027355	0.008482442928700113	0.9100479324393022	-0.03463970256160337	0.032723034657197905
2,5,7	-0.0367733475223741	0.00848435463583594	1.4648003351844863e-05	-0.07046230697715457	-0.0030843880675936325
2,5,8	0.040867001085324234	0.008482955720515344	1.4567196272867271e-06	0.007183596325454462	0.07455040584519401
2,5,9	-0.0011736195482937722	0.008482597473886862	0.8899593881261545	-0.034855601812681	0.032508362716093454
2,5,10	-0.009674438330940963	0.008484275462105891	0.2541745262286417	-0.04336308340935505	0.02401420674747312
2,5,11	-0.07655261762668764	0.00848612596695342	1.9157454410243935e-19	-0.1102486105335996	-0.04285662471977567
2,5,12	0.016285652078759226	0.008482552489630382	0.054875017347947995	-0.017396151565938267	0.04996745572345672
2,5,13	0.004126585924651184	0.008482391546918294	0.6266225386653881	-0.029554578662305944	0.03780775051160831
2,5,14	-0.004151638426056287	0.008482396749484152	0.6245307334834398	-0.03783282367092291	0.029529546818810336
2,5,15	-0.0031105119716485774	0.00848236174395346	0.7138413980567097	-0.036791558219507796	0.03057053427621064
2,5,16	-0.022933613390303337	0.008482764579367101	0.006862054278478376	-0.05661625918303068	0.01074903240242401
2,6,7	-0.0033125436665036173	0.008482367275791556	0.6961525437560359	-0.03699361187971875	0.030368524546711517
2,6,8	-0.0001498492570819604	0.008481890144154562	0.9859045901250232	-0.03382902291625461	0.033529324402090686
2,6,9	0.0025860346620740354	0.00848161914364709	0.7604443050178562	-0.031092062931151306	0.036264132255299376
2,6,10	0.00772739372593486	0.008482702223371124	0.362320450735665	-0.02595500446886543	0.04140979192073515
2,6,11	0.0073460532713375964	0.008483748389387967	0.386549858588382	-0.02634049895120401	0.0410326054938792
2,6,12	0.001973899451178318	0.008481690436265362	0.8159758847303363	-0.031704481224759794	0.03565228012711643
2,6,13	-0.00962824129895766	0.00848153919389788	0.25629591649718786	-0.04330602143446522	0.0240495388365499
2,6,14	-0.010780408777056463	0.008481526636648145	0.20371701691797744	-0.04445813905129639	0.022897321497183463
2,6,15	0.0016261961356607846	0.008481555468932306	0.8479517785024231	-0.03205164862338014	0.03530404089470171
2,6,16	0.010555993054096713	0.008481767855573209	0.21330142204227365	-0.023122695031896137	0.04423468114008956
2,7,8	-0.005126418703484986	0.008483326237012886	0.5456507035673435	-0.03881129467899799	0.02855845727202802
2,7,9	0.004311363622001678	0.008482438505875852	0.6112662192583229	-0.029369987425621594	0.03799271466962495
2,7,10	-0.027589893001187263	0.008484952572502358	0.0011480674052664367	-0.0612812266924272	0.006101440690052674
2,7,11	-0.15661011816393733	0.008486155085501355	7.546690319861503e-76	-0.19030622669232233	-0.12291400963555232
2,7,12	-0.010175711524970137	0.008482442828726169	0.23029127685645331	-0.043857079737402674	0.023505656687462396
2,7,13	0.010061367369762077	0.008482288409073412	0.23556280960005657	-0.023619387686143647	0.0437421224256678
2,7,14	0.007400627637587101	0.00848230023790408	0.38295049799146896	-0.02628017438724129	0.04108142966241549
2,7,15	0.010271142128625923	0.008482271349957498	0.2259400620077245	-0.023409545190381822	0.043951829447633664
2,7,16	-0.015539078486174834	0.008482696692863946	0.06697756897005526	-0.049221454720903904	0.018143297748554235
2,8,9	-5.9133380094222865e-05	0.00848196415947609	0.9944374861767344	-0.03373860093305997	0.033620334172871524
2,8,10	0.0464068069754871	0.008483622671184046	4.5131304429803265e-08	0.012720753944181186	0.08009286000679303
2,8,11	-0.1543504408989127	0.008484580469783428	9.22593029600815e-74	-0.18804029707607536	-0.12066058472175004
2,8,12	0.005772131566230368	0.00848203917328059	0.4961826509910108	-0.027907633845220416	0.03945189697768115
2,8,13	0.005694906082215637	0.008481836147593534	0.5019530751107182	-0.027984053171968858	0.03937386533640013
2,8,14	-0.0009368631234621949	0.008481780518466304	0.9120481323508949	-0.03461560149020242	0.03274187524327803
2,8,15	-0.002998250579218792	0.008481762103377283	0.7237194273521581	-0.03667691582487745	0.030680414666439865
2,8,16	0.007882059554945003	0.008482101230523982	0.3527589843480887	-0.025797952268171283	0.04156207137806129
2,9,10	-0.021418056047602753	0.008482785594644765	0.011576040021598982	-0.05510078528602132	0.012264673190815811
2,9,11	-0.04548299210268847	0.008483855327307709	8.299427993066557e-08	-0.07916996894529807	-0.011796015260078875
2,9,12	0.004374642144109153	0.00848163049782021	0.6060109598883165	-0.02930350053330872	0.038052784821527026
2,9,13	0.008790083779899052	0.0084816306037214	0.3000348152048327	-0.024888059318022328	0.04246822687782043
2,9,14	0.0013464839384415422	0.008481652493013341	0.8738643416384724	-0.032331746075633196	0.03502471395251628
2,9,15	0.003853341344322664	0.008481557925769885	0.6496000817583474	-0.029824513170121608	0.037531195858766936
2,9,16	-0.00018315555428675967	0.008481744951416965	0.9827718167365054	-0.033861752694388715	0.033495441585815196
2,10,11	-0.19325810456560338	0.00848649067127934	2.4779613930655807e-114	-0.22695554560967796	-0.1595606635215288
2,10,12	0.00906118033986153	0.008482842836312178	0.2854445968035346	-0.024621776188939792	0.04274413686866285
2,10,13	-0.00018282179534231946	0.008482593613854068	0.9828049265087418	-0.033864788732637055	0.033499145141952416
2,10,14	-0.0019712615260287225	0.008482572992178574	0.8162361954321642	-0.035653146580514515	0.03171062352845707
2,10,15	-0.004108698648577852	0.008482548335172976	0.6281244159407973	-0.03779048579710644	0.029573088499950738
2,10,16	-0.006266904987704824	0.008483152201581232	0.4600632479028167	-0.039951089918011405	0.027417279942601756
2,11,12	-0.01614240776100548	0.008483876796981198	0.057082141199310044	-0.04982946985358289	0.017544654331571936
2,11,13	-0.00597508182206162	0.008483642412326	0.4812447004915069	-0.03966121323982819	0.027711049595704952
2,11,14	-0.010022402475430778	0.008483699438714317	0.23745952129938416	-0.04370876032876804	0.023663955377906484
2,11,15	-0.004480751248140125	0.008483668088059036	0.5973887370499567	-0.038166984616940854	0.029205482120660604
2,11,16	-0.04007175345036516	0.008484151207149413	2.327376857878792e-06	-0.07375990514768305	-0.006383601753047287
2,12,13	0.006338730390099259	0.00848152922732004	0.4548508530828299	-0.02733901017096202	0.04001647095116054
2,12,14	0.008705082163108974	0.008481515644378722	0.30472618447850974	-0.024972604463955085	0.04238276879017303
2,12,15	-0.003121403543170788	0.008481522119652859	0.7128565799882205	-0.036799115881706985	0.03055630879536541
2,12,16	-0.0001761376309580981	0.008481799076195158	0.9834319534453748	-0.0338549496851621	0.03350267442324591
2,13,14	-0.001671574700248979	0.008481542415530358	0.8437625834372579	-0.03534936762794293	0.032006218227444976
2,13,15	0.005525681280348471	0.008481456442100327	0.5147251928043628	-0.028151770271304187	0.03920313283200113
2,13,16	-0.007422959551680985	0.008481724587568653	0.3814841724720296	-0.04110147583273242	0.026255556729370452
2,14,15	0.007578006058794377	0.008481503699973345	0.37160658792252743	-0.02609963314043271	0.041255645258021466
2,14,16	0.004855500938139759	0.00848169557855202	0.5670068570776563	-0.028822900156356288	0.038533902032635806
2,15,16	-0.005019569833246439	0.008481751059195153	0.553981139812278	-0.03869819122559863	0.028659051559105753
3,4,5	-0.5496357850966235	0.00848785904757744	0.0	-0.5833386595738352	-0.5159329106194117
3,4,6	0.062292427541874	0.00848499129908382	2.137589534873096e-13	0.02860094007839225	0.09598391500535575
3,4,7	0.16148426190415144	0.008489219256412297	1.870131730428734e-80	0.12777598642447646	0.19519253738382641
3,4,8	0.12438512329784807	0.008486196268290657	1.4520662290505942e-48	0.09068885124431843	0.15808139535137772
3,4,9	0.010355934034073967	0.008485068382776628	0.2222840301762291	-0.02333585950683065	0.04404772757497859
3,4,10	0.17501303173423027	0.008488277814171117	3.841385680397185e-94	0.14130849445396507	0.20871756901449548
3,4,11	0.5025348027613503	0.008490895188798867	0.0	0.4688198726307745	0.5362497328919261
3,4,12	0.020051492515804792	0.008485215478676186	0.01812531698534135	-0.013640885101085437	0.05374387013269502
3,4,13	0.003849172684223731	0.008484988239409018	0.6500858942640312	-0.029842302630159502	0.037540647998606964
3,4,14	0.0023282472703137214	0.008484978357519194	0.7837809248429891	-0.03136318880589526	0.0360196833465227
3,4,15	0.008980046172975542	0.008484959278645577	0.2899004978591468	-0.02471131414645201	0.04267140649240309
3,4,16	0.018682702271454174	0.008485540392222823	0.02768935966605357	-0.015010965484729945	0.05237637002763829
3,5,6	0.008684975300635861	0.008485545437254027	0.3060743137823906	-0.025008712487932447	0.04237866308920417
3,5,7	-0.309326664147714	0.008487556726933848	8.001135389832126e-288	-0.3430283381956248	-0.2756249900998032
3,5,8	-0.005509753080247953	0.008486220741220405	0.5161734930195689	-0.03920612230882195	0.028186616148326044
3,5,9	0.015559072358648701	0.008485622311533539	0.06672095759657837	-0.018134920675821828	0.04925306539311923
3,5,10	-0.30955632457688	0.008487231209119216	2.8938491450631857e-288	-0.3432567060861205	-0.27585594306763944
3,5,11	-0.08298250084495915	0.008489684779947961	1.5027011486990425e-22	-0.1166926247862074	-0.0492723769037109
3,5,12	0.02336866546501265	0.008485613227987411	0.005890365293986723	-0.010325291501279407	0.05706262243130471
3,5,13	-0.007437076460448791	0.008485405619880511	0.38078603028433045	-0.04113020907398852	0.026256056153090936
3,5,14	-0.0011692083485505267	0.008485379642805343	0.8904060904186014	-0.03486223781451219	0.03252382111741114
3,5,15	0.01252578899682455	0.008485400798530225	0.13990654811181796	-0.0211673244725043	0.0462189024661534
3,5,16	-0.07882456377907705	0.008485683174242285	1.602989506702861e-20	-0.1125187984820557	-0.0451303290760984
3,6,7	0.008083743788460829	0.008485506590374309	0.34076951486407914	-0.025609789750195497	0.041777277327117154
3,6,8	-0.01021046635094669	0.008484005104446456	0.22878892225486133	-0.043898037915980216	0.023477105214086837
3,6,9	-0.02171009509313842	0.00848357837187277	0.010497472761535847	-0.05539597222447722	0.011975782038200385
3,6,10	-0.020044309969837304	0.008484885927518289	0.01816226048136371	-0.05373537903279819	0.01364675909312358
3,6,11	0.03954888873586762	0.008486611768146048	3.166190404269871e-06	0.005850966850573215	0.07324681062116203
3,6,12	-0.01840899478965579	0.008483562076372946	0.03001353500021521	-0.05209480721619895	0.015276817636887367
3,6,13	-0.004341027271773719	0.008483506834547584	0.608861378855011	-0.03802662034873819	0.02934456580519075
3,6,14	-0.005211685984578419	0.008483433341338244	0.5389949384804562	-0.0388969872409088	0.028473615271751962
3,6,15	-0.0032780585589031186	0.008483421135855382	0.699196104433585	-0.03696331135073209	0.03040719423292585
3,6,16	0.000130792303209476	0.0084835567999523	0.9876994264709564	-0.033554999172167824	0.033816583778586776
3,7,8	-0.08047468073925983	0.008486532046913743	2.5614249714022393e-21	-0.11417228607421209	-0.046777075404307554
3,7,9	-0.04158099373101393	0.00848562729180768	9.599067440919435e-07	-0.07527500654073677	-0.007886980921291087
3,7,10	-0.03721850631986172	0.008488508499747567	1.1639881735335539e-05	-0.070923959586948	-0.003513053052775432
3,7,11	-0.10783500844436089	0.008490163407058464	6.461337448712904e-37	-0.14154703287775167	-0.07412298401097013
3,7,12	-0.06145200715829391	0.00848566614330431	4.475755103527258e-13	-0.09514617423626118	-0.027757840080326647
3,7,13	0.0038258234716455897	0.00848551559495299	0.6520882652453366	-0.029867745821631937	0.03751939276492312
3,7,14	-0.007965019475389357	0.008485391845896308	0.3479015521547295	-0.04165809739635489	0.025728058445576178
3,7,15	-0.03481159080659251	0.008485393782690543	4.091646330542861e-05	-0.06850467641801716	-0.0011185051951678598
3,7,16	-0.07636177840237288	0.008485855247224224	2.3449980233626157e-19	-0.11005669635822822	-0.04266686044651753
3,8,9	-0.01852058586698807	0.008484163992095319	0.02904244960982145	-0.05220878832969032	0.015167616595714181
3,8,10	-0.1338159613163048	0.008485985697061193	6.490808683853864e-56	-0.16751139725136507	-0.10012052538124452
3,8,11	-0.3638893664431855	0.00848735422803698	0.0	-0.397590236425564	-0.33018849646080695
3,8,12	0.00485826437224629	0.008484149654684307	0.5668984088402631	-0.028829881160674142	0.03854640990516672
3,8,13	0.01578948867678065	0.00848405780589965	0.06273786190995456	-0.017898292150736128	0.04947726950429743
3,8,14	0.0008663974161041421	0.008483993608521272	0.9186606273957478	-0.03282112850187972	0.03455392333408801
3,8,15	0.00903527073472702	0.008483921594079862	0.28688562410161955	-0.02465196923438967	0.04272251070384371
3,8,16	-0.0007278206557556066	0.008484177227590938	0.9316370849880216	-0.03441607567284702	0.032960434361335805
3,9,10	0.08487043907637887	0.00848491498949778	1.546765330398976e-23	0.05117925461656215	0.11856162353619559
3,9,11	-0.10771307799293917	0.008486657929429906	7.257652909993764e-37	-0.14141118317156431	-0.07401497281431403
3,9,12	0.015771256685197313	0.00848366282015428	0.06302963468043773	-0.017914955766251732	0.04945746913664636
3,9,13	0.002185392709007153	0.008483601250280633	0.7967149160422328	-0.03150057526598305	0.03587136068399736
3,9,14	0.006083790617932738	0.008483569606626955	0.47329882844721227	-0.027602051709107615	0.03976963294497309
3,9,15	-0.016546314690177213	0.008483532112711894	0.051132386555164784	-0.05023200813954348	0.017139378759189056
3,9,16	-0.02043979185548528	0.00848360041595299	0.015984675053378975	-0.05412575651759768	0.01324617280662712
3,10,11	0.33394599571872535	0.008490183777233365	0.0	0.300233890401163	0.3676581010362877
3,10,12	0.04888788001912904	0.008485124987182069	8.370529661337466e-09	0.015195861718227732	0.08257989832003035
3,10,13	-0.004167124800131882	0.008484801501888534	0.6233375169502255	-0.037857858632926206	0.029523609032662438
3,10,14	0.010315549848334347	0.008484815039810752	0.2240785884485418	-0.02337523773969915	0.044006337436367844
3,10,15	0.044452700480718	0.008484803438761561	1.6187914384496482e-07	0.0107619589571517	0.0781434420042843
3,10,16	-0.015981419417393714	0.008485236770886403	0.05964557185088643	-0.049673881579595576	0.01771104274480815
3,11,12	-0.08728796597762463	0.00848675497366968	8.594345371671359e-25	-0.12098645649132819	-0.05358947546392106
3,11,13	0.025217566820774515	0.008486683982972943	0.0029652988389080965	-0.008480641809060843	0.05891577545060987
3,11,14	-0.007306960599273882	0.008486492376358516	0.3892354129841685	-0.041004408413732964	0.0263904872151852
3,11,15	0.04206543768710362	0.008486606925401383	7.189048690183684e-07	0.00836753503097109	0.07576334034323615
3,11,16	-0.19171230321363564	0.008486917822289816	1.5432277228279262e-112	-0.22541144035289842	-0.15801316607437285
3,12,13	-0.005403282056040848	0.008483494546454907	0.5241811945743671	-0.039088826340483815	0.02828226222840212
3,12,14	0.0052460599279285924	0.008483523323939651	0.5363256397205018	-0.028439598623722473	0.03893171847957966
3,12,15	-0.017187672136270524	0.008483472096784631	0.042767056215273234	-0.05087312727945713	0.01649778300691608
3,12,16	-0.0036884943538010584	0.008483740408487463	0.6637292752556334	-0.037375014886456386	0.02999802617885427
3,13,14	-0.006869402688257781	0.00848356876819894	0.41809823596457674	-0.04055524168613892	0.02681643630962336
3,13,15	-0.01735657928580247	0.008483474814846079	0.040767561705436675	-0.05104204522163811	0.016328886650033174
3,13,16	-0.004071478713771864	0.008483569224948105	0.631282231372793	-0.03775731952527405	0.029614362097730322
3,14,15	0.008769332915807872	0.008483387938369615	0.3012773522381902	-0.024915788058245902	0.042454453889861646
3,14,16	-0.005134772691920364	0.008483491697949508	0.5450041511983489	-0.03882030566575846	0.028550760281917734
3,15,16	-0.002023704579833807	0.008483676516065453	0.811462299088308	-0.03570997141385124	0.031662562254183624
4,5,6	-0.047811172213600386	0.008483197799290139	1.747972923179339e-08	-0.08149553819944183	-0.014126806227758935
4,5,7	-0.17969421959408952	0.008486257045645599	3.6054027420035783e-99	-0.21339073297721162	-0.14599770621096742
4,5,8	-0.38806863726777485	0.008483907914265102	0.0	-0.42175582291823743	-0.35438145161731227
4,5,9	-0.05038661087502297	0.008483280301993702	2.8734193774338218e-09	-0.08407130445563793	-0.016701917294408015
4,5,10	-0.23525781444537044	0.00848590445803905	3.69718459829973e-168	-0.26895292780337676	-0.20156270108736413
4,5,11	-0.2610992642593407	0.008488061901845806	2.909227866298387e-206	-0.29480294421316383	-0.2273955843055176
4,5,12	-0.10697284311162845	0.008483281540364155	2.0611177894126987e-36	-0.1406575416094603	-0.0732881446137966
4,5,13	-0.0066490877530789305	0.008483185573265481	0.43316268967514104	-0.04033340519285333	0.027035229686695472
4,5,14	0.006130928432880184	0.008483124048909257	0.4698542259378158	-0.027553144711172123	0.03981500157693249
4,5,15	-0.034052927730572405	0.008483245311344848	5.973161446684277e-05	-0.0677374823732715	-0.000368373087873311
4,5,16	0.01612488862296859	0.008483441125965465	0.05733948038202914	-0.017560443543902675	0.049810220789839856
4,6,7	-0.007105555519793541	0.008483895485048307	0.40229532418172287	-0.040792691817370885	0.026581580777783803
4,6,8	-0.005968265402207046	0.00848234868363163	0.48167826085665755	-0.039649259791242404	0.027712728986828312
4,6,9	-0.019777911129648107	0.00848197763503424	0.019716589075375844	-0.05345743219022306	0.013901609930926845
4,6,10	-0.004377708233470071	0.008484056356016702	0.6058615457097295	-0.03806548330391398	0.02931006683697384
4,6,11	-0.004848406897710961	0.008484976994201088	0.567723281503896	-0.038539837560571444	0.028843023765149522
4,6,12	-0.020361838827384987	0.00848205441505023	0.016372033485416163	-0.054041664759568515	0.013317987104798541
4,6,13	-0.0014517098322636701	0.008481986145149261	0.8641047076623167	-0.035131264684085235	0.032227845019557895
4,6,14	-0.005187130514220234	0.008481867752653631	0.5408342632096212	-0.03886621526311044	0.02849195423466997
4,6,15	0.003053516090738957	0.008481918583030974	0.7188460923748634	-0.030625770491124395	0.03673280267260231
4,6,16	-0.008711798193300119	0.008482031261683442	0.3043826297139147	-0.04239153219004855	0.02496793580344831
4,7,8	0.012335355213837468	0.008485031980502818	0.1460127330304333	-0.02135629378399003	0.04602700421166497
4,7,9	-0.007009126749540101	0.008484045499166901	0.40871993725830913	-0.04069685871052095	0.026678605211440748
4,7,10	-0.12671684496514352	0.008486804557978669	2.521094509387429e-50	-0.16041553236403716	-0.09301815756624987
4,7,11	0.11079676008456114	0.008488683254651044	6.921484191218932e-39	0.07709061291545044	0.14450290725367185
4,7,12	0.021680757040102874	0.008484086086665345	0.010607013782221711	-0.012007136082291911	0.05536865016249766
4,7,13	-0.0024076007455298976	0.008483996160319016	0.7765787959234843	-0.03609513679597691	0.031279935304917114
4,7,14	-0.005186989240212936	0.008483878980198927	0.5409412347259162	-0.038874060001727086	0.028500081521301214
4,7,15	-0.0033711426522307353	0.008483940672317277	0.6911064744495827	-0.037058458375602676	0.030316173071141206
4,7,16	-0.006382303413316859	0.008484546852022599	0.45191747827846673	-0.040072026103911584	0.027307419277277867
4,8,9	-0.009308740341288868	0.008482497638215377	0.2724682949955867	-0.042990326186616176	0.02437284550403844
4,8,10	-0.053490638027318016	0.008485103142250367	2.918392969298943e-10	-0.08718256958820786	-0.019798706466428173
4,8,11	0.0918930101669255	0.00848603034763808	2.658299856763772e-27	0.05819739693712227	0.12558862339672872
4,8,12	0.014051201100856232	0.00848253319606024	0.09762829653908117	-0.019630525934560987	0.04773292813627345
4,8,13	-0.01124204080993315	0.008482388063385665	0.18506346884773017	-0.04492319156477286	0.02243910994490656
4,8,14	0.0038346023549040015	0.008482250503526028	0.651217436311323	-0.029846002188852742	0.037515206898660745
4,8,15	-0.006377809481087293	0.008482337415843253	0.45211824306390513	-0.04005875912893938	0.027303140166764793
4,8,16	0.010384050892885632	0.008482751147112277	0.22090503580133167	-0.02329854156417771	0.044066643349948975
4,9,10	0.00810250452394802	0.008484003141871923	0.33956455525577933	-0.025585059248260156	0.041790068296156196
4,9,11	0.031753337330922005	0.00848502328323746	0.00018251844245641512	-0.0019382771325381146	0.06544495179438212
4,9,12	0.004276298281186058	0.008482053361226802	0.6141518356674486	-0.02940352346656433	0.037956120028936446
4,9,13	0.007088319406378989	0.008482056298835824	0.4033358013181172	-0.02659151400578142	0.0407681528185394
4,9,14	-0.006151096457611804	0.008482043823718567	0.4683379274605436	-0.039830880334629296	0.027528687419405687
4,9,15	-0.0010945081101386145	0.00848200181610544	0.8973272843121451	-0.03477412518687061	0.03258510896659338
4,9,16	-0.009382735486135163	0.008482155686738354	0.2686556430374004	-0.04306296353939231	0.024297492567121985
4,10,11	0.02642522103267661	0.008488582178027669	0.0018525874481974819	-0.007280524789907129	0.06013096685526035
4,10,12	-0.011557570648966897	0.008484175481448038	0.1731237405735416	-0.04524581873262142	0.022130677434687628
4,10,13	0.01742396478843833	0.008484026452889716	0.040005176853185116	-0.01626369154519225	0.051111621122068907
4,10,14	0.0039756009922651825	0.008483962497786882	0.6393558250127593	-0.029711801393839776	0.03766300337837014
4,10,15	0.008282143794088814	0.008483957483602068	0.3289629827237259	-0.025405238682114195	0.041969526270291824
4,10,16	-0.022009744158565492	0.00848449015442525	0.009485652357561472	-0.05569924171912496	0.011679753401993974
4,11,12	0.05208781349296332	0.008485225409426868	8.371804789322171e-10	0.01839539644388627	0.08578023054204037
4,11,13	-0.01816545174571936	0.008485056401097547	0.03228785612002491	-0.05185719771078373	0.01552629421934501
4,11,14	0.009535894200765865	0.008484953299371224	0.2610769458237362	-0.02415544237666363	0.04322723077819536
4,11,15	0.02572884477374547	0.00848503854038489	0.0024282782896100667	-0.007962830271508216	0.05942051981899916
4,11,16	0.016489536311073583	0.008485499451924845	0.051989102462160056	-0.017203968882829976	0.05018304150497714
4,12,13	0.013193236460790417	0.008482064251827303	0.11984926369834703	-0.020486628530437465	0.0468731014520183
4,12,14	-0.008044801431860357	0.00848194310574688	0.34289787914790437	-0.04172418538645473	0.02563458252273402
4,12,15	0.0054956741410404596	0.008482004356795353	0.517037980623468	-0.02818395302404866	0.039175301306129576
4,12,16	0.018362050806507185	0.008482238062644566	0.03040941435697361	-0.015318504338047247	0.05204260595106162
4,13,14	-0.011562821388616334	0.008482025462680903	0.17281970842207908	-0.045242532359174824	0.022116889581942155
4,13,15	-0.0066943410997618025	0.008481944453485695	0.4299711651710397	-0.04037373040584374	0.026985048206320132
4,13,16	-0.007918901448669247	0.00848214889412751	0.3505158112151343	-0.04159910253040044	0.025761299633061945
4,14,15	0.0016224738739133437	0.008481893835241889	0.8483015564232335	-0.03205671444151739	0.03530166218934408
4,14,16	-0.00623095040144761	0.008482110863743418	0.46258644474561295	-0.039911000475338756	0.027449099672443536
4,15,16	-0.01316168940936907	0.008482198783524613	0.12074291782875161	-0.046842088587708476	0.020518709768970335
5,6,7	0.008995573173297536	0.008483567503102004	0.2889882374085372	-0.024690260801243445	0.04268140714783852
5,6,8	-0.0009392741627726742	0.008482249305421786	0.9118275621132318	-0.034619873949198195	0.032741325623652846
5,6,9	0.0034182282378809603	0.008482074951312804	0.6869537426496748	-0.030261679237961095	0.037098135713723016
5,6,10	0.03087734198159836	0.008483364007971792	0.00027311725835577744	-0.0028076839716510496	0.06456236793484776
5,6,11	0.005285138357961794	0.008485090856076287	0.5333698831308779	-0.02840674441802475	0.03897702113394834
5,6,12	0.012706228083617488	0.00848216162043227	0.13413975774018586	-0.02097402353065076	0.04638647969788574
5,6,13	-0.013211894561257348	0.008482020281037199	0.11932470366575593	-0.04689158495698226	0.02046779583446756
5,6,14	0.004879347225180963	0.008481876161362374	0.5651124755107351	-0.02879977091230037	0.038558465362662296
5,6,15	0.003560816547836909	0.008482033771644675	0.6746279243362372	-0.030118927415253793	0.03724056051092761
5,6,16	0.0030645139839767938	0.008482062365771046	0.7178812566756205	-0.03061534351825805	0.03674437148621164
5,7,8	-0.0880267294598259	0.00848414111327508	3.359694041731233e-25	-0.12171484107723932	-0.05433861784241247
5,7,9	-0.007805803049573179	0.008483595375296365	0.35752111122174834	-0.0414917476966716	0.02588014159752524
5,7,10	-0.011717655541528635	0.008486203992205297	0.1673487678956643	-0.045413958264526766	0.021978647181469496
5,7,11	-0.2998271829051399	0.008487969197996966	1.091357211432677e-270	-0.3335304947583426	-0.26612387105193713
5,7,12	-0.015518064869076947	0.008483554947549475	0.0673752938482893	-0.04920384898908942	0.018167719250935528
5,7,13	0.0013008296405738334	0.008483467252564604	0.8781329908723656	-0.03238460626759266	0.034986265548740327
5,7,14	0.006527140546591481	0.008483424645161159	0.44165919892701877	-0.027158126179692738	0.0402124072728757
5,7,15	-0.00548750307547545	0.008483450554663404	0.5177326592853946	-0.039172872681024866	0.028197866530073966
5,7,16	-0.024604531799120657	0.008483653183489467	0.003730188221411665	-0.05829070598611423	0.009081642387872915
5,8,9	0.024118184582617747	0.008482355164272867	0.004465825825609975	-0.009562835539200981	0.057799204704436474
5,8,10	0.08709905866678916	0.008483971719216216	1.0451189534782861e-24	0.053411619665010734	0.12078649766856758
5,8,11	-0.32592295730772364	0.008485815766369462	0.0	-0.3596177184963324	-0.2922281961191149
5,8,12	0.02518990579426536	0.008482350031716528	0.0029821696816801782	-0.008491093947631763	0.058870905536162484
5,8,13	-0.007251911094124652	0.008482275381224843	0.3925827255006724	-0.0409326144201486	0.026428792231899298
5,8,14	-0.0016851274692856189	0.008482125130596214	0.8425230354409626	-0.03536523419279197	0.031994979254220735
5,8,15	0.014218494806503293	0.008482159848434007	0.09368782824844722	-0.019461749771663782	0.04789873938467037
5,8,16	-0.0006391762393006331	0.008482417063646212	0.9399340284871541	-0.034320442145927804	0.03304208966732654
5,9,10	-0.0020215786671987923	0.008483338158724492	0.8116492655439606	-0.03570650198043826	0.031663344646040675
5,9,11	-0.09871799945839817	0.008485085682879069	2.9679266827708437e-31	-0.13240986169308971	-0.0650261372237066
5,9,12	0.016504241814772252	0.00848217303506231	0.05168842739892668	-0.01717605512374576	0.050184538753290264
5,9,13	0.0025096996658321297	0.008482128975677823	0.7673220323458784	-0.03117042232539982	0.03618982165706408
5,9,14	-0.00044116440098657117	0.008482008939197391	0.9585194690839346	-0.034120809761491025	0.03323848095951788
5,9,15	0.00048757454331103955	0.008482031671662591	0.9541604487701727	-0.033192161081348	0.03416731016797008
5,9,16	-0.006485823079307812	0.008482092272476786	0.4444834474009002	-0.0401657993325662	0.027194153173950575
5,10,11	-0.5086296156577056	0.008486937034638391	0.0	-0.5423288290837409	-0.47493040223167027
5,10,12	0.0010366531660514142	0.008483466386827747	0.9027434804405225	-0.03264877930452022	0.034722085636623046
5,10,13	-0.013929597305024577	0.008483235622703894	0.10059192089743797	-0.047614113476885725	0.01975491886683657
5,10,14	-0.005298698320946357	0.008483198125856807	0.5322286865467445	-0.03898306560349118	0.028385668961598463
5,10,15	-0.01933269566134818	0.008483175517409805	0.022673604984003004	-0.05301697317217941	0.014351581849483049
5,10,16	0.0038502265966331994	0.008483433930502712	0.6499366395472246	-0.029835076999101734	0.03753553019236813
5,11,12	-0.0521399824390605	0.008485191829477897	8.052840672964287e-10	-0.08583226615170975	-0.01844769872641125
5,11,13	0.01418778385669861	0.008485035825581123	0.09451057075015717	-0.019503880408841365	0.047879448122238585
5,11,14	-0.014149906136223342	0.008484875146601303	0.09538772470525496	-0.04784093239122878	0.019541120118782097
5,11,15	0.008144486359212895	0.008485029403520911	0.3371266069839033	-0.025547152406152303	0.04183612512457809
5,11,16	-0.08136088956362542	0.008485337953989498	9.254707874229895e-22	-0.11505375349515494	-0.04766802563209589
5,12,13	-0.013812701276892242	0.008481966812327088	0.10342841240581874	-0.04749217936357488	0.019866776809790397
5,12,14	0.0028622908559716997	0.008481976538859381	0.7357745603681001	-0.030817225852004616	0.036541807563948016
5,12,15	-0.006649366777045852	0.00848200829389427	0.43307954501800405	-0.04032900957523512	0.027030276021143423
5,12,16	-0.0022822660295494512	0.00848217409313937	0.7878796441517719	-0.03596256716939057	0.03139803511029167
5,13,14	0.0018099663185311907	0.008481927249986403	0.8310227424121378	-0.03186935467734744	0.03548928731440982
5,13,15	0.004000759299911158	0.008481972282325053	0.6371583001209564	-0.029678740506577823	0.03768025910640014
5,13,16	-0.014171721660596673	0.008481938946160996	0.0947638362750581	-0.04785108909865842	0.019507645777465075
5,14,15	0.002456947811117112	0.00848183518000301	0.7720683375809985	-0.03122200760104058	0.036135903223274805
5,14,16	0.0010398437972881092	0.008481990467154796	0.9024287460524991	-0.03263972821598833	0.03471941581056455
5,15,16	-0.004828292690476882	0.008482151548568349	0.5692022740756555	-0.03850850431223777	0.028851918931284005
6,7,8	-0.008636242842449668	0.008482196495999341	0.30860526668511395	-0.04231663293767675	0.025044147252777413
6,7,9	-0.007126184559577781	0.008481916822109224	0.4008207036244532	-0.04080546414932163	0.02655309503016607
6,7,10	-0.013045679194385762	0.008483716600445983	0.12411923807384162	-0.046732105192078974	0.02064074680330745
6,7,11	0.0042952599063549035	0.00848498773043976	0.6127048507306683	-0.02939621338705615	0.037986733199765955
6,7,12	-4.419669014742167e-05	0.008481956472606923	0.9958425207332421	-0.03372363372074172	0.033635240340446876
6,7,13	-0.012083295579766146	0.00848179235898229	0.15427320303600603	-0.045762080961828114	0.021595489802295822
6,7,14	-6.855650385099998e-05	0.008481776875538185	0.9935509545208867	-0.03374728040555965	0.03361016739785765
6,7,15	0.01166050357579948	0.008481809593703576	0.16920885256421467	-0.022018350240439452	0.04533935739203841
6,7,16	0.010685801678546908	0.008481856982828804	0.20773091370431673	-0.022993240306431656	0.04436484366352547
6,8,9	-0.008450361900905895	0.00848160789506871	0.3191004176424532	-0.04212841482922539	0.025227691027413603
6,8,10	-0.017689439998738773	0.00848248988924555	0.03703639901090051	-0.051370995075110566	0.01599211507763302
6,8,11	-0.0025092605032034226	0.008483552731337952	0.7673994909055304	-0.03619503582327019	0.031176514816863343
6,8,12	-0.0014141741648757283	0.008481581399269992	0.8675793106220059	-0.035092121885913465	0.03226377355616201
6,8,13	0.0043531373287654385	0.008481581903467017	0.6077810934947484	-0.029324812394295297	0.03803108705182617
6,8,14	-0.005428685662659444	0.008481444940682587	0.5221319171764895	-0.03910609154545306	0.028248720220134173
6,8,15	-0.002918595090479148	0.00848149866494336	0.7307623460051318	-0.036596214297034045	0.03075902411607575
6,8,16	-0.010632557850152172	0.008481594754411794	0.20999073573967844	-0.04431055860066003	0.023045442900355685
6,9,10	-0.00612775831750878	0.008482192028629727	0.47003510554703265	-0.039808130674081565	0.027552614039064005
6,9,11	-0.0015785193377207893	0.008482969982981798	0.8523818548555178	-0.03526198072978885	0.032104942054347274
6,9,12	-0.0022357000041956995	0.008481476565941361	0.7920905791044569	-0.03591323146189823	0.03144183145350683
6,9,13	0.0017549642137452692	0.008481402193685891	0.8360736940312617	-0.031922271932880976	0.035432200360371514
6,9,14	-0.005036770992070394	0.008481330114539677	0.5526040633631092	-0.038713720932905094	0.028640178948764305
6,9,15	0.0009605303010342021	0.008481417261863846	0.9098317989908529	-0.03271676567704157	0.03463782627910998
6,9,16	0.00018826687895870386	0.008481383647056041	0.9822903531948961	-0.033488895624274755	0.03386542938219216
6,10,11	-0.002755526035304337	0.008485262852784087	0.7453769864979181	-0.03644809176130466	0.030937039690695986
6,10,12	-0.009421344902051779	0.008482334045186675	0.2667008750774159	-0.04310228116598514	0.024259591361881584
6,10,13	0.0024047956545042715	0.00848213869583114	0.7767846271793011	-0.03127536493269225	0.03608495624170079
6,10,14	0.0005796923473448956	0.008482079166367758	0.9455126592690446	-0.033100231865281694	0.034259616559971486
6,10,15	-0.007432152571211867	0.00848201606442322	0.38091117092612736	-0.0411118262239618	0.026247521081538064
6,10,16	0.007019005895649966	0.008482128439846092	0.40795385467263634	-0.026661113967946556	0.04069912575924649
6,11,12	-0.008600233442220828	0.008483097050633347	0.3106781427974759	-0.042284199383797336	0.02508373249935568
6,11,13	-0.0003908791447780266	0.008483013568423145	0.9632483343252694	-0.034074513602238725	0.03329275531268267
6,11,14	-0.004848267628933478	0.008482902377840872	0.5676397044399848	-0.03853146058021266	0.028834925322345703
6,11,15	0.0035328299329350082	0.008482935471535995	0.6770725438794538	-0.030150494423996227	0.03721615428986624
6,11,16	-0.008546056415947273	0.00848313534966035	0.31373817380376184	-0.04223017443206843	0.025138061600173886
6,12,13	-0.0015836987816572508	0.00848145298530042	0.8518768994205345	-0.03526113660734054	0.03209373904402603
6,12,14	0.0055174545860652985	0.008481435940965286	0.5153503012894388	-0.02815991556141028	0.03919482473354088
6,12,15	0.0028611757870892485	0.008481450505106068	0.7358578795810519	-0.030816252190447584	0.03653860376462608
6,12,16	0.00417029058161867	0.008481499078403919	0.6229383506959774	-0.029507330266670524	0.037847911429907864
6,13,14	0.0010055722764744923	0.008481390219066532	0.9056225900867503	-0.03267161632234366	0.034682760875292644
6,13,15	0.0037008617208902778	0.008481355484360938	0.6625823912780149	-0.02997618895628991	0.037377912398070465
6,13,16	0.0004213007944866842	0.008481390154315876	0.9603826874013255	-0.03325588754722503	0.034098489136198395
6,14,15	-0.008770976634336777	0.008481364487956918	0.3010714441219872	-0.042448063062236134	0.02490610979356258
6,14,16	0.01571360557569429	0.008481317669142322	0.06392547354583292	-0.017963294948006768	0.04939050609939535
6,15,16	0.004272795902854232	0.008481449397444895	0.614416794297971	-0.029404627676475087	0.03795021948218355
7,8,9	0.01813130687961209	0.00848238025435196	0.03255905817786713	-0.015549812867775535	0.05181242662699972
7,8,10	-0.08157990229132582	0.008484750972166482	7.160593814962594e-22	-0.11527043548496366	-0.04788936909768799
7,8,11	0.15020990915129112	0.008485816464878887	6.040956571014418e-70	0.11651514518910008	0.18390467311348216
7,8,12	-0.05982761831029457	0.008482321084344257	1.7661376336271996e-12	-0.09350850311040854	-0.026146733510180604
7,8,13	0.0049001312704034725	0.0084822322775282	0.5634730533339454	-0.02878040090309905	0.038580663443905996
7,8,14	-0.00017027335452607373	0.008482153573546388	0.9839841592160394	-0.03385049301689888	0.03350994630784673
7,8,15	-0.02253579210354565	0.008482154769753975	0.007889484227765354	-0.05621601651571861	0.011144432308627307
7,8,16	-0.0033352099191959056	0.00848250130662624	0.6941826327105312	-0.037016810330739516	0.030346390492347705
7,9,10	-0.12251033833909938	0.008483781068890936	3.4178494466155033e-47	-0.15619702032265378	-0.08882365635554498
7,9,11	0.038027884613895085	0.008485077742331712	7.4167343117407194e-06	0.004336053908858925	0.07171971531893125
7,9,12	-0.014224907843178418	0.008481999720072977	0.09353370735597986	-0.047904516597161585	0.01945470091080475
7,9,13	-0.004286430567515896	0.008481948667934844	0.6133083440052641	-0.03796583660797689	0.029392975472945095
7,9,14	0.001120842405059802	0.008481880383599996	0.8948696191607831	-0.03255829249772639	0.034799977307845995
7,9,15	0.015407150265251801	0.008481850356046266	0.06930079006917085	-0.01827186540665785	0.049086165937161454
7,9,16	0.0027278902753836154	0.008482020861816847	0.7477503390844172	-0.03095180242645211	0.03640758297721934
7,10,11	-0.4077063608077407	0.008488756437573965	0.0	-0.44141279856542637	-0.373999923050055
7,10,12	-0.03595254517663435	0.008483901562824102	2.2610227620615805e-05	-0.06963970560733096	-0.0022653847459377374
7,10,13	0.010114161787816954	0.008483673508622468	0.23319070123195532	-0.023572093104499647	0.043800416680133555
7,10,14	-0.010170414767886403	0.008483657304131555	0.2306007383220636	-0.04385660531677787	0.023515775781005062
7,10,15	-0.03360862817580247	0.00848355265833889	7.45236527060372e-05	-0.06729440320601073	7.71468544057824e-05
7,10,16	-0.026995432667744318	0.00848412800840936	0.0014639555842297278	-0.06068349224946277	0.006692626913974133
7,11,12	-0.009319840800202928	0.008485087930590978	0.27204327870660705	-0.04301171195991927	0.024372030359513415
7,11,13	0.001168873849454688	0.008484929125525977	0.8904314656619248	-0.032522366740509956	0.03486011443941933
7,11,14	-0.013930316654135869	0.008484903270605087	0.10064124176699983	-0.047621454581562354	0.019760821273290617
7,11,15	-0.00941023334855777	0.008484875249023867	0.26740862480034805	-0.043101260010254085	0.024280793313138545
7,11,16	-0.07363256576203162	0.008485354655141187	4.13554720555687e-18	-0.10732549600908498	-0.039939635514978256
7,12,13	-0.006068652190508603	0.00848187697911539	0.47431229855453416	-0.03974777357505461	0.027610469194037403
7,12,14	-0.012623135813331257	0.008481826335927218	0.13668815024606099	-0.04630205610817908	0.021055784481516564
7,12,15	0.027828472575695713	0.008481780005984116	0.0010350624702778735	-0.005850263756123485	0.06150720890751491
7,12,16	0.023524880131444804	0.00848195473484946	0.005546944194441521	-0.010154549999008798	0.05720431026189841
7,13,14	0.004580719679773651	0.008481914322037824	0.5891594179698738	-0.029098549982897653	0.038259989342444956
7,13,15	0.017947815385068344	0.008481798426008396	0.0343453837298964	-0.01573099408742893	0.05162662485756562
7,13,16	-0.01413750539850922	0.008481959883888671	0.0955644006807205	-0.04781695597433323	0.019541945177314793
7,14,15	0.00590864299713989	0.008481718796711536	0.48603521392054727	-0.027769850290064756	0.039587136284344536
7,14,16	0.0054081994226971575	0.008481892029746828	0.5237252606914915	-0.028270981723626146	0.03908738056902046
7,15,16	0.006725103552669358	0.008481967054872747	0.4278560973333001	-0.02695437549709312	0.040404582602431835
8,9,10	-0.07524135971824397	0.008482563521989393	7.491571099342349e-19	-0.10892320716930168	-0.04155951226718626
8,9,11	0.012544526147053675	0.008483654822399881	0.13923349000854646	-0.021141654547587076	0.046230706841694426
8,9,12	0.04637983395319614	0.008481659271676678	4.562100072118582e-08	0.012701577022977022	0.08005809088341526
8,9,13	0.002214612784835021	0.008481626518158376	0.7940107748328343	-0.03146351409047746	0.0358927396601475
8,9,14	-0.011624373883946396	0.008481560286169249	0.1705211780581372	-0.045302237770865283	0.022053490002972492
8,9,15	0.026638851783889306	0.008481522418147215	0.0016855856215056307	-0.007038861739883093	0.060316565307661704
8,9,16	-0.01640121235686437	0.008481608095915468	0.05314972653580581	-0.05007926608268923	0.01727684136896049
8,10,11	-0.5359413416098789	0.008486043727454139	0.0	-0.5696370079671268	-0.5022456752526311
8,10,12	0.04198885549992692	0.008482655938002938	7.441648411874526e-07	0.008306641091160936	0.0756710699086929
8,10,13	0.008801634914843065	0.00848240674752041	0.29944436729172763	-0.024879590029382274	0.042482859859068405
8,10,14	0.00420929958569153	0.00848239921363893	0.6197273274593706	-0.029471895443632955	0.037890494615016014
8,10,15	-0.013139029641397876	0.008482353491163015	0.12139055983295477	-0.04682004311977318	0.02054198383697743
8,10,16	0.05605699311816634	0.008482705077008377	3.915942594634267e-11	0.02237458359238404	0.08973940264394864
8,11,12	-0.03616047990799841	0.008483713001630417	2.0258787359570786e-05	-0.06984689161581845	-0.00247406820017837
8,11,13	-0.007770960979826068	0.008483570125282903	0.3596697121510839	-0.0414568053663017	0.02591488340664956
8,11,14	-0.006792255959521404	0.008483478831344336	0.4233401178320946	-0.040477737843729406	0.026893225924686598
8,11,15	0.028119868429782507	0.008483481857716812	0.0009180564213625632	-0.005565625471289942	0.06180536233085496
8,11,16	-0.09650382258117876	0.00848375126526065	5.946417345003605e-30	-0.13019038622299295	-0.06281725893936459
8,12,13	0.011879680331682331	0.00848155779287702	0.1613241313611462	-0.021798173655082166	0.04555753431844683
8,12,14	0.0005115821582831193	0.008481551206174394	0.9519033117648117	-0.03316624567455839	0.03418940999112463
8,12,15	-0.0033276331107642693	0.008481476339532293	0.6948073996005673	-0.03700516366946078	0.03034989744793224
8,12,16	-0.013779122910383426	0.008481697989820122	0.10425890946538323	-0.047457533579339385	0.019899287758572533
8,13,14	0.007380565894711429	0.008481594183162971	0.3842019689146642	-0.026297432587529812	0.04105856437695267
8,13,15	-0.008166417430570332	0.00848155943132813	0.33562955542216477	-0.04184427792315824	0.02551144306201758
8,13,16	0.027615683606873817	0.00848158807474621	0.0011307023213176282	-0.006062290620581584	0.06129365783432922
8,14,15	-0.007339425754108508	0.008481437549314729	0.3868490964507555	-0.04101680228788234	0.026337950779665324
8,14,16	-0.00611259169379362	0.008481597734686866	0.47110371816882657	-0.03979060427812625	0.02756542089053901
8,15,16	-0.015046874878981376	0.00848158471959466	0.07605734478243444	-0.048724835784084125	0.018631086026121374
9,10,11	-0.04293188182634952	0.00848533854623741	4.214464482070796e-07	-0.07662474810952707	-0.009239015543171969
9,10,12	-0.044007597066690274	0.008482303383541851	2.1302692476784384e-07	-0.0776884115819517	-0.01032678255142886
9,10,13	0.004818397251141415	0.008482139400889823	0.569993584592507	-0.028861766135642633	0.038498560637925464
9,10,14	0.007082185069713087	0.00848214196006275	0.4037476348244544	-0.02659798847881887	0.040762358618245044
9,10,15	-0.019689729320668536	0.008482055261393463	0.02027168326996532	-0.05336955861344036	0.013990099972103286
9,10,16	-0.021558155461034484	0.008482143289353702	0.011037219002144875	-0.05523833428780278	0.012122023365733814
9,11,12	-0.012892722657929956	0.008483116258163845	0.12856378529105758	-0.046576764867147784	0.020791319551287872
9,11,13	-0.002205434565208303	0.008483082181484062	0.7948797845661415	-0.03588934146562153	0.03147847233520493
9,11,14	-0.0032461429286348015	0.00848307178362247	0.7019722247204072	-0.036930008542096625	0.030437722684827022
9,11,15	-0.01362332008400996	0.008483062904975055	0.10829129223912104	-0.04730715044288783	0.02006051027486791
9,11,16	-0.014875085546097178	0.008483111403483528	0.07952206496008035	-0.048559108478760056	0.0188089373865657
9,12,13	-0.0001753505107944392	0.008481433241116061	0.9835052704684468	-0.033852709937936536	0.03350200891634766
9,12,14	0.011456629776195187	0.00848142806753379	0.17676747095231013	-0.022220709108122995	0.04513396866051337
9,12,15	0.010366555852659776	0.008481350895812598	0.22160762530069364	-0.023310476604699856	0.04404358831001941
9,12,16	0.01617008747556764	0.008481407788506173	0.05658554578120629	-0.017507170886498877	0.04984734583763416
9,13,14	0.01639461036113221	0.008481467558816548	0.05324160700870684	-0.017282885331839158	0.05007210605410358
9,13,15	0.012358650440737848	0.008481497309993046	0.1450852439144565	-0.021318963385694674	0.04603626426717037
9,13,16	-0.002746101222744289	0.00848142131905875	0.746106859888997	-0.03642341331078723	0.030931210865298653
9,14,15	0.008327286080886023	0.008481432903093725	0.3261896264291825	-0.025350072004065506	0.04200464416583755
9,14,16	0.012927521056495223	0.008481466106206143	0.1274616689941614	-0.020749968868573325	0.04660501098156377
9,15,16	-0.016497131310015567	0.008481450122036648	0.0517693039857388	-0.050174557766492676	0.017180295146461542
10,11,12	-0.16639329203340997	0.0084855138352985	2.3169089751912274e-85	-0.20008685433959994	-0.13269972972722
10,11,13	-0.007646380107116962	0.008485273464390928	0.36751976560979416	-0.04133898796879029	0.026046227754556367
10,11,14	-0.009837611500857657	0.008485212946229637	0.24630447312905995	-0.043529979062122824	0.02385475606040751
10,11,15	-0.0013177225175813878	0.008485238191538841	0.8765885588641167	-0.03501019032079007	0.032374745285627296
10,11,16	-0.12979186591838013	0.008485603982648186	1.0172543401933057e-52	-0.16348578617405934	-0.09609794566270091
10,12,13	0.002938528414275582	0.008482129441187373	0.7290150341796524	-0.0307415954253624	0.036618652253913565
10,12,14	0.013172169762290381	0.008482201348043075	0.12044752768854522	-0.02050823959902253	0.04685257912360329
10,12,15	-0.03717592198586478	0.00848215562936746	1.1733056541833367e-05	-0.07085614981131844	-0.0034956941604111294
10,12,16	0.01494828849080762	0.008482399388846991	0.07802829520389529	-0.01873290723421825	0.04862948421583349
10,13,14	0.0060690095767814145	0.008482131098998213	0.474299513248035	-0.027611120845551965	0.039749139999114794
10,13,15	-0.014637457515158686	0.00848198843862513	0.08440435578302244	-0.0483170214737207	0.01904210644340333
10,13,16	0.011190243469882497	0.008482153456952059	0.18708390512074885	-0.022489975729527385	0.04487046266929238
10,14,15	-0.008657344361480232	0.008481947778195144	0.307410529175826	-0.0423367468690379	0.025022058146077435
10,14,16	0.002243237173317064	0.008482131102351005	0.7914215479231772	-0.0314368932623293	0.035923367608963426
10,15,16	0.00964381473782644	0.008482238296315102	0.25556673985774414	-0.024036741334567242	0.04332437081022012
11,12,13	-0.010977174597404972	0.008483062088579053	0.19566637470708484	-0.04466100171460649	0.022706652519796547
11,12,14	-0.010612246994420482	0.008482984206705737	0.21093763890262884	-0.04429576486485132	0.023071270876010352
11,12,15	0.025455252730595554	0.008483005810685494	0.00269433444058414	-0.008228350923095103	0.05913885638428621
11,12,16	-0.008020192733890541	0.008483273357378422	0.34445191975357925	-0.041704858739413146	0.025664473271632064
11,13,14	0.016286430667618507	0.008483033277357692	0.05487716909331534	-0.017397282048416396	0.04997014338365341
11,13,15	-0.0044027273740255835	0.00848293704996185	0.603755724782344	-0.03808605799843701	0.029280603250385846
11,13,16	0.012941567604687287	0.008483136972281025	0.1271234905804132	-0.02074255685439913	0.046625692063773705
11,14,15	0.009426180856994676	0.00848293720801026	0.26648947368132014	-0.02425715039498204	0.04310951210897139
11,14,16	-0.0067296295037783255	0.0084830883847278	0.42760633330465103	-0.04041356103550834	0.02695430202795169
11,15,16	-0.049904813055498765	0.008483203442701393	4.054508403751714e-09	-0.08358920144972141	-0.016220424661276114
12,13,14	0.012925116882002291	0.008481396517850494	0.12752934791222795	-0.020752096727495707	0.04660233049150029
12,13,15	0.009875452586912786	0.008481334247049447	0.24427649935625706	-0.023801513762942993	0.04355241893676856
12,13,16	-0.005957074527759995	0.008481444034158622	0.4824537692859374	-0.039634476811004744	0.027720327755484754
12,14,15	-0.004790170370220212	0.008481332770401409	0.5722187319602317	-0.03846713085672657	0.028886790116286143
12,14,16	0.01474137951840132	0.00848139663849445	0.08220087115955833	-0.018935834570139518	0.04841859360694216
12,15,16	-0.011353908115090405	0.00848160812691784	0.18068930689381965	-0.04503196196401687	0.022324145733836058
13,14,15	-0.01386968254472612	0.008481411259922939	0.10199037561350012	-0.047546954690801405	0.019807589601349165
13,14,16	0.014223506209498665	0.008481400172447947	0.0935428403083701	-0.01945372191136651	0.04790073433036384
13,15,16	-0.10785503834949851	0.008481377514225336	5.3010566337593835e-37	-0.1415321765010053	-0.07417790019799173
14,15,16	0.0014508512053550415	0.00848139515573475	0.8641749312948029	-0.0322263569955687	0.035128059406278785
